# %ECSV 1.0
# ---
# datatype:
# - {name: mx, unit: MeV, datatype: float64}
# - {name: sigma_6, unit: cm2, datatype: float64}
# schema: astropy-2.0
mx sigma_6
3.162277660168379e-07 7.782201458187043e-39
3.2360111549336787e-07 8.309883196379427e-39
3.311463862505236e-07 8.87449028719564e-39
3.388675869043115e-07 9.478639483954459e-39
3.4676881953794695e-07 1.0125133870931246e-38
3.548542818811901e-07 1.0816976091486125e-38
3.6312826954049566e-07 1.1557382780727219e-38
3.715951782811629e-07 1.234980017583761e-38
3.8025950636269697e-07 1.319792070246723e-38
3.89125856928623e-07 1.4105700401794518e-38
3.9819894045202297e-07 1.5077377382591257e-38
4.0748357723809307e-07 1.6117491776757753e-38
4.169846999850535e-07 1.7230907587871853e-38
4.2670735640476865e-07 1.8422836343002546e-38
4.3665671190447213e-07 1.9698862093927396e-38
4.4683805233101997e-07 2.106496760692321e-38
4.572567867791303e-07 2.2527562341650917e-38
4.6791845046510194e-07 2.4093513098407315e-38
4.788287076675383e-07 2.5770177444947137e-38
4.899933547366384e-07 2.7565439115872597e-38
5.014183231736547e-07 2.948774498218624e-38
5.131096827821533e-07 3.154614465609867e-38
5.250736448927506e-07 3.375033408711708e-38
5.373165656630395e-07 3.6110702758559995e-38
5.4984494945446e-07 3.8638383035370613e-38
5.626654522879044e-07 4.1345302147199867e-38
5.757848853798981e-07 4.424423918365318e-38
5.892102187612295e-07 4.734888738224525e-38
6.029485849799565e-07 5.067391939333924e-38
6.17007282890752e-07 5.423505584520642e-38
6.313937815326057e-07 5.804914071828887e-38
6.461157240969403e-07 6.213422333693675e-38
6.611809319882495e-07 6.650964367443614e-38
6.765974089794179e-07 7.119612328173263e-38
6.923733454639272e-07 7.62158658821664e-38
7.085171228072106e-07 8.159266403555015e-38
7.250373177994646e-07 8.735201054544418e-38
7.419427072122865e-07 9.352122115298209e-38
7.592422724615558e-07 1.0012956664747553e-37
7.769452043790388e-07 1.0720841019135378e-37
7.950609080952509e-07 1.1479135783460877e-37
8.135990080361694e-07 1.2291442095694498e-37
8.325693530364543e-07 1.316161853990093e-37
8.519820215718901e-07 1.4093799739179577e-37
8.718473271138315e-07 1.5092416205008199e-37
8.921758236084957e-07 1.616221521574715e-37
9.12978311084014e-07 1.7308283823948555e-37
9.342658413882192e-07 1.8536072967053478e-37
9.560497240602198e-07 1.985142350881777e-37
9.78341532338879e-07 2.1260594352618115e-37
1.0011531093113902e-06 2.2770292026622076e-37
1.0244965742052174e-06 2.4387703105514756e-37
1.048384328826741e-06 2.612052821076921e-37
1.0728290641500308e-06 2.7977019102274215e-37
1.0978437670592484e-06 2.9966017904429373e-37
1.1234417272482566e-06 3.209699952087289e-37
1.149636544281106e-06 3.438011681759088e-37
1.1764421348171486e-06 3.682624923986472e-37
1.2038727400046132e-06 3.944705472929474e-37
1.2319429330465773e-06 4.2255025567494594e-37
1.2606676269433496e-06 4.526354793553198e-37
1.2900620824153782e-06 4.84869661189308e-37
1.3201419160108953e-06 5.19406508252056e-37
1.3509231084026028e-06 5.564107294085781e-37
1.38242201287781e-06 5.960588203863209e-37
1.4146553640265304e-06 6.385399089733914e-37
1.447640286632156e-06 6.840566592728525e-37
1.4813943047694329e-06 7.328262393629068e-37
1.5159353511145682e-06 7.850813612995618e-37
1.5512817764724183e-06 8.410713928720576e-37
1.587452359525819e-06 9.010635494891385e-37
1.6244663168122348e-06 9.653441728867516e-37
1.6623433129330315e-06 1.0342200998283244e-36
1.7011034710007933e-06 1.1080201287620325e-36
1.740767383330235e-06 1.187096592459769e-36
1.7813561223783898e-06 1.2718270429366355e-36
1.8228912519398869e-06 1.3626160565030876e-36
1.8653948386032614e-06 1.4598971682186671e-36
1.908889463474389e-06 1.5641349450795827e-36
1.9533982341732686e-06 1.675827207588639e-36
1.9989447971105317e-06 1.7955074102518267e-36
2.045553350050195e-06 1.9237471924638194e-36
2.0932486549653353e-06 2.0611591120367387e-36
2.1420560511935146e-06 2.2083995744431184e-36
2.192001468898943e-06 2.3661719717639426e-36
2.2431114428485372e-06 2.5352300463451944e-36
2.2954131265091837e-06 2.7163814952497093e-36
2.3489343064737076e-06 2.9104918327440068e-36
2.403703417223201e-06 3.11848852929154e-36
2.4597495562335635e-06 3.341365446849854e-36
2.5171024994342686e-06 3.580187591674572e-36
2.575792717027583e-06 3.8360962073674256e-36
2.635851389676631e-06 4.110314232539803e-36
2.6973104250709106e-06 4.404152149209982e-36
2.760202474878063e-06 4.719014249860414e-36
2.8245609520908932e-06 5.056405353014753e-36
2.8904200487788716e-06 5.4179379995263005e-36
2.9578147542535346e-06 5.8053401643584245e-36
3.026780873657441e-06 6.220463520420972e-36
3.097355046986562e-06 6.665292293252927e-36
3.1695747685562034e-06 7.141952750332073e-36
3.2434784069208122e-06 7.652723369899207e-36
3.319105225258239e-06 8.200045736328567e-36
3.3964954022292982e-06 8.786536217507114e-36
3.4756900533236943e-06 9.414998475953373e-36
3.5567312527036693e-06 1.0088436877625593e-35
3.6396620555569646e-06 1.081007085854929e-35
3.7245265209709786e-06 1.158335032188043e-35
3.811369735340273e-06 1.2411972135362924e-35
3.900237836319859e-06 1.3299897810787633e-35
3.991178037336996e-06 1.4251372448915054e-35
4.0842386526745176e-06 1.5270945039987104e-35
4.179469123139017e-06 1.6363490217734603e-35
4.2769200423275275e-06 1.7534231570613658e-35
4.376643183506652e-06 1.8788766621550273e-35
4.478691527118417e-06 2.0133093595716906e-35
4.583119288927478e-06 2.1573640104346603e-35
4.689981948824612e-06 2.3117293881698755e-35
4.799336280301815e-06 2.47714357221112e-35
4.911240380614659e-06 2.6543974774598686e-35
5.0257537016479225e-06 2.844338636373664e-35
5.142937081500915e-06 3.047875251754996e-35
5.262852776809252e-06 3.2659805396072393e-35
5.385564495820272e-06 3.4996973828526246e-35
5.511137432239651e-06 3.750143318131597e-35
5.639638299867211e-06 4.0185158794549176e-35
5.771135368040315e-06 4.3060983244213283e-35
5.905698497903673e-06 4.614265770129289e-35
6.043399179524854e-06 4.944491768361059e-35
6.184310569875183e-06 5.298355351225536e-35
6.32850753169624e-06 5.677548581106615e-35
6.47606667327258e-06 6.083884640912657e-35
6.627066389131828e-06 6.519306503281254e-35
6.781586901693754e-06 6.985896220189917e-35
6.939710303890459e-06 7.485884877345579e-35
7.101520602780329e-06 8.021663260907642e-35
7.267103764178904e-06 8.595793287502892e-35
7.436547758330399e-06 9.211020252138214e-35
7.609942606644117e-06 9.870285952521165e-35
7.787380429520604e-06 1.057674275244997e-34
7.968955495292936e-06 1.13337686514641e-34
8.15476427030917e-06 1.2144983432748108e-34
8.344905470182516e-06 1.3014265966324659e-34
8.539480112236516e-06 1.394577275024801e-34
8.738591569173047e-06 1.494395777828132e-34
8.942345623991688e-06 1.6013593828901604e-34
9.150850526189614e-06 1.7159795277295806e-34
9.364217049271877e-06 1.8388042539219165e-34
9.58255854960264e-06 1.9704208263387683e-34
9.805991026628606e-06 2.11145853974102e-34
1.0034633184506672e-05 2.262591726119947e-34
1.0268606495168497e-05 2.424542977132974e-34
1.0508035262855554e-05 2.5980865970106355e-34
1.07530466901589e-05 2.7840523024053994e-34
1.1003770945598772e-05 2.9833291868297054e-34
1.1260341232779899e-05 3.1968699685887177e-34
1.1522893861159297e-05 3.4256955424656637e-34
1.1791568318464117e-05 3.670899856860019e-34
1.206650734479802e-05 3.933655139627043e-34
1.2347857008475478e-05 4.21521749752826e-34
1.263576678362426e-05 4.5169329159755715e-34
1.293038962959737e-05 4.840243687653238e-34
1.3231882072236462e-05 5.186695300646507e-34
1.3540404287030327e-05 5.557943818880627e-34
1.3856120184212054e-05 5.955763790014475e-34
1.4179197495840522e-05 6.3820567184382155e-34
1.4509807864912299e-05 6.838860143705198e-34
1.484812693655133e-05 7.328357367598281e-34
1.5194334451324849e-05 7.852887876105917e-34
1.5548614340735104e-05 8.414958505883562e-34
1.5911154824937624e-05 9.017255408290096e-34
1.6282148512737936e-05 9.662656867879782e-34
1.6661792503919872e-05 1.035424703626254e-33
1.7050288493959805e-05 1.1095330646583703e-33
1.7447842881182494e-05 1.1889448778505216e-33
1.785466687641539e-05 1.2740395748538574e-33
1.8270976615199758e-05 1.3652237205890175e-33
1.869699327261814e-05 1.46293295196741e-33
1.91329431807992e-05 1.56763405494342e-33
1.957905794916243e-05 1.679827189744252e-33
2.003557458746648e-05 1.8000482748213338e-33
2.0502735631726606e-05 1.9288715408153537e-33
2.0980789273068064e-05 2.066912266625731e-33
2.1469989489583918e-05 2.2148297105311664e-33
2.1970596181267336e-05 2.3733302502250985e-33
2.2482875308090033e-05 2.543170746607617e-33
2.3007099031300245e-05 2.7251621472266434e-33
2.354354585801526e-05 2.92017334638176e-33
2.4092500789185385e-05 3.1291353201051016e-33
2.4654255471007912e-05 3.35304555551871e-33
2.5229108349871537e-05 3.592972795440613e-33
2.5817364830913554e-05 3.850062120582925e-33
2.641933744027406e-05 4.1255403932561005e-33
2.7035345991133382e-05 4.4207220881756174e-33
2.7665717753620915e-05 4.737015537763872e-33
2.8310787628685666e-05 5.075929621263701e-33
2.8970898326020842e-05 5.4390809290334e-33
2.964640054613707e-05 5.82820143559195e-33
3.033765316668089e-05 6.245146717329315e-33
3.104502343309761e-05 6.691904753307829e-33
3.176888715373972e-05 7.170605350262305e-33
3.25096288995246e-05 7.683530235771287e-33
3.326764220824756e-05 8.233123866633943e-33
3.4043329793658724e-05 8.822005002756669e-33
3.483710375941493e-05 9.452979100345243e-33
3.5649385818020195e-05 1.0129051581928417e-32
3.648060751487119e-05 1.0853442044717825e-32
3.73312104575266e-05 1.1629599473062344e-32
3.820164655032238e-05 1.2461218525284798e-32
3.90923782344573e-05 1.335225697003353e-32
4.0003878733676586e-05 1.4306954352438982e-32
4.093663230568398e-05 1.5329851975873228e-32
4.1891134499415887e-05 1.6425814290979944e-32
4.2867892418314344e-05 1.7600051789900124e-32
4.386742498973848e-05 1.8858145510285975e-32
4.489026324065786e-05 2.0206073260805698e-32
4.5936950579773975e-05 2.1650237687401253e-32
4.700804308621986e-05 2.3197496307629174e-32
4.8104109804991236e-05 2.4855193648980256e-32
4.922573304926602e-05 2.6631195636210345e-32
5.0373508709772956e-05 2.853392638241822e-32
5.154804657137365e-05 3.05724075489197e-32
5.27499706370262e-05 3.275630044995275e-32
5.397991945930254e-05 3.509595108988492e-32
5.5238546479635675e-05 3.760243833298115e-32
5.6526520375476976e-05 4.028762541891315e-32
5.784452541554797e-05 4.3164215051130524e-32
5.9193261823375433e-05 4.6245808299977735e-32
6.057344614930286e-05 4.954696757809342e-32
6.198581165117595e-05 5.308328396220217e-32
6.34311086839044e-05 5.687144915293538e-32
6.491010509810695e-05 6.092933238288051e-32
6.642358664805138e-05 6.527606260263208e-32
6.797235740910648e-05 6.993211629531977e-32
6.955724020492732e-05 7.491941129191147e-32
7.117907704460117e-05 8.026140698258829e-32
7.283872956998614e-05 8.598321134371038e-32
7.453707951348025e-05 9.211169522536202e-32
7.627502916646401e-05 9.867561437123967e-32
7.805350185866558e-05 1.0570573967069738e-31
7.987344244870308e-05 1.132349961722315e-31
8.173581782606456e-05 1.2129861141843494e-31
8.364161742479263e-05 1.2993427369468967e-31
8.559185374914618e-05 1.3918230081729599e-31
8.758756291151902e-05 1.4908582012183748e-31
8.96298051829007e-05 1.5969096034872654e-31
9.17196655561724e-05 1.7104705616059823e-31
9.385825432253677e-05 1.832068660650591e-31
9.604670766138824e-05 1.962268045565146e-31
9.828618824393714e-05 2.1016718933198104e-31
0.00010057788585090809 2.2509250447809726e-31
0.00010292301800464121 2.4107168056980505e-31
0.00010532283061593165 2.581783926649119e-31
0.00010777859864595113 2.7649137722331376e-31
0.00011029162678360347 2.960947690241144e-31
0.00011286325013867351 3.170784591987805e-31
0.00011549483495113791 3.3953847554242276e-31
0.00011818777931701482 3.635773863090149e-31
0.0001209435139311377 3.893047287384343e-31
0.00012376350284724815 4.168374636037599e-31
0.00012664924425581149 4.463004571052094e-31
0.00012960227127996844 4.778269914720833e-31
0.00013262415279004548 5.115593056650512e-31
0.00013571649423705693 5.476491675972201e-31
0.0001388809385056415 5.8625847931280735e-31
0.00014211916678688624 6.275599165753109e-31
0.00014543289947150178 6.717376043219935e-31
0.0001488238970638237 7.18987829436532e-31
0.00015229396111712465 7.695197922750954e-31
0.00015584493519073535 8.235563983514574e-31
0.00015947870582948208 8.81335091541609e-31
0.00016319720356596128 9.431087301055091e-31
0.00016700240394618395 1.0091465067412936e-30
0.00017089632857913436 1.0797349137813098e-30
0.000174881046210801 1.1551787545086054e-30
0.00017895867382325032 1.2358022014122295e-30
0.0001831313777593269 1.3219499020071853e-30
0.00018740137487357792 1.4139881326163752e-30
0.00019177093371001327 1.5123060002422765e-30
0.000196242375707327 1.6173166923431096e-30
0.00020081807643222024 1.7294587739633987e-30
0.00020550046684148122 1.8491975312551073e-30
0.0002102920345734925 1.9770263599414994e-30
0.0002151953252698519 2.113468196741678e-30
0.00022021294392780895 2.259076991153666e-30
0.00022534755628423554 2.4144392143100812e-30
0.0002306018902318662 2.5801754008371686e-30
0.00023597873726856003 2.7569417188024528e-30
0.0002414809539803547 2.9454315618658685e-30
0.0002471114635590999 3.1463771566921416e-30
0.00025287325735547713 3.360551177524141e-30
0.00025876939646823026 3.588768358543036e-30
0.00026480301337045197 3.831887093231267e-30
0.000270977313573789 4.0908110084373824e-30
0.00027729557733145163 4.3664904993818675e-30
0.00028376116138093086 4.659924209402081e-30
0.0002903775007273506 4.972160437752859e-30
0.00029714811046840066 5.30429845494842e-30
0.00030407658766182135 5.657489704550071e-30
0.00031116661323643183 6.03293886715436e-30
0.0003184219539477161 6.431904760453018e-30
0.00032584646437900766 6.855701046509514e-30
0.00033344408898933415 7.30569671517769e-30
0.0003412188642090111 7.783316309685363e-30
0.0003491749205840977 8.290039858395673e-30
0.0003573164849708539 8.827402473564949e-30
0.0003656478827813646 9.396993575996765e-30
0.0003741735402815245 1.000045570163694e-29
0.0003828979869426037 1.0639482844799937e-29
0.000391825857847644 1.1315818288923577e-29
0.000400961896153964 1.2031251876874229e-29
0.0004103109556130814 1.2787616668421086e-29
0.0004198780031493915 1.3586784934031304e-29
0.00042966812149897106 1.443066343305823e-29
0.000439686511909911 1.5321187923336438e-29
0.0004499384969056106 1.6260316854422197e-29
0.00046042952311250296 1.7250024192060905e-29
0.0004711651641537129 1.8292291332889955e-29
0.00048215112361018567 1.9389098064884e-29
0.0004933932380508582 2.0542412538895538e-29
0.0005048974801334842 2.1754180222526637e-29
0.0005166699617777604 2.302631181460748e-29
0.0005287169374124361 2.4360670110359704e-29
0.0005410448072981404 2.5759055815934343e-29
0.0005536601209276797 2.7223192327315866e-29
0.0005665695805056229 2.875470950021638e-29
0.0005797800445090163 3.035512645563326e-29
0.0005932985313311235 3.2025833483913085e-29
0.000607132223010125 3.376807312838149e-29
0.0006212884690447563 3.5582920551573697e-29
0.0006357747902989163 3.747126330784066e-29
0.0006505988829973161 3.943378067021803e-29
0.0006657686228142928 4.1470922681606584e-29
0.0006812920690579615 4.358288912332504e-29
0.0006971774689519261 4.57696086201531e-29
0.0007134332620168255 4.803071811611263e-29
0.0007300680845540431 5.03655429845454e-29
0.0007470907742339592 5.277307804693132e-29
0.0007645103747911887 5.525196979496858e-29
0.0007823361408292924 5.780050011944967e-29
0.00080057754273752 6.041657185925576e-29
0.0008192442717221943 6.309769648683978e-29
0.0008383462449554094 6.584098424184814e-29
0.0008578936108437789 6.864313701823324e-29
0.0008778967544200344 7.150044429536021e-29
0.000898366302860337 7.440878237894478e-29
0.0009193131311302326 7.736361719298141e-29
0.0009407483677622533 8.03600108288706e-29
0.000962683400768232 8.339263200649244e-29
0.000985129883689471 8.645577057068693e-29
0.0010080997417879817 8.954335607288159e-29
0.0010316051783820807 9.264898044646425e-29
0.0010556586813297128 9.576592470849346e-29
0.0010802730296629402 9.888718956459669e-29
0.001105461300377127 1.0200552971875341e-28
0.0011312368753784248 1.051134916345923e-28
0.0011576134485932472 1.0820345441859618e-28
0.0011846050332435167 1.1126767344494e-28
0.0012122259692915415 1.1429832627888152e-28
0.0012404909310584848 1.1728756041352482e-28
0.0012694149350204683 1.2022754228484926e-28
0.0012990133477864558 1.2311050701055614e-28
0.0013293018942621524 1.2592880825969488e-28
0.001360296666004259 1.2867496767073672e-28
0.001392014129769518 1.3134172321248984e-28
0.0014244711362630968 1.3392207592102723e-28
0.0014576849290909482 1.3640933443816594e-28
0.0014916731539209149 1.3879715684194124e-28
0.0015264538678574353 1.4107958927910748e-28
0.0015620455490348386 1.432511009787562e-28
0.0015984671064343198 1.4530661527234014e-28
0.0016357378899298156 1.472415363245408e-28
0.0016738777005681136 1.490517713391568e-28
0.0017129068010886602 1.5073374807832485e-28
0.0017528459266886532 1.5228442761712002e-28
0.00179371629603914 1.5370131230862934e-28
0.0018355396225579732 1.549824490281913e-28
0.0018783381259456144 1.5612642780761927e-28
0.0019221345439899109 1.5713237605181154e-28
0.001966952144646121 1.5799994857306777e-28
0.0020128147383986056 1.5872931372594314e-28
0.002059746690910748 1.5932113597680212e-28
0.0021077729359698315 1.5977655525554027e-28
0.0021569189887337423 1.6009716348223189e-28
0.002207210959286545 1.6028497865355717e-28
0.0022586755665101248 1.6034241690960347e-28
0.0023113401522792685 1.6027226297009623e-28
0.0023652326959877285 1.6007763935461235e-28
0.0024203818294129824 1.5976197476220609e-28
0.0024768168519275916 1.5932897198842843e-28
0.002534567746065232 1.5878257572032328e-28
0.0025936651934496745 1.5812694053716024e-28
0.0026541405910951734 1.573663994056282e-28
0.0027160260680869266 1.5650543293470253e-28
0.0027793545026504624 1.5554863962015077e-28
0.002844159539619031 1.545007072780807e-28
0.0029104756083082714 1.5336638583658949e-28
0.0029783379408076585 1.5215046161913882e-28
0.0030477825906984404 1.508577332273732e-28
0.0031188464522080173 1.494929891001852e-28
0.0031915672798109355 1.4806098680266832e-28
0.0032659837082868936 1.465664340698117e-28
0.003342135273246469 1.4501397161002973e-28
0.0034200624321353945 1.434081576587142e-28
0.0034998065857286074 1.417534542417336e-28
0.0035814101001254554 1.4005421511336132e-28
0.003664916329257761 1.3831467529751342e-28
0.0037503696379226933 1.3653894217533404e-28
0.0038378154253526898 1.347309880322977e-28
0.003927300149334948 1.3289464398679455e-28
0.004018871350893299 1.31033595211032e-28
0.00411257767954558 1.291513773520589e-28
0.004208468919149921 1.2725137406277951e-28
0.004306596014353682 1.253368155497736e-28
0.004407011097659079 1.23410778046779e-28
0.004509767517119906 1.2147618412537155e-28
0.004614919864684026 1.1953580375403113e-28
0.004722524005196735 1.175922560248647e-28
0.004832637106080367 1.1564801146665812e-28
0.004945317667705937 1.1370539486986339e-28
0.005060625554472947 1.1176658855170345e-28
0.005178622026613854 1.0983363599551855e-28
0.005299369772740128 1.0790844580276453e-28
0.005422932943147155 1.0599279590059712e-28
0.0055493771838957115 1.0408833795309607e-28
0.00567876967168809 1.0219660192677424e-28
0.005811179149557424 1.00319000770918e-28
0.0059466759633891655 9.845683516851282e-29
0.006085332099294114 9.661129832772477e-29
0.006227221221852859 9.4783480779695e-29
0.006372418713251954 9.297437515660083e-29
0.006521001713332612 9.118488092597495e-29
0.006673049160573193 8.941580905921395e-29
0.006828641834027273 8.766788661935374e-29
0.006987862396239558 8.594176124812921e-29
0.00715079543716245 8.423800554491063e-29
0.007317527519096606 8.255712132186768e-29
0.007488147222679345 8.089954373260161e-29
0.007662745193945353 7.92656452611354e-29
0.007841414192484688 7.76557395721599e-29
0.008024249140723652 7.607008521542783e-29
0.008211347174354735 7.450888918332468e-29
0.008402807693942412 7.297231032102522e-29
0.008598732417732204 7.14604625876303e-29
0.008799225435691074 6.997341817105135e-29
0.009004393264807849 6.851121045691448e-29
0.009214344905683071 6.707383685415388e-29
0.009429191900438323 6.56612614799984e-29
0.009649048391975805 6.427341770763319e-29
0.009874031184619632 6.291021058014457e-29
0.010104259806171096 6.157151909468542e-29
0.01033985657141083 6.025719836065357e-29
0.010580946647081629 5.896708163635292e-29
0.010827658118386449 5.770098224981754e-29
0.011080122057036918 5.645869540533684e-29
0.011338472590888495 5.523999988346508e-29
0.01160284697519928 5.404465963716814e-29
0.01187338566555036 5.2872425289299e-29
0.012150232392466372 5.17230355355927e-29
0.012433534237775993 5.059621845806435e-29
0.01272344171275288 4.9491692752593037e-29
0.013020108838078586 4.840916887545492e-29
0.013323693225669961 4.734835011253756e-29
0.013634356162414448 4.630893357561662e-29
0.013952262695857842 4.529061112918741e-29
0.014277581721889965 4.429307025201893e-29
0.014610486074474885 4.331599483656765e-29
0.014951152617473332 4.235906593032937e-29
0.015299762338606094 4.1421962421813206e-29
0.015656500445608335 4.0504361674890047e-29
0.016021556464625875 3.960594011412592e-29
0.016395124340905766 3.872637376445987e-29
0.016777402541834602 3.786533874747982e-29
0.017168594162379338 3.7022511737495044e-29
0.01756890703298664 3.6197570379312246e-29
0.017978553829998065 3.5390193671017775e-29
0.01839775218863974 3.460006231262498e-29
0.01882672481864659 3.382685902442984e-29
0.01926569962258253 3.307026883554712e-29
0.019714909816919448 3.2329979345643214e-29
0.020174594055939365 3.1605680961094314e-29
0.02064499655852557 3.0897067107509935e-29
0.021126367237910063 3.0203834420185236e-29
0.021618961834446313 2.9525682914022e-29
0.02212304205147776 2.8862316134257365e-29
0.022638875694374342 2.8213441289523917e-29
0.0231667368128109 2.757876936834322e-29
0.02370690584636297 2.695801524034921e-29
0.024259669773497434 2.6350897743253834e-29
0.024825322264037063 2.5757139756821577e-29
0.025404163835180054 2.5176468264482302e-29
0.025996502011157406 2.4608614403863885e-29
0.026602651486612925 2.4053313506904744e-29
0.027222934293792744 2.351030513040636e-29
0.027857679973633073 2.2979333077774644e-29
0.02850722575083718 2.2460145412696687e-29
0.02917191671303455 2.1952494465359718e-29
0.029852105994117403 2.1456136831825648e-29
0.030548154961852016 2.0970833367231922e-29
0.031260433409864494 2.049634917323635e-29
0.031989319754103004 2.00324535803001e-29
0.0327352012338808 1.957892012519863e-29
0.03349847411760691 1.9135526524272603e-29
0.034279543913313774 1.8702054642774633e-29
0.03507882558409363 1.8278290460693686e-29
0.03589674376855814 1.7864024035419153e-29
0.03673373300643846 1.7459049461544277e-29
0.037590237969445384 1.7063164828240447e-29
0.038466713697512506 1.667617217421254e-29
0.03936362584054766 1.6297877440764944e-29
0.04028145090582124 1.592809042308736e-29
0.04122067651112274 1.5566624720027864e-29
0.04218180164382002 1.521329768251507e-29
0.043165336925959 1.4867930360846483e-29
0.044171804885544536 1.4530347451034338e-29
0.04520174023414663 1.420037724035311e-29
0.046255690150979495 1.3877851552236102e-29
0.047334214573604344 1.3562605690666727e-29
0.048437886495410414 1.325447838418797e-29
0.04956729227003216 1.2953311729652768e-29
0.05072303192286451 1.265895113581026e-29
0.051905719469841495 1.237124526683605e-29
0.05311598324364777 1.2090045985894051e-29
0.05435446622753626 1.1815208298809042e-29
0.05562182639692926 1.1546590297926358e-29
0.056918737068984544 1.1284053106224174e-29
0.058245887260312136 1.1027460821751303e-29
0.05960398205303182 1.0776680462422377e-29
0.06099374296936585 1.0531581911247174e-29
0.06241590835496589 1.0292037862024245e-29
0.06387123377117784 1.0057923765545613e-29
0.06536049239645289 9.829117776345417e-30
0.06688447543711816 9.60550070001715e-30
0.06844399254772507 9.386955941166624e-30
0.0700398722611988 9.17336945195873e-30
0.0716729624290174 8.964629681347324e-30
0.07334413067165428 8.76062752496811e-30
0.07505426483952363 8.561256275724565e-30
0.07680427348467332 8.366411575070113e-30
0.07859508634347626 8.175991365032554e-30
0.08042765483057629 7.989895840915261e-30
0.08230295254435131 7.808027404807093e-30
0.08422197578416211 7.630290619740182e-30
0.08618574407966152 7.45659216468842e-30
0.08819530073244539 7.28684079022958e-30
0.09025171337033296 7.120947275014883e-30
0.09235607451457113 6.958824382958584e-30
0.09450950216026408 6.800386821180611e-30
0.09671314037033632 6.645551198707587e-30
0.09896815988334524 6.494235985895253e-30
0.10127575873546546 6.346361474616764e-30
0.10363716289697593 6.201849739160223e-30
0.10605362692358762 6.0606245978775436e-30
0.10852643462295801 5.922611575543084e-30
0.11105689973674641 5.787737866433897e-30
0.11364636663857243 5.655932298125885e-30
0.11629621104824843 5.5271252959825254e-30
0.1190078407626656 5.401248848346563e-30
0.12178269640372161 5.2782364724155566e-30
0.12462225218368743 5.15802318079559e-30
0.1275280166884199 5.040545448725209e-30
0.13050153367883624 4.9257411819590074e-30
0.1335443829110759 4.8135496853010276e-30
0.13665818097578622 4.703911631784223e-30
0.13984458215697693 4.596769032475226e-30
0.14310527931090045 4.492065206907428e-30
0.14644200476542463 4.389744754122437e-30
0.14985653124037576 4.289753524317248e-30
0.15335067278934078 4.192038591080283e-30
0.1569262857634292 4.096548224215976e-30
0.1605852697975066 4.0032318631335365e-30
0.16432956881942368 3.912040090809955e-30
0.16816117208277714 3.822924608293101e-30
0.172082115223751 3.735838209759725e-30
0.1760944813425998 3.650734758097579e-30
0.1802004021103484 3.567569161016222e-30
0.18440205890129596 3.4862973476697365e-30
0.18870168395192646 3.406876245782355e-30
0.1931015615468407 3.32926375927146e-30
0.1976040292323402 3.253418746351483e-30
0.20221147905830805 3.1793009981177984e-30
0.20692635884904578 3.106871217592608e-30
0.21175117350374192 3.0360909992315683e-30
0.2166884863272632 2.9669228088758735e-30
0.22174092039197504 2.8993299641446766e-30
0.22691115993131514 2.833276615257875e-30
0.23220195176586036 2.768727726279609e-30
0.2376161067626448 2.7056490567755567e-30
0.24315650132850383 2.644007143874434e-30
0.24882607893823822 2.5837692847257223e-30
0.25462785169840935 2.5249035193455257e-30
0.2605649019475973 2.4673786138423145e-30
0.26664038389397104 2.411164044014541e-30
0.27285752529104135 2.356229979313157e-30
0.2792196291524867 2.3025472671596396e-30
0.2857300755069626 2.250087417614113e-30
0.2923923231938275 2.1988225883843072e-30
0.2992099117007387 2.1487255701695627e-30
0.3061864630440946 2.0997697723312887e-30
0.31332568369332287 2.0519292088846754e-30
0.32063136654003577 2.005178484802402e-30
0.3281073929131 1.9594927826265973e-30
0.3357577346406907 1.914847849379049e-30
0.343586456160426 1.8712199837663446e-30
0.3515977166787018 1.8285860236711787e-30
0.359795772380376 1.7869233339249522e-30
0.368184978689974 1.7462097943551328e-30
0.3767697925856183 1.7064237881010126e-30
0.38555477496691104 1.6675441901928913e-30
0.394544593078027 1.6295503563876636e-30
0.4037440229873054 1.5924221122565756e-30
0.4131579521246571 1.5561397425182193e-30
0.42279138187813525 1.5206839806126002e-30
0.43264943025104924 1.4860359985099427e-30
0.4427373345810337 1.4521773967497427e-30
0.4530604543225162 1.4190901947046442e-30
0.4636242738940635 1.3867568210641635e-30
0.47443440559211736 1.3551601045335178e-30
0.48549659257266914 1.3242832647426643e-30
0.4968167119024568 1.2941099033608965e-30
0.5084007776813051 1.264623995412468e-30
0.5202549442372687 1.2358098807886801e-30
0.5323855093962742 1.2076522559521075e-30
0.5447989178279997 1.1801361658286996e-30
0.557501764469769 1.1532469958834017e-30
0.5705007980302781 1.1269704643754352e-30
0.5838029245750183 1.1012926147889413e-30
0.5974152111952977 1.076199808435314e-30
0.6113448897628128 1.0516787172231188e-30
0.6255993607717623 1.0277163165921214e-30
0.6401861972705483 1.0042998786073823e-30
0.6551131488851486 9.8141696521025e-31
0.6703881459363026 9.590554216222706e-31
0.686019303652694 9.372033698989637e-31
0.7020149264823721 9.158492026298202e-31
0.7183835125046995 8.949815767813681e-31
0.7351337579451718 8.745894076800502e-31
0.7522745617955077 8.54661863131698e-31
0.7698150305414633 8.351883576746586e-31
0.7877644830008832 8.161585469633715e-31
0.8061324552745581 7.975623222796495e-31
0.8249287058125218 7.793898051685828e-31
0.8441632205984669 7.616313421964371e-31
0.8638462184550629 7.44277499827615e-31
0.8839881564729563 7.273190594181232e-31
0.9045997355663667 7.107470123228308e-31
0.9256919061582187 6.945525551139734e-31
0.9472758739978306 6.787270849083757e-31
0.9693631061142522 6.6326219480093815e-31
0.9919653369084147 6.481496694019707e-31
1.0150945743873274 6.333814804760255e-31
1.0387631065436362 6.189497826799358e-31
1.0629835078839296 6.048469093977907e-31
1.0877686461092637 5.910653686706811e-31
1.1131316889514546 5.775978392190236e-31
1.1390861111687691 5.644371665554093e-31
1.16564570170473 5.515763591858884e-31
1.1928245710138414 5.390085848977012e-31
1.2206371585581264 5.267271671314787e-31
1.2490982404784545 5.147255814360252e-31
1.2782229374447416 5.0299745200376245e-31
1.3080267226891875 4.915365482850506e-31
1.3385254302268237 4.803367816795566e-31
1.369735263267732 4.693922023029468e-31
1.4016728028254128 4.58696995827174e-31
1.4343550165258654 4.48245480392699e-31
1.4677992676220706 4.380321035910068e-31
1.5020233242186567 4.280514395158151e-31
1.5370453687116559 4.182981858814272e-31
1.5728840074483612 4.087671612066876e-31
1.6095582806124205 3.99453302063059e-31
1.6470876723394143 3.9035166038536035e-31
1.6854921210682972 3.8145740084373776e-31
1.7247920301341966 3.727657982754798e-31
1.7650082786082029 3.6427223517531605e-31
1.8061622323899016 3.559721992428637e-31
1.848275755558551 3.4786128098592878e-31
1.8913712219889245 3.3993517137838917e-31
1.935471527238 3.321896595714132e-31
1.9806001007088037 3.246206306568062e-31
2.0267809180978715 3.172240634812988e-31
2.0740385141329463 3.0999602851061183e-31
2.1223979956076717 3.0293268574217166e-31
2.171885054720213 2.9603028266536513e-31
2.222525982722885 2.8928515226825427e-31
2.274347683890048 2.8269371108969e-31
2.327377689811681 2.7625245731579687e-31
2.3816441740202396 2.6995796891981246e-31
2.437175966958554 2.638069018443003e-31
2.4940025712967335 2.5779598822476914e-31
2.552154177606206 2.5192203465375268e-31
2.611661680399223 2.461819204844373e-31
2.6725566945423505 2.405725961729273e-31
2.7348715720526675 2.35091081658276e-31
2.7986394192855935 2.2973446477941747e-31
2.863894114523477 2.244998997281612e-31
2.9306703259742912 2.193846055374294e-31
2.999003530189995 2.1438586460393125e-31
3.068930030914351 2.0950102124449424e-31
3.1404869783702067 2.0472748028527955e-31
3.21371238899649 2.000627056831424e-31
3.2886451656454048 1.955042191783945e-31
3.3653251182505572 1.910495989782624e-31
3.443792984976987 1.866964784703368e-31
3.5240904538643507 1.824425449653327e-31
3.6062601849747473 1.7828553846849186e-31
3.6903458330569543 1.742232504789756e-31
3.77639207073912 1.7025352281661011e-31
3.8644446122622242 1.663742464753613e-31
3.9545502377669295 1.6258336050293037e-31
4.046756818146711 1.5887885090587571e-31
4.141113340480481 1.5525874957967872e-31
4.237669934058216 1.5172113326318625e-31
4.336477897013409 1.4826412251687373e-31
4.437589723576497 1.4488588072438645e-31
4.541059131963759 1.4158461311683017e-31
4.646941092916466 1.3835856581928992e-31
4.755291858905486 1.3520602491907397e-31
4.866168994016832 1.32125315555185e-31
4.979631404534034 1.2911480102853796e-31
5.0957393702336 1.2617288193244901e-31
5.214554576410165 1.2329799530293607e-31
5.336140146648369 1.2048861378837843e-31
5.4605606763588606 1.177432448380948e-31
5.587882267096237 1.150604299094086e-31
5.718172561677172 1.124387436927798e-31
5.851500780117376 1.0987679335459118e-31
5.987937756406471 1.073732177971871e-31
6.127555976140354 1.0492668693577146e-31
6.270429615030991 1.025359009917814e-31
6.416634578314149 1.0019958980236085e-31
6.566248541075969 9.791651214556673e-32
6.719350989519823 9.5685455080951e-32
6.87602326319537 9.350523330516547e-32
7.036348598212252 9.137468852225109e-32
7.200412171461376 8.929268882827225e-32
7.368301145867304 8.725812810997447e-32
7.540104716695753 8.526992545714106e-32
7.715914158940838 8.3327024588341e-32
7.8958228758172275 8.142839328975958e-32
8.07992644838296 7.95730228668156e-32
8.2683226863193 7.77599276082733e-32
8.461111679894604 7.598814426256445e-32
8.658395853139817 7.425673152604188e-32
8.860280018263818 7.256476954289339e-32
9.066871431337571 7.091135941645007e-32
9.278279849276613 6.929562273162914e-32
9.494617588152204 6.771670108825782e-32
9.715999582862075 6.617375564503062e-32
9.942543448192506 6.466596667385727e-32
10.17436954130415 6.319253312436491e-32
10.411601025674827 6.175267219832306e-32
10.654363936533231 6.034561893376507e-32
10.902787247818345 5.897062579858569e-32
11.157002940700098 5.762696229339822e-32
11.417146073697703 5.631391456344073e-32
11.683354854432924 5.503078501932483e-32
11.955770713056356 5.377689196642592e-32
12.234538377385784 5.255156924271747e-32
12.519805949796487 5.135416586485755e-32
12.811724985904382 5.018404568233922e-32
13.110450575083778 4.904058703952084e-32
13.416141422862523 4.7923182445357553e-32
13.72895993523834 4.683123825065767e-32
14.04907230496112 4.5764174332692477e-32
14.37664859982702 4.4721423786993113e-32
14.711862853031292 4.3702432626168857e-32
15.054893155627816 4.270665948558873e-32
15.405921751144481 4.173357533576869e-32
15.765135132404664 4.078266320131211e-32
16.132724140606275 3.985341788625467e-32
16.50888406671095 3.89453457056668e-32
16.89381475519735 3.805796422337188e-32
17.287720710233557 3.719080199564059e-32
17.690811204325115 3.6343398320725044e-32
18.103300389496336 3.5515302994099964e-32
18.52540741106398 3.470607606928075e-32
18.957356524063755 3.3915287624091224e-32
19.399377212391464 3.314251753225727e-32
19.85170431072216 3.238735524020431e-32
20.314578129271972 3.164939954894101e-32
20.788244581469023 3.092825840091243e-32
21.272955314601134 3.0223548671709934e-32
21.76896784350983 2.9534895966527036e-32
22.27654568740161 2.8861934421252903e-32
22.79595850984919 2.820430650809832e-32
23.327482262057103 2.756166284564999e-32
23.871399329467756 2.693366201325339e-32
24.427998681785848 2.6319970369624346e-32
24.997576026500827 2.5720261875594203e-32
25.580433965988984 2.513421792089321e-32
26.176882158278623 2.4561527154881143e-32
26.787237481563718 2.4001885321134516e-32
27.411824202553472 2.34549950958028e-32
28.050974148747212 2.2920565929647843e-32
28.705026884726152 2.239831389368229e-32
29.374329892555654 2.1887961528325408e-32
30.05923875639388 2.1389237695995642e-32
30.760117351404876 2.0901877437062152e-32
31.477338037076432 2.0425621829078344e-32
32.21128185504559 1.9960217849222904e-32
32.962338731536356 1.9505418239875255e-32
33.730907684518286 1.9060981377253492e-32
34.51739703569462 1.8626671143045966e-32
35.322224627433556 1.8202256798967466e-32
36.14581804475762 1.778751286417371e-32
36.98861484250899 1.7382218995469062e-32
37.851062777811606 1.6986159870243683e-32
38.733620047953465 1.659912507207798e-32
39.63675553381552 1.622090897895366e-32
40.5609490489765 1.585131065401188e-32
41.506691594626034 1.5490133738800473e-32
42.47448562042145 1.5137186348953598e-32
43.46484529142686 1.479228097224843e-32
44.4782967612764 1.4455234368984516e-32
45.515378451706574 1.4125867474633082e-32
46.576641338606535 1.3804005304704577e-32
47.66264924473788 1.34894768617837e-32
48.773979139279795 1.3182115044682756e-32
49.911221444358546 1.288175655966495e-32
51.07498034872413 1.2588241833690477e-32
52.265874128740876 1.2301414929639353e-32
53.48453547686238 1.2021123463465847e-32
54.731611837765406 1.1747218523240709e-32
56.00776575232122 1.1479554590037856e-32
57.31367520958723 1.1217989460623878e-32
58.650034007005786 1.0962384171908915e-32
60.017552119001664 1.0712602927119056e-32
61.416956074173925 1.0468513023650885e-32
62.84898934128261 1.022998478256984e-32
64.31441272423535 9.996891479715065e-33
65.81400476628369 9.769109278373963e-33
67.34856216364385 9.546517163490844e-33
68.91890018876182 9.328996877374612e-33
70.52585312344742 9.116432856871407e-33
72.17027470210763 8.90871217196873e-33
73.8530385653146 8.705724465798559e-33
75.57503872394936 8.507361896007458e-33
77.33719003416762 8.313519077462604e-33
79.14042868344033 8.124093026263312e-33
80.98571268792693 7.938983105028181e-33
82.87402240144569 7.758090969428984e-33
84.80636103631147 7.581320515942771e-33
86.78375519631766 7.408577830794397e-33
88.80725542214539 7.239771140062515e-33
90.8779367494899 7.07481076092232e-33
92.99689928020044 6.913609053999304e-33
95.16526876673713 6.756080376808634e-33
97.38419721025556 6.602141038255374e-33
99.6548634726365 6.451709254171547e-33
101.97847390278609 6.304705103866163e-33
104.35626297753925 6.161050487665381e-33
106.78949395750668 6.020669085420044e-33
109.27945955821409 5.883486315958713e-33
111.82748263689002 5.749429297464492e-33
114.43491689526716 5.6184268087547686e-33
117.10314759877073 5.49040925144311e-33
119.8335923124757 5.365308612963394e-33
122.62770165422418 5.243058430436427e-33
125.4869600653028 5.123593755359817e-33
128.41288659908975 5.006851119102461e-33
131.40703572809028 4.8927684991852436e-33
134.4709981697896 4.7812852863300144e-33
137.6064017317617 4.672342252259373e-33
140.8149121764835 4.565881518230152e-33
144.09823410631301 4.4618465242838766e-33
147.45811186910282 4.36018199919786e-33
150.89633048492877 4.260833931120949e-33
154.41471659442715 4.1637495388783845e-33
158.01513942924367 4.0688772439304593e-33
161.6995118051102 3.976166642970108e-33
165.46979113807643 3.8855684811448905e-33
169.32798048443664 3.79703462588909e-33
173.27612960490418 3.710518041352082e-33
177.3163360535986 3.625972763409346e-33
181.45074629242436 3.543353875242853e-33
185.68155683143308 3.46261748347789e-33
190.01101539577502 3.3837206948635734e-33
194.44142211985996 3.3066215934847326e-33
198.9751307693619 3.2312792184930315e-33
203.61454999171644 3.157653542345459e-33
208.36214459577587 3.0857054495387056e-33
213.2204368613011 3.0153967158280504e-33
218.19200787898666 2.9466899879197673e-33
223.27949892173046 2.8795487636262435e-33
228.48561284787684 2.8139373724732718e-33
233.81311553717836 2.7498209567492036e-33
239.2648373602396 2.68716545298591e-33
244.8436746822229 2.625937573861702e-33
250.55259140161598 2.566104790516605e-33
256.3946205248776 2.5076353152705714e-33
262.37286577779935 2.4504980847354696e-33
268.49050325443824 2.394662743311882e-33
274.7507831044972 2.34009962706192e-33
281.15703126004934 2.2867797479495087e-33
287.7126512025234 2.2346747784397542e-33
294.4211257708895 2.1837570364492294e-33
301.2860190120053 2.1339994706391655e-33
308.3109780741064 2.0853756460437424e-33
315.4997351444457 2.037859730025848e-33
322.8561094321127 1.99142647855283e-33
330.38400919708465 1.9460512227849725e-33
338.08743382658884 1.9017098559695473e-33
345.970475959878 1.8583788206334835e-33
354.0373236625486 1.8160350960678816e-33
362.2922626515567 1.774656186097664e-33
370.7396785721134 1.73422010712992e-33
379.3840593276699 1.6947053764745636e-33
388.22999746422977 1.6560910009311123e-33
397.28219261025527 1.618356465635519e-33
406.54545397346374 1.581481723161126e-33
416.02470289584096 1.545447182867969e-33
425.7249754682287 1.5102337004947523e-33
435.6514252058753 1.4758225679879728e-33
445.8093257863709 1.4421955035627947e-33
456.2040738514225 1.4093346419903908e-33
466.841191873956 1.3772225251065843e-33
477.72633109207 1.3458420925367617e-33
488.86527451139875 1.3151766726321123e-33
500.26393997748045 1.2852099736123955e-33
511.92838331976236 1.2559260749105202e-33
523.8648015689132 1.2273094187143416e-33
536.079536249153 1.1993448017011768e-33
548.5790767473477 1.17201736696066e-33
561.3700637606607 1.1453125961016263e-33
574.4592928245908 1.1192163015388556e-33
587.8537179232724 1.0937146189555552e-33
601.560455183956 1.0687939999375915e-33
615.5867866576306 1.0444412047755507e-33
629.940164187797 1.0206432954308139e-33
644.6282133694491 9.97387628661889e-34
659.6587376003637 9.74661849307374e-34
675.039722226853 9.524538837219616e-34
690.7793387861822 9.307519333620139e-34
706.885949347905 9.095444685172834e-34
723.368110956425 8.888202221854641e-34
740.2345801771418 8.685681840863131e-34
757.4943177485981 8.487775948121567e-34
775.1564933430986 8.29437940111688e-34
793.2304904383309 8.105389453040013e-34
811.7259113025749 7.920705698199076e-34
830.6525820961508 7.740230018676305e-34
850.0205580918159 7.563866532200423e-34
869.8401290168822 7.3915215412067574e-34
890.1218245198946 7.22310348305804e-34
910.8764197647733 7.058522881399436e-34
932.1149411553916 6.897692298621973e-34
953.848672193633 6.740526289409083e-34
976.0891594740359 6.5869413553416495e-34
998.8482188182152 6.436855900537306e-34
1022.1379415523157 6.290190188300631e-34
1045.9707009308356 6.146866298760934e-34
1070.3591587102305 6.00680808747541e-34
1095.3162718757928 5.8699411449754525e-34
1120.8552995253765 5.736192757234739e-34
1146.98980991363 5.605491867038083e-34
1173.7336876604738 5.477769036230468e-34
1201.1011411276565 5.352956408826279e-34
1229.1067099673062 5.230987674959109e-34
1257.7652728464884 5.111798035652936e-34
1287.0920553518754 4.995324168396051e-34
1317.1026380787234 4.881504193499353e-34
1347.812964908458 4.770277641221228e-34
1379.239351479266 4.661585419641426e-34
1411.3984938541882 4.555369783267018e-34
1444.3074773913293 4.451574302353631e-34
1477.9837858208825 4.3501438329257075e-34
1512.445310533807 4.2510244874798914e-34
1547.71036008708 4.1541636063559205e-34
1583.797669930582 4.059509729759847e-34
1620.7264123607779 3.967012570424714e-34
1658.5162067064848 3.8766229868941975e-34
1697.1871297521373 3.788292957414928e-34
1736.7597264040865 3.7019755544237537e-34
1777.255020605602 3.617624919616257e-34
1818.6945265063737 3.535196239583397e-34
1861.1002598924472 3.454645722003224e-34
1904.4947498826687 3.375930572375121e-34
1948.9010508978479 3.299008971284132e-34
1994.3427549090043 3.2238400521833503e-34
2040.8440039711966 3.1503838796825147e-34
2088.4295030496014 3.078601428331338e-34
2137.124533144652 3.0084545618862403e-34
2186.9549647232075 2.9399060130495134e-34
2237.947271462894 2.8729193636701133e-34
2290.1285443169163 2.807459025395609e-34
2343.5265059068115 2.743490220764964e-34
2398.169525250793 2.6809789647321226e-34
2454.086632835509 2.619892046610612e-34
2511.3075360392254 2.5601970124295054e-34
2569.8626349146184 2.5018621476914434e-34
2629.783038339575 2.444856460523499e-34
2691.100580544569 2.389149665211958e-34
2753.8478380254037 2.334712166112276e-34
2818.0581468502987 2.281515041925631e-34
2883.7656203705187 2.2295300303337644e-34
2951.0051673439552 2.1787295129838988e-34
3019.812510481288 2.129086500815798e-34
3090.2242054245785 2.0805746197231397e-34
3162.2776601683795 2.0331680965416043e-34
