# %ECSV 1.0
# ---
# datatype:
# - {name: mx, unit: MeV, datatype: float64}
# - {name: sigma, unit: cm2, datatype: float64}
# schema: astropy-2.0
mx sigma
3.162277660168379e-07 inf
3.2360111549336787e-07 inf
3.311463862505236e-07 inf
3.388675869043115e-07 inf
3.4676881953794695e-07 inf
3.548542818811901e-07 inf
3.6312826954049566e-07 inf
3.715951782811629e-07 inf
3.8025950636269697e-07 inf
3.89125856928623e-07 inf
3.9819894045202297e-07 inf
4.0748357723809307e-07 inf
4.169846999850535e-07 inf
4.2670735640476865e-07 inf
4.3665671190447213e-07 inf
4.4683805233101997e-07 inf
4.572567867791303e-07 inf
4.6791845046510194e-07 inf
4.788287076675383e-07 inf
4.899933547366384e-07 inf
5.014183231736547e-07 inf
5.131096827821533e-07 inf
5.250736448927506e-07 inf
5.373165656630395e-07 inf
5.4984494945446e-07 inf
5.626654522879044e-07 inf
5.757848853798981e-07 inf
5.892102187612295e-07 inf
6.029485849799565e-07 inf
6.17007282890752e-07 inf
6.313937815326057e-07 inf
6.461157240969403e-07 inf
6.611809319882495e-07 inf
6.765974089794179e-07 inf
6.923733454639272e-07 inf
7.085171228072106e-07 inf
7.250373177994646e-07 inf
7.419427072122865e-07 inf
7.592422724615558e-07 inf
7.769452043790388e-07 inf
7.950609080952509e-07 inf
8.135990080361694e-07 inf
8.325693530364543e-07 inf
8.519820215718901e-07 inf
8.718473271138315e-07 inf
8.921758236084957e-07 inf
9.12978311084014e-07 inf
9.342658413882192e-07 inf
9.560497240602198e-07 inf
9.78341532338879e-07 inf
1.0011531093113902e-06 inf
1.0244965742052174e-06 inf
1.048384328826741e-06 inf
1.0728290641500308e-06 inf
1.0978437670592484e-06 inf
1.1234417272482566e-06 inf
1.149636544281106e-06 inf
1.1764421348171486e-06 inf
1.2038727400046132e-06 inf
1.2319429330465773e-06 inf
1.2606676269433496e-06 inf
1.2900620824153782e-06 inf
1.3201419160108953e-06 inf
1.3509231084026028e-06 inf
1.38242201287781e-06 inf
1.4146553640265304e-06 inf
1.447640286632156e-06 inf
1.4813943047694329e-06 inf
1.5159353511145682e-06 inf
1.5512817764724183e-06 inf
1.587452359525819e-06 inf
1.6244663168122348e-06 inf
1.6623433129330315e-06 inf
1.7011034710007933e-06 inf
1.740767383330235e-06 inf
1.7813561223783898e-06 inf
1.8228912519398869e-06 inf
1.8653948386032614e-06 inf
1.908889463474389e-06 inf
1.9533982341732686e-06 inf
1.9989447971105317e-06 inf
2.045553350050195e-06 inf
2.0932486549653353e-06 inf
2.1420560511935146e-06 inf
2.192001468898943e-06 inf
2.2431114428485372e-06 inf
2.2954131265091837e-06 inf
2.3489343064737076e-06 inf
2.403703417223201e-06 inf
2.4597495562335635e-06 inf
2.5171024994342686e-06 inf
2.575792717027583e-06 inf
2.635851389676631e-06 inf
2.6973104250709106e-06 inf
2.760202474878063e-06 inf
2.8245609520908932e-06 inf
2.8904200487788716e-06 inf
2.9578147542535346e-06 inf
3.026780873657441e-06 inf
3.097355046986562e-06 inf
3.1695747685562034e-06 inf
3.2434784069208122e-06 inf
3.319105225258239e-06 inf
3.3964954022292982e-06 inf
3.4756900533236943e-06 inf
3.5567312527036693e-06 inf
3.6396620555569646e-06 inf
3.7245265209709786e-06 inf
3.811369735340273e-06 inf
3.900237836319859e-06 inf
3.991178037336996e-06 inf
4.0842386526745176e-06 inf
4.179469123139017e-06 inf
4.2769200423275275e-06 inf
4.376643183506652e-06 inf
4.478691527118417e-06 inf
4.583119288927478e-06 inf
4.689981948824612e-06 inf
4.799336280301815e-06 inf
4.911240380614659e-06 inf
5.0257537016479225e-06 inf
5.142937081500915e-06 inf
5.262852776809252e-06 inf
5.385564495820272e-06 inf
5.511137432239651e-06 inf
5.639638299867211e-06 inf
5.771135368040315e-06 inf
5.905698497903673e-06 inf
6.043399179524854e-06 inf
6.184310569875183e-06 inf
6.32850753169624e-06 inf
6.47606667327258e-06 inf
6.627066389131828e-06 inf
6.781586901693754e-06 inf
6.939710303890459e-06 inf
7.101520602780329e-06 inf
7.267103764178904e-06 inf
7.436547758330399e-06 inf
7.609942606644117e-06 inf
7.787380429520604e-06 inf
7.968955495292936e-06 inf
8.15476427030917e-06 inf
8.344905470182516e-06 inf
8.539480112236516e-06 inf
8.738591569173047e-06 inf
8.942345623991688e-06 inf
9.150850526189614e-06 inf
9.364217049271877e-06 inf
9.58255854960264e-06 inf
9.805991026628606e-06 inf
1.0034633184506672e-05 inf
1.0268606495168497e-05 inf
1.0508035262855554e-05 inf
1.07530466901589e-05 inf
1.1003770945598772e-05 inf
1.1260341232779899e-05 inf
1.1522893861159297e-05 inf
1.1791568318464117e-05 inf
1.206650734479802e-05 inf
1.2347857008475478e-05 inf
1.263576678362426e-05 inf
1.293038962959737e-05 inf
1.3231882072236462e-05 inf
1.3540404287030327e-05 inf
1.3856120184212054e-05 inf
1.4179197495840522e-05 inf
1.4509807864912299e-05 inf
1.484812693655133e-05 inf
1.5194334451324849e-05 inf
1.5548614340735104e-05 inf
1.5911154824937624e-05 inf
1.6282148512737936e-05 inf
1.6661792503919872e-05 inf
1.7050288493959805e-05 inf
1.7447842881182494e-05 inf
1.785466687641539e-05 inf
1.8270976615199758e-05 inf
1.869699327261814e-05 inf
1.91329431807992e-05 inf
1.957905794916243e-05 inf
2.003557458746648e-05 inf
2.0502735631726606e-05 inf
2.0980789273068064e-05 inf
2.1469989489583918e-05 inf
2.1970596181267336e-05 inf
2.2482875308090033e-05 inf
2.3007099031300245e-05 inf
2.354354585801526e-05 inf
2.4092500789185385e-05 inf
2.4654255471007912e-05 inf
2.5229108349871537e-05 inf
2.5817364830913554e-05 inf
2.641933744027406e-05 inf
2.7035345991133382e-05 inf
2.7665717753620915e-05 inf
2.8310787628685666e-05 inf
2.8970898326020842e-05 inf
2.964640054613707e-05 inf
3.033765316668089e-05 inf
3.104502343309761e-05 inf
3.176888715373972e-05 inf
3.25096288995246e-05 inf
3.326764220824756e-05 inf
3.4043329793658724e-05 inf
3.483710375941493e-05 inf
3.5649385818020195e-05 inf
3.648060751487119e-05 inf
3.73312104575266e-05 inf
3.820164655032238e-05 inf
3.90923782344573e-05 inf
4.0003878733676586e-05 inf
4.093663230568398e-05 inf
4.1891134499415887e-05 inf
4.2867892418314344e-05 inf
4.386742498973848e-05 inf
4.489026324065786e-05 inf
4.5936950579773975e-05 inf
4.700804308621986e-05 inf
4.8104109804991236e-05 inf
4.922573304926602e-05 inf
5.0373508709772956e-05 inf
5.154804657137365e-05 inf
5.27499706370262e-05 inf
5.397991945930254e-05 inf
5.5238546479635675e-05 inf
5.6526520375476976e-05 inf
5.784452541554797e-05 inf
5.9193261823375433e-05 inf
6.057344614930286e-05 inf
6.198581165117595e-05 inf
6.34311086839044e-05 inf
6.491010509810695e-05 inf
6.642358664805138e-05 1.0494326003348196e-25
6.797235740910648e-05 4.496315659572704e-26
6.955724020492732e-05 2.7308366233951026e-26
7.117907704460117e-05 1.8945028284611534e-26
7.283872956998614e-05 1.4119343156166812e-26
7.453707951348025e-05 1.1014348394165909e-26
7.627502916646401e-05 8.873889615732288e-27
7.805350185866558e-05 7.326710634913493e-27
7.987344244870308e-05 6.169088177179877e-27
8.173581782606456e-05 5.279913099774506e-27
8.364161742479263e-05 4.582718662226981e-27
8.559185374914618e-05 4.026913218823369e-27
8.758756291151902e-05 3.577756148376551e-27
8.96298051829007e-05 3.210661093219186e-27
9.17196655561724e-05 2.907789985634535e-27
9.385825432253677e-05 2.6559289651290634e-27
9.604670766138824e-05 2.4451158281991974e-27
9.828618824393714e-05 2.2677258911921343e-27
0.00010057788585090809 2.117847163134823e-27
0.00010292301800464121 1.9908435779765072e-27
0.00010532283061593165 1.8830436618168708e-27
0.00010777859864595113 1.7915147791519373e-27
0.00011029162678360347 1.713896943840688e-27
0.00011286325013867351 1.64827882976645e-27
0.00011549483495113791 1.5931041554091962e-27
0.00011818777931701482 1.5471002432578655e-27
0.0001209435139311377 1.5092229772409635e-27
0.00012376350284724815 1.478614028510793e-27
0.00012664924425581149 1.4545673584090558e-27
0.00012960227127996844 1.4365028060972662e-27
0.00013262415279004548 1.423945136214506e-27
0.00013571649423705693 1.4165073307329746e-27
0.0001388809385056415 1.413877206834301e-27
0.00014211916678688624 1.4158066616280293e-27
0.00014543289947150178 1.4221030072287495e-27
0.0001488238970638237 1.4326219816675537e-27
0.00015229396111712465 1.447262113307874e-27
0.00015584493519073535 1.4659601866821516e-27
0.00015947870582948208 1.488687611590205e-27
0.00016319720356596128 1.5154475389904974e-27
0.00016700240394618395 1.5462725996683103e-27
0.00017089632857913436 1.5812231670947294e-27
0.000174881046210801 1.6203860659472422e-27
0.00017895867382325032 1.6638736636844036e-27
0.0001831313777593269 1.711823295288853e-27
0.00018740137487357792 1.7643969815262986e-27
0.00019177093371001327 1.821781409357477e-27
0.000196242375707327 1.8841881499048008e-27
0.00020081807643222024 1.9518540949401777e-27
0.00020550046684148122 2.0250420974783432e-27
0.0002102920345734925 2.1040418059292873e-27
0.0002151953252698519 2.189170684539972e-27
0.00022021294392780895 2.2807752156634883e-27
0.00022534755628423554 2.3792322818316707e-27
0.0002306018902318662 2.4849507277540484e-27
0.00023597873726856003 2.59837310428591e-27
0.0002414809539803547 2.71997759815305e-27
0.0002471114635590999 2.8502801528330617e-27
0.00025287325735547713 2.989836787508234e-27
0.00025876939646823026 3.1392461224524257e-27
0.00026480301337045197 3.299152120618748e-27
0.000270977313573789 3.470247056577794e-27
0.00027729557733145163 3.653274725335824e-27
0.00028376116138093086 3.849033904955246e-27
0.0002903775007273506 4.058382088320257e-27
0.00029714811046840066 4.282239500852179e-27
0.00030407658766182135 4.521593422493951e-27
0.00031116661323643183 4.7775028338632975e-27
0.0003184219539477161 5.0511034081302154e-27
0.00032584646437900766 5.343612871917961e-27
0.00033344408898933415 5.656336760368032e-27
0.0003412188642090111 5.9906745934600915e-27
0.0003491749205840977 6.348126502748133e-27
0.0003573164849708539 6.730300339875982e-27
0.0003656478827813646 7.138919300580112e-27
0.0003741735402815245 7.575830100388029e-27
0.0003828979869426037 8.043011740889065e-27
0.000391825857847644 8.516235124816272e-27
0.000400961896153964 8.971225642111696e-27
0.0004103109556130814 9.433715937297468e-27
0.0004198780031493915 9.898668387186468e-27
0.00042966812149897106 1.0360207357194552e-26
0.000439686511909911 1.0811798037096461e-26
0.0004499384969056106 1.1246525086612125e-26
0.00046042952311250296 1.1657460359354653e-26
0.0004711651641537129 1.2038091274202407e-26
0.00048215112361018567 1.2382765272149934e-26
0.0004933932380508582 1.2687096001037294e-26
0.0005048974801334842 1.2948277290907287e-26
0.0005166699617777604 1.3165262896919974e-26
0.0005287169374124361 1.3338791163883948e-26
0.0005410448072981404 1.347125898589472e-26
0.0005536601209276797 1.3566472314573865e-26
0.0005665695805056229 1.3629315753179134e-26
0.0005797800445090163 1.36653889869668e-26
0.0005932985313311235 1.3680653612036067e-26
0.000607132223010125 1.3681123288489625e-26
0.0006212884690447563 1.3672616846987654e-26
0.0006357747902989163 1.366058133345562e-26
0.0006505988829973161 1.3649982090127547e-26
0.0006657686228142928 1.364525063373219e-26
0.0006812920690579615 1.365027809023749e-26
0.0006971774689519261 1.3668441514825803e-26
0.0007134332620168255 1.3702651645591017e-26
0.0007300680845540431 1.3755412690621633e-26
0.0007470907742339592 1.382888702598658e-26
0.0007645103747911887 1.3924959809544262e-26
0.0007823361408292924 1.4045300302858802e-26
0.00080057754273752 1.4191418081986608e-26
0.0008192442717221943 1.4364713326745558e-26
0.0008383462449554094 1.456652106469051e-26
0.0008578936108437789 1.4798149679715558e-26
0.0008778967544200344 1.5060914242335485e-26
0.000898366302860337 1.5356165335666205e-26
0.0009193131311302326 1.5685314082323232e-26
0.0009407483677622533 1.604985405585973e-26
0.000962683400768232 1.6451380709292053e-26
0.000985129883689471 1.6891608888449383e-26
0.0010080997417879817 1.737238892943993e-26
0.0010316051783820807 1.789225666739748e-26
0.0010556586813297128 1.838880127926898e-26
0.0010802730296629402 1.8913199314120936e-26
0.001105461300377127 1.9463664530208146e-26
0.0011312368753784248 2.0038050012640626e-26
0.0011576134485932472 2.063387203114151e-26
0.0011846050332435167 2.124835596089964e-26
0.0012122259692915415 2.1878505341746586e-26
0.0012404909310584848 2.2521193253363836e-26
0.0012694149350204683 2.3173273016309894e-26
0.0012990133477864558 2.3831703044288917e-26
0.0013293018942621524 2.4493678785292115e-26
0.001360296666004259 2.5156763415535118e-26
0.001392014129769518 2.5819008545020536e-26
0.0014244711362630968 2.6479056785581655e-26
0.0014576849290909482 2.713621958429809e-26
0.0014916731539209149 2.779052603239049e-26
0.0015264538678574353 2.844274108809225e-26
0.0015620455490348386 2.9094354407783043e-26
0.0015984671064343198 2.9747543390078726e-26
0.0016357378899298156 3.0405115820876e-26
0.0016738777005681136 3.107043851500309e-26
0.0017129068010886602 3.174735857418709e-26
0.0017528459266886532 3.244012343082478e-26
0.00179371629603914 3.315330490666228e-26
0.0018355396225579732 3.3891731296418904e-26
0.0018783381259456144 3.466043018673078e-26
0.0019221345439899109 3.546458349814111e-26
0.001966952144646121 3.6309495197281305e-26
0.0020128147383986056 3.710400197000845e-26
0.002059746690910748 3.791776542805572e-26
0.0021077729359698315 3.875921763589224e-26
0.0021569189887337423 3.9628829844916325e-26
0.002207210959286545 4.052674072545276e-26
0.0022586755665101248 4.145281911532255e-26
0.0023113401522792685 4.2406742502537273e-26
0.0023652326959877285 4.3388088133615664e-26
0.0024203818294129824 4.4396432986103856e-26
0.0024768168519275916 4.543145832804253e-26
0.002534567746065232 4.6493054294389635e-26
0.0025936651934496745 4.758141991042938e-26
0.0026541405910951734 4.869715432236894e-26
0.0027160260680869266 4.9841335650403755e-26
0.0027793545026504624 5.10155848094049e-26
0.002844159539619031 5.222211275856383e-26
0.0029104756083082714 5.346375083089888e-26
0.0029783379408076585 5.474396493731423e-26
0.0030477825906984404 5.606685543092962e-26
0.0031188464522080173 5.743714517575337e-26
0.0031915672798109355 5.880141813128186e-26
0.0032659837082868936 6.014172400393342e-26
0.003342135273246469 6.151401697260786e-26
0.0034200624321353945 6.291949230691383e-26
0.0034998065857286074 6.435938641801432e-26
0.0035814101001254554 6.583500742068788e-26
0.003664916329257761 6.734778030633702e-26
0.0037503696379226933 6.889930452087526e-26
0.0038378154253526898 7.049142089638539e-26
0.003927300149334948 7.212628433122928e-26
0.004018871350893299 7.380643838145122e-26
0.00411257767954558 7.553488801974903e-26
0.004208468919149921 7.731516721083803e-26
0.004306596014353682 7.915139859115727e-26
0.004407011097659079 8.104834335350263e-26
0.004509767517119906 8.301144033837223e-26
0.004614919864684026 8.493421452411508e-26
0.004722524005196735 8.687893792527805e-26
0.004832637106080367 8.88714324115565e-26
0.004945317667705937 9.091349694143689e-26
0.005060625554472947 9.30072161525377e-26
0.005178622026613854 9.515502143453493e-26
0.005299369772740128 9.735975804625731e-26
0.005422932943147155 9.962475615527804e-26
0.0055493771838957115 1.0195390327301091e-25
0.00567876967168809 1.0435171539941102e-25
0.005811179149557424 1.0682340429101017e-25
0.0059466759633891655 1.093749386063804e-25
0.006085332099294114 1.1196710536139033e-25
0.006227221221852859 1.1453517978472624e-25
0.006372418713251954 1.1716750243705986e-25
0.006521001713332612 1.1986681600015555e-25
0.006673049160573193 1.2263630861789876e-25
0.006828641834027273 1.254796948955628e-25
0.006987862396239558 1.2840130035376134e-25
0.00715079543716245 1.3140614686681535e-25
0.007317527519096606 1.3450003647450066e-25
0.007488147222679345 1.376896310362888e-25
0.007662745193945353 1.4095119791399593e-25
0.007841414192484688 1.4419152681775028e-25
0.008024249140723652 1.475147038108214e-25
0.008211347174354735 1.5092471523189573e-25
0.008402807693942412 1.5442618899750344e-25
0.008598732417732204 1.580244935565606e-25
0.008799225435691074 1.617258378744035e-25
0.009004393264807849 1.655373696086178e-25
0.009214344905683071 1.6946357560699204e-25
0.009429191900438323 1.733672401341036e-25
0.009649048391975805 1.773725686191167e-25
0.009874031184619632 1.8148485008308866e-25
0.010104259806171096 1.8571020764342078e-25
0.01033985657141083 1.9005571305584086e-25
0.010580946647081629 1.9452950020428394e-25
0.010827658118386449 1.9908223098217258e-25
0.011080122057036918 2.0368525471406887e-25
0.011338472590888495 2.0841203253643053e-25
0.01160284697519928 2.1326976166549903e-25
0.01187338566555036 2.182667365284023e-25
0.012150232392466372 2.233888209597061e-25
0.012433534237775993 2.2856206353862126e-25
0.01272344171275288 2.3387622973681765e-25
0.013020108838078586 2.3933980953508916e-25
0.013323693225669961 2.4494841247621645e-25
0.013634356162414448 2.5063289799874657e-25
0.013952262695857842 2.5647485945385455e-25
0.014277581721889965 2.62471383648324e-25
0.014610486074474885 2.6857797986614654e-25
0.014951152617473332 2.7484569473069815e-25
0.015299762338606094 2.812534657176671e-25
0.015656500445608335 2.8781452427845303e-25
0.016021556464625875 2.945189450308399e-25
0.016395124340905766 3.013922633071669e-25
0.016777402541834602 3.0840807011892874e-25
0.017168594162379338 3.1562288136114577e-25
0.01756890703298664 3.2295968687707423e-25
0.017978553829998065 3.3048735531844846e-25
0.01839775218863974 3.382306685081725e-25
0.01882672481864659 3.460803577695446e-25
0.01926569962258253 3.54145093729015e-25
0.019714909816919448 3.6244047993406575e-25
0.020174594055939365 3.708619476533804e-25
0.02064499655852557 3.7949665810228663e-25
0.021126367237910063 3.883767126554642e-25
0.021618961834446313 3.9742049612439302e-25
0.02212304205147776 4.066663437313146e-25
0.022638875694374342 4.161733385961273e-25
0.0231667368128109 4.258765905305253e-25
0.02370690584636297 4.35783572975445e-25
0.024259669773497434 4.459701722091077e-25
0.024825322264037063 4.563599612224193e-25
0.025404163835180054 4.669879668937636e-25
0.025996502011157406 4.779126593473086e-25
0.026602651486612925 4.890221449816746e-25
0.027222934293792744 5.0044342911711425e-25
0.027857679973633073 5.120967698688078e-25
0.02850722575083718 5.24054943498374e-25
0.02917191671303455 5.362589659557749e-25
0.029852105994117403 5.487645595482298e-25
0.030548154961852016 5.615622088455982e-25
0.031260433409864494 5.746642768413703e-25
0.031989319754103004 5.880478556398036e-25
0.0327352012338808 6.017768495649815e-25
0.03349847411760691 6.157802069807439e-25
0.034279543913313774 6.301797418221255e-25
0.03507882558409363 6.44838265391775e-25
0.03589674376855814 6.598629842466704e-25
0.03673373300643846 6.753169598790632e-25
0.037590237969445384 6.91002456935947e-25
0.038466713697512506 7.070991622891438e-25
0.03936362584054766 7.23654996199701e-25
0.04028145090582124 7.404837169978035e-25
0.04122067651112274 7.577182562533682e-25
0.04218180164382002 7.754412007626282e-25
0.043165336925959 7.935129905099081e-25
0.044171804885544536 8.119675275519552e-25
0.04520174023414663 8.309419568566208e-25
0.046255690150979495 8.503302279462172e-25
0.047334214573604344 8.701043818579049e-25
0.048437886495410414 8.904351970711492e-25
0.04956729227003216 9.111935066709781e-25
0.05072303192286451 9.324064328592673e-25
0.051905719469841495 9.542215356831189e-25
0.05311598324364777 9.764041582800254e-25
0.05435446622753626 9.991994379202287e-25
0.05562182639692926 1.0224762983516131e-24
0.056918737068984544 1.046343170069464e-24
0.058245887260312136 1.0707162205206115e-24
0.05960398205303182 1.0956869877633046e-24
0.06099374296936585 1.1212387122598975e-24
0.06241590835496589 1.1473936730187246e-24
0.06387123377117784 1.1741195445647208e-24
0.06536049239645289 1.2015425714116094e-24
0.06688447543711816 1.2294926789673894e-24
0.06844399254772507 1.2582314291279137e-24
0.0700398722611988 1.2875188275497165e-24
0.0716729624290174 1.3175068894916112e-24
0.07334413067165428 1.3483493370367357e-24
0.07505426483952363 1.3796932907660777e-24
0.07680427348467332 1.4118209892345926e-24
0.07859508634347626 1.444862526702472e-24
0.08042765483057629 1.4784924320581909e-24
0.08230295254435131 1.5128915304104546e-24
0.08422197578416211 1.5482627876180125e-24
0.08618574407966152 1.5843758424443458e-24
0.08819530073244539 1.6212103397469316e-24
0.09025171337033296 1.6590797182126444e-24
0.09235607451457113 1.697820918874581e-24
0.09450950216026408 1.737289282830415e-24
0.09671314037033632 1.7778657082932655e-24
0.09896815988334524 1.8193409608567795e-24
0.10127575873546546 1.8616802229755143e-24
0.10363716289697593 1.9052180135436443e-24
0.10605362692358762 1.9495350134306048e-24
0.10852643462295801 1.9950304120864476e-24
0.11105689973674641 2.041525461519037e-24
0.11364636663857243 2.0891595981077916e-24
0.11629621104824843 2.1378364250941594e-24
0.1190078407626656 2.1876974568561937e-24
0.12178269640372161 2.2387138498839955e-24
0.12462225218368743 2.290925134250425e-24
0.1275280166884199 2.344294863183438e-24
0.13050153367883624 2.399072419101455e-24
0.1335443829110759 2.4548585662784446e-24
0.13665818097578622 2.512214310166679e-24
0.13984458215697693 2.5707322651535623e-24
0.14310527931090045 2.6305845578740576e-24
0.14644200476542463 2.6921370431235745e-24
0.14985653124037576 2.754774261765427e-24
0.15335067278934078 2.8188969664879122e-24
0.1569262857634292 2.8848381387522274e-24
0.1605852697975066 2.952047023015513e-24
0.16432956881942368 3.0207038176861607e-24
0.16816117208277714 3.0912952028661088e-24
0.172082115223751 3.1634649650794605e-24
0.1760944813425998 3.2369831658420905e-24
0.1802004021103484 3.3125608420868474e-24
0.18440205890129596 3.389977602274561e-24
0.18870168395192646 3.468752520460135e-24
0.1931015615468407 3.549732483611251e-24
0.1976040292323402 3.632605414839462e-24
0.20221147905830805 3.7171083862325316e-24
0.20692635884904578 3.8039960954379595e-24
0.21175117350374192 3.892538653259377e-24
0.2166884863272632 3.983336011206263e-24
0.22174092039197504 4.0762128479708806e-24
0.22691115993131514 4.171278471595387e-24
0.23220195176586036 4.2684964400261684e-24
0.2376161067626448 4.368058605642562e-24
0.24315650132850383 4.469906095803775e-24
0.24882607893823822 4.574118629777295e-24
0.25462785169840935 4.68076238656555e-24
0.2605649019475973 4.789983243182876e-24
0.26664038389397104 4.90158510063716e-24
0.27285752529104135 5.015858186316303e-24
0.2792196291524867 5.1329108446852995e-24
0.2857300755069626 5.252456141792134e-24
0.2923923231938275 5.3751529594385495e-24
0.2992099117007387 5.500244054385239e-24
0.3061864630440946 5.628690244318268e-24
0.31332568369332287 5.759747568323544e-24
0.32063136654003577 5.894127841667359e-24
0.3281073929131 6.031558493418928e-24
0.3357577346406907 6.1721265570190684e-24
0.343586456160426 6.316096692486469e-24
0.3515977166787018 6.4633987737975664e-24
0.359795772380376 6.6140708326510696e-24
0.368184978689974 6.768286383160587e-24
0.3767697925856183 6.926088315214294e-24
0.38555477496691104 7.087565765222423e-24
0.394544593078027 7.252838474040909e-24
0.4037440229873054 7.422027728936585e-24
0.4131579521246571 7.595048832044244e-24
0.42279138187813525 7.772056856075808e-24
0.43264943025104924 7.953280323778007e-24
0.4427373345810337 8.138787495159486e-24
0.4530604543225162 8.328612800973272e-24
0.4636242738940635 8.522805018428166e-24
0.47443440559211736 8.721468169403357e-24
0.48549659257266914 8.924815111663587e-24
0.4968167119024568 9.13292466984453e-24
0.5084007776813051 9.345828599656109e-24
0.5202549442372687 9.563731529526775e-24
0.5323855093962742 9.786721790056301e-24
0.5447989178279997 1.0014911298148738e-23
0.557501764469769 1.0248426116137437e-23
0.5705007980302781 1.0487394133787329e-23
0.5838029245750183 1.0731956416366113e-23
0.5974152111952977 1.0982195406524264e-23
0.6113448897628128 1.1238260364791336e-23
0.6255993607717623 1.1500301838166609e-23
0.6401861972705483 1.1768426960684098e-23
0.6551131488851486 1.2042814091055332e-23
0.6703881459363026 1.2323650565561062e-23
0.686019303652694 1.2611044000751364e-23
0.7020149264823721 1.2905011644997806e-23
0.7183835125046995 1.320596423389714e-23
0.7351337579451718 1.3513851319497248e-23
0.7522745617955077 1.3828941679041657e-23
0.7698150305414633 1.4151429945044322e-23
0.7877644830008832 1.4481326149043112e-23
0.8061324552745581 1.4819020345107073e-23
0.8249287058125218 1.516451909728652e-23
0.8441632205984669 1.5518115745282732e-23
0.8638462184550629 1.5879955624464046e-23
0.8839881564729563 1.6250226122413586e-23
0.9045997355663667 1.6629153028680694e-23
0.9256919061582187 1.7016827431587316e-23
0.9472758739978306 1.7413614032466834e-23
0.9693631061142522 1.7819649075918776e-23
0.9919653369084147 1.8235136233510645e-23
1.0150945743873274 1.8660328195991114e-23
1.0387631065436362 1.9095362120473085e-23
1.0629835078839296 1.954058181567692e-23
1.0877686461092637 1.9996199137807782e-23
1.1131316889514546 2.046244971640837e-23
1.1390861111687691 2.0939570084406976e-23
1.16564570170473 2.142782344082746e-23
1.1928245710138414 2.1927560274327134e-23
1.2206371585581264 2.2438793378808407e-23
1.2490982404784545 2.296195395676507e-23
1.2782229374447416 2.349744635185071e-23
1.3080267226891875 2.4045198153003706e-23
1.3385254302268237 2.4605837857926624e-23
1.369735263267732 2.517963886354413e-23
1.4016728028254128 2.57667942368197e-23
1.4343550165258654 2.636749948514125e-23
1.4677992676220706 2.69823329543443e-23
1.5020233242186567 2.7611487510108523e-23
1.5370453687116559 2.8255229042868565e-23
1.5728840074483612 2.89141466423083e-23
1.6095582806124205 2.958820044042049e-23
1.6470876723394143 3.0278244662597297e-23
1.6854921210682972 3.0984164396794923e-23
1.7247920301341966 3.1706594288104244e-23
1.7650082786082029 3.2445866507138955e-23
1.8061622323899016 3.3202354121788677e-23
1.848275755558551 3.397658267958253e-23
1.8913712219889245 3.4768835132707154e-23
1.935471527238 3.5579523536337173e-23
1.9806001007088037 3.640906991191369e-23
2.0267809180978715 3.7257972606463374e-23
2.0740385141329463 3.812670038785052e-23
2.1223979956076717 3.9015720904546496e-23
2.171885054720213 3.9925410618685423e-23
2.222525982722885 4.0856360007631464e-23
2.274347683890048 4.180896132539818e-23
2.327377689811681 4.2783785703351416e-23
2.3816441740202396 4.3781373728980334e-23
2.437175966958554 4.480222730287152e-23
2.4940025712967335 4.584688779740693e-23
2.552154177606206 4.69158289692375e-23
2.611661680399223 4.8009817274411453e-23
2.6725566945423505 4.912918262368281e-23
2.7348715720526675 5.0274717658620255e-23
2.7986394192855935 5.1446929192570285e-23
2.863894114523477 5.2646596463387e-23
2.9306703259742912 5.387409545957528e-23
2.999003530189995 5.513022165429142e-23
3.068930030914351 5.641565811045898e-23
3.1404869783702067 5.773112281999385e-23
3.21371238899649 5.907718766864148e-23
3.2886451656454048 6.045469653168984e-23
3.3653251182505572 6.186430105772374e-23
3.443792984976987 6.330672558709695e-23
3.5240904538643507 6.478279875755979e-23
3.6062601849747473 6.629331526372195e-23
3.6903458330569543 6.783905753165986e-23
3.77639207073912 6.942082123402713e-23
3.8644446122622242 7.103953698277804e-23
3.9545502377669295 7.26958929509461e-23
4.046756818146711 7.439085904007458e-23
4.141113340480481 7.6125363106844e-23
4.237669934058216 7.790035947537824e-23
4.336477897013409 7.971676322646112e-23
4.437589723576497 8.157557251567446e-23
4.541059131963759 8.347760817046806e-23
4.646941092916466 8.54240442937145e-23
4.755291858905486 8.741582702622575e-23
4.866168994016832 8.945402780716883e-23
4.979631404534034 9.153980856126782e-23
5.0957393702336 9.367419356767679e-23
5.214554576410165 9.585837288475889e-23
5.336140146648369 9.809346018031376e-23
5.4605606763588606 1.003806523326361e-22
5.587882267096237 1.0272121769470585e-22
5.718172561677172 1.051162946014933e-22
5.851500780117376 1.0756723633319896e-22
5.987937756406471 1.100753526693952e-22
6.127555976140354 1.1264188150442537e-22
6.270429615030991 1.1526830752978457e-22
6.416634578314149 1.1795599610312697e-22
6.566248541075969 1.2070635209476468e-22
6.719350989519823 1.2352080606716196e-22
6.87602326319537 1.264008845399488e-22
7.036348598212252 1.2934814260562272e-22
7.200412171461376 1.3236402932076875e-22
7.368301145867304 1.35450319993328e-22
7.540104716695753 1.386086038900507e-22
7.715914158940838 1.418404783449429e-22
7.8958228758172275 1.4514771542450511e-22
8.07992644838296 1.4853206392578012e-22
8.2683226863193 1.5199533096545268e-22
8.461111679894604 1.5553932343984811e-22
8.658395853139817 1.5916596581995651e-22
8.860280018263818 1.6287714995688323e-22
9.066871431337571 1.6667494883023938e-22
9.278279849276613 1.705611770704566e-22
9.494617588152204 1.7453808356855607e-22
9.715999582862075 1.7860774323622963e-22
9.942543448192506 1.8277227756369721e-22
10.17436954130415 1.8703390231864913e-22
10.411601025674827 1.913948893881841e-22
10.654363936533231 1.9585756521338614e-22
10.902787247818345 2.0042428892335778e-22
11.157002940700098 2.0509750169248426e-22
11.417146073697703 2.098796662004537e-22
11.683354854432924 2.147733426838856e-22
11.955770713056356 2.1978112623987833e-22
12.234538377385784 2.249056784723403e-22
12.519805949796487 2.3014967534414e-22
12.811724985904382 2.355160166302448e-22
13.110450575083778 2.410074401289596e-22
13.416141422862523 2.4662689565226525e-22
13.72895993523834 2.52377382086702e-22
14.04907230496112 2.582619596798327e-22
14.37664859982702 2.6428377742945147e-22
14.711862853031292 2.704459640120948e-22
15.054893155627816 2.767518289189743e-22
15.405921751144481 2.83204726107247e-22
15.765135132404664 2.898081181202991e-22
16.132724140606275 2.965654510421926e-22
16.50888406671095 3.0348032434879925e-22
16.89381475519735 3.1055644668174087e-22
17.287720710233557 3.1779758132153497e-22
17.690811204325115 3.25207540061756e-22
18.103300389496336 3.3279026555331184e-22
18.52540741106398 3.4054977081731553e-22
18.957356524063755 3.484902536752038e-22
19.399377212391464 3.5661585289894257e-22
19.85170431072216 3.6493092487410064e-22
20.314578129271972 3.734398656470147e-22
20.788244581469023 3.821471897932516e-22
21.272955314601134 3.9105756472462637e-22
21.76896784350983 4.001757009061021e-22
22.27654568740161 4.0950643081898426e-22
22.79595850984919 4.190547283675053e-22
23.327482262057103 4.288256487088276e-22
23.871399329467756 4.388243837148627e-22
24.427998681785848 4.490563017998651e-22
24.997576026500827 4.595267402216126e-22
25.580433965988984 4.702413288927061e-22
26.176882158278623 4.812057551154944e-22
26.787237481563718 4.9242585233132645e-22
27.411824202553472 5.039075437892423e-22
28.050974148747212 5.156569533011907e-22
28.705026884726152 5.276803075322022e-22
29.374329892555654 5.39984022811888e-22
30.05923875639388 5.525746128282144e-22
30.760117351404876 5.654587684041564e-22
31.477338037076432 5.786433457630005e-22
32.21128185504559 5.921353382749929e-22
32.962338731536356 6.059419164142501e-22
33.730907684518286 6.200703454673599e-22
34.51739703569462 6.345283500958191e-22
35.322224627433556 6.4932339965667995e-22
36.14581804475762 6.644634133309401e-22
36.98861484250899 6.799564465814967e-22
37.851062777811606 6.958107183040086e-22
38.733620047953465 7.120346589572254e-22
39.63675553381552 7.286368922964989e-22
40.5609490489765 7.456262352047378e-22
41.506691594626034 7.630117098714592e-22
42.47448562042145 7.808025603956385e-22
43.46484529142686 7.990082226819528e-22
44.4782967612764 8.176383883110481e-22
45.515378451706574 8.367028814680013e-22
46.576641338606535 8.562120155921521e-22
47.66264924473788 8.761760008810665e-22
48.773979139279795 8.966054608190532e-22
49.911221444358546 9.175112616666435e-22
51.07498034872413 9.389044734935435e-22
52.265874128740876 9.607966225251197e-22
53.48453547686238 9.831991593395737e-22
54.731611837765406 1.0061240534658639e-21
56.00776575232122 1.0295834701018982e-21
57.31367520958723 1.0535898879284378e-21
58.650034007005786 1.078156061858358e-21
60.017552119001664 1.103295047511002e-21
61.416956074173925 1.1290201926232135e-21
62.84898934128261 1.1553451541912187e-21
64.31441272423535 1.1822839311000665e-21
65.81400476628369 1.2098508315001117e-21
67.34856216364385 1.2380605169099912e-21
68.91890018876182 1.2669279574122009e-21
70.52585312344742 1.2964684891523766e-21
72.17027470210763 1.3266978079389002e-21
73.8530385653146 1.3576319956963633e-21
75.57503872394936 1.3892874621184573e-21
77.33719003416762 1.421681041683869e-21
79.14042868344033 1.454829925795218e-21
80.98571268792693 1.4887517419357643e-21
82.87402240144569 1.5234645316710603e-21
84.80636103631147 1.5589866907577292e-21
86.78375519631766 1.5953371417538989e-21
88.80725542214539 1.6325351605066881e-21
90.8779367494899 1.6706005344640344e-21
92.99689928020044 1.709553410752337e-21
95.16526876673713 1.7494146726231614e-21
97.38419721025556 1.79020533336816e-21
99.6548634726365 1.8319471056966605e-21
101.97847390278609 1.874662173369816e-21
104.35626297753925 1.9183732381671813e-21
106.78949395750668 1.9631034629543556e-21
109.27945955821409 2.008876784289553e-21
111.82748263689002 2.0557173229344947e-21
114.43491689526716 2.1036501122777994e-21
117.10314759877073 2.1527005451079874e-21
119.8335923124757 2.2028946899091006e-21
122.62770165422418 2.254259235669007e-21
125.4869600653028 2.3068214651310314e-21
128.41288659908975 2.3606092923802502e-21
131.40703572809028 2.4156513527327646e-21
134.4709981697896 2.471976830290512e-21
137.6064017317617 2.529615689125825e-21
140.8149121764835 2.588598534315767e-21
144.09823410631301 2.648956746586565e-21
147.45811186910282 2.710722355607166e-21
150.89633048492877 2.7739282028730667e-21
154.41471659442715 2.8386078665259037e-21
158.01513942924367 2.904795722145534e-21
161.6995118051102 2.9725269410610622e-21
165.46979113807643 3.041837519192017e-21
169.32798048443664 3.1127642698435857e-21
173.27612960490418 3.185344880690188e-21
177.3163360535986 3.2596180071932894e-21
181.45074629242436 3.335623013148259e-21
185.68155683143308 3.413400332788497e-21
190.01101539577502 3.492991294566447e-21
194.44142211985996 3.5744381950042835e-21
198.9751307693619 3.6577843322263815e-21
203.61454999171644 3.743073980730569e-21
208.36214459577587 3.830352490808957e-21
213.2204368613011 3.9196662410579945e-21
218.19200787898666 4.0110626962209024e-21
223.27949892173046 4.104590433520186e-21
228.48561284787684 4.200299167556207e-21
233.81311553717836 4.298239772179074e-21
239.2648373602396 4.398464302210625e-21
244.8436746822229 4.501026027345278e-21
250.55259140161598 4.605979476441854e-21
256.3946205248776 4.713380429554498e-21
262.37286577779935 4.8232859831612215e-21
268.49050325443824 4.9357545626156165e-21
274.7507831044972 5.050845942298358e-21
281.15703126004934 5.1686212362883375e-21
287.7126512025234 5.289143365150904e-21
294.4211257708895 5.412476077796236e-21
301.2860190120053 5.538685055767882e-21
308.3109780741064 5.667837399553001e-21
315.4997351444457 5.800001804694228e-21
322.8561094321127 5.9352485277613576e-21
330.38400919708465 6.0736494931583096e-21
338.08743382658884 6.215278307075277e-21
345.970475959878 6.360210282780797e-21
354.0373236625486 6.5085224572807304e-21
362.2922626515567 6.660293851841517e-21
370.7396785721134 6.815605051496308e-21
379.3840593276699 6.974538726964377e-21
388.22999746422977 7.137179409641879e-21
397.28219261025527 7.303613624249564e-21
406.54545397346374 7.473929914940938e-21
416.02470289584096 7.648218919029164e-21
425.7249754682287 7.826573303336844e-21
435.6514252058753 8.009088123744569e-21
445.8093257863709 8.195860359170986e-21
456.2040738514225 8.386989488088417e-21
466.841191873956 8.582577209473483e-21
477.72633109207 8.78272764677169e-21
488.86527451139875 8.987547319180378e-21
500.26393997748045 9.197145365827305e-21
511.92838331976236 9.411633291499783e-21
523.8648015689132 9.631125347729548e-21
536.079536249153 9.855738426944532e-21
548.5790767473477 1.0085592160755573e-20
561.3700637606607 1.0320808999463412e-20
574.4592928245908 1.0561514251299059e-20
587.8537179232724 1.0807836170323345e-20
601.560455183956 1.1059906022502323e-20
615.5867866576306 1.1317858158137808e-20
629.940164187797 1.1581830078029667e-20
644.6282133694491 1.1851962519627657e-20
659.6587376003637 1.2128399521892393e-20
675.039722226853 1.2411288519263206e-20
690.7793387861822 1.2700780408595163e-20
706.885949347905 1.2997029641344065e-20
723.368110956425 1.3300194302755673e-20
740.2345801771418 1.3610436203733224e-20
757.4943177485981 1.392792096434294e-20
775.1564933430986 1.4252818123761115e-20
793.2304904383309 1.4585301204397963e-20
811.7259113025749 1.492554782906387e-20
830.6525820961508 1.5273739819955386e-20
850.0205580918159 1.5630063292482677e-20
869.8401290168822 1.5994708763064765e-20
890.1218245198946 1.6367871261390258e-20
910.8764197647733 1.6749750426503793e-20
932.1149411553916 1.7140550633803894e-20
953.848672193633 1.754048110292726e-20
976.0891594740359 1.7949756019869085e-20
998.8482188182152 1.8368594656033406e-20
1022.1379415523157 1.879722149644223e-20
1045.9707009308356 1.9235866366707138e-20
1070.3591587102305 1.9684764565234138e-20
1095.3162718757928 2.0144157000741083e-20
1120.8552995253765 2.06142903286284e-20
1146.98980991363 2.1095417097500024e-20
1173.7336876604738 2.1587795895868432e-20
1201.1011411276565 2.2091691501878978e-20
1229.1067099673062 2.2607375039894718e-20
1257.7652728464884 2.313512414913666e-20
1287.0920553518754 2.3675223129871472e-20
1317.1026380787234 2.4227963132357124e-20
1347.812964908458 2.4793642322141333e-20
1379.239351479266 2.5372566046006064e-20
1411.3984938541882 2.5965047097507716e-20
1444.3074773913293 2.6571405742602105e-20
1477.9837858208825 2.719197008491883e-20
1512.445310533807 2.7827076205039866e-20
1547.71036008708 2.847706832470921e-20
1583.797669930582 2.914229909284619e-20
1620.7264123607779 2.982312977027322e-20
1658.5162067064848 3.051993046712858e-20
1697.1871297521373 3.123308038042596e-20
1736.7597264040865 3.1962968037993024e-20
1777.255020605602 3.270999155031575e-20
1818.6945265063737 3.3474558873164996e-20
1861.1002598924472 3.4257088076269766e-20
1904.4947498826687 3.505800762318816e-20
1948.9010508978479 3.58777566581908e-20
1994.3427549090043 3.6716785318562344e-20
2040.8440039711966 3.757555498530513e-20
2088.4295030496014 3.845453871750653e-20
2137.124533144652 3.9354221470267844e-20
2186.9549647232075 4.0275100495545776e-20
2237.947271462894 4.121768568072501e-20
2290.1285443169163 4.218249995043109e-20
2343.5265059068115 4.3170079586639e-20
2398.169525250793 4.41809746925623e-20
2454.086632835509 4.52157495710465e-20
2511.3075360392254 4.627498316554148e-20
2569.8626349146184 4.735926950525803e-20
2629.783038339575 4.846921817212132e-20
2691.100580544569 4.9605454784000094e-20
2753.8478380254037 5.0768621500716863e-20
2818.0581468502987 5.1959377549403193e-20
2883.7656203705187 5.317839977274125e-20
2951.0051673439552 5.442638320097996e-20
3019.812510481288 5.57040416484861e-20
3090.2242054245785 5.701210833692726e-20
3162.2776601683795 5.835133654624566e-20
