# %ECSV 1.0
# ---
# datatype:
# - {name: mx, unit: MeV, datatype: float64}
# - {name: sigma_6, unit: cm2, datatype: float64}
# schema: astropy-2.0
mx sigma_6
3.162277660168379e-07 4.105478098938939e-32
3.2360111549336787e-07 4.501953051668888e-32
3.311463862505236e-07 4.936717894358098e-32
3.388675869043115e-07 5.413470571959271e-32
3.4676881953794695e-07 5.936266171191851e-32
3.548542818811901e-07 6.509551412862996e-32
3.6312826954049566e-07 7.138202475474368e-32
3.715951782811629e-07 7.827566471731899e-32
3.8025950636269697e-07 8.58350693088677e-32
3.89125856928623e-07 9.412453673667634e-32
3.9819894045202297e-07 1.032145750409629e-31
4.0748357723809307e-07 1.1318250183415501e-31
4.169846999850535e-07 1.2411310196202165e-31
4.2670735640476865e-07 1.3609934868159197e-31
4.3665671190447213e-07 1.4924319448920933e-31
4.4683805233101997e-07 1.6365643832657694e-31
4.572567867791303e-07 1.794616765402367e-31
4.6791845046510194e-07 1.9679334568439377e-31
4.788287076675383e-07 2.157988660366418e-31
4.899933547366384e-07 2.366398955522479e-31
5.014183231736547e-07 2.5949370492603307e-31
5.131096827821533e-07 2.8455468545513047e-31
5.250736448927506e-07 3.120360025306702e-31
5.373165656630395e-07 3.421714088210521e-31
5.4984494945446e-07 3.7521723257187907e-31
5.626654522879044e-07 4.114545579333121e-31
5.757848853798981e-07 4.511916158619628e-31
5.892102187612295e-07 4.947664059344171e-31
6.029485849799565e-07 5.4254957137042275e-31
6.17007282890752e-07 5.949475517281565e-31
6.313937815326057e-07 6.524060400765105e-31
6.461157240969403e-07 7.154137740664369e-31
6.611809319882495e-07 7.84506693134767e-31
6.765974089794179e-07 8.602724972058258e-31
6.923733454639272e-07 9.43355645673455e-31
7.085171228072106e-07 1.0344628391759501e-30
7.250373177994646e-07 1.1343690307949608e-30
7.419427072122865e-07 1.2439240178150048e-30
7.592422724615558e-07 1.3640596701054368e-30
7.769452043790388e-07 1.4957978566007684e-30
7.950609080952509e-07 1.640259137346412e-30
8.135990080361694e-07 1.798672294966396e-30
8.325693530364543e-07 1.9723847867169324e-30
8.519820215718901e-07 2.162874205949245e-30
8.718473271138315e-07 2.3717608505353523e-30
8.921758236084957e-07 2.600821505130486e-30
9.12978311084014e-07 2.852004554510321e-30
9.342658413882192e-07 3.1274465565284426e-30
9.560497240602198e-07 3.429490415703007e-30
9.78341532338879e-07 3.760705311941982e-30
1.0011531093113902e-06 4.123908554004872e-30
1.0244965742052174e-06 4.522189543539793e-30
1.048384328826741e-06 4.958936053483154e-30
1.0728290641500308e-06 5.437863044499499e-30
1.0978437670592484e-06 5.963044264389979e-30
1.1234417272482566e-06 6.538946899336081e-30
1.149636544281106e-06 7.170469571823804e-30
1.1764421348171486e-06 7.862984008193998e-30
1.2038727400046132e-06 8.622380730532694e-30
1.2319429330465773e-06 9.455119161328225e-30
1.2606676269433496e-06 1.0368282567250452e-29
1.2900620824153782e-06 1.1369638309237114e-29
1.3201419160108953e-06 1.246770391155546e-29
1.3509231084026028e-06 1.3671819511532026e-29
1.38242201287781e-06 1.4992227306678323e-29
1.4146553640265304e-06 1.6440158674308055e-29
1.447640286632156e-06 1.8027929705439112e-29
1.4813943047694329e-06 1.9769045964876344e-29
1.5159353511145682e-06 2.1678317368986026e-29
1.5512817764724183e-06 2.3771984158244147e-29
1.587452359525819e-06 2.606785503601093e-29
1.6244663168122348e-06 2.8585458648052423e-29
1.6623433129330315e-06 3.134620969247223e-29
1.7011034710007933e-06 3.437359107174939e-29
1.740767383330235e-06 3.769335363620189e-29
1.7813561223783898e-06 4.133373521964865e-29
1.8228912519398869e-06 4.532570082760225e-29
1.8653948386032614e-06 4.9703206023526794e-29
1.908889463474389e-06 5.450348575116617e-29
1.9533982341732686e-06 5.976737105142792e-29
1.9989447971105317e-06 6.553963636830242e-29
2.045553350050195e-06 7.186938039329468e-29
2.0932486549653353e-06 7.881044369515566e-29
2.1420560511935146e-06 8.642186667923419e-29
2.192001468898943e-06 9.476839177849059e-29
2.2431114428485372e-06 1.0392101414357055e-28
2.2954131265091837e-06 1.1395758551548767e-28
2.3489343064737076e-06 1.2496347642242146e-28
2.403703417223201e-06 1.3703230232493715e-28
2.4597495562335635e-06 1.5026671989184987e-28
2.5171024994342686e-06 1.647793001816384e-28
2.575792717027583e-06 1.8069348614649657e-28
2.635851389676631e-06 1.98144642611422e-28
2.6973104250709106e-06 2.1728120765807126e-28
2.760202474878063e-06 2.382659552042118e-28
2.8245609520908932e-06 2.612773795155123e-28
2.8904200487788716e-06 2.8651121343462356e-28
2.9578147542535346e-06 3.1418209322397867e-28
3.026780873657441e-06 3.4452538420331477e-28
3.097355046986562e-06 3.777991826896755e-28
3.1695747685562034e-06 4.142865112815933e-28
3.2434784069208122e-06 4.542977261552211e-28
3.319105225258239e-06 4.981731568280335e-28
3.3964954022292982e-06 5.462860008848582e-28
3.4756900533236943e-06 5.990454982391945e-28
3.5567312527036693e-06 6.569004119436571e-28
3.6396620555569646e-06 7.203428451871273e-28
3.7245265209709786e-06 7.899124268747633e-28
3.811369735340273e-06 8.662009014444941e-28
3.900237836319859e-06 9.498571619406142e-28
3.991178037336996e-06 1.041592769139096e-27
4.0842386526745176e-06 1.1421880036677788e-27
4.179469123139017e-06 1.2524985025967045e-27
4.2769200423275275e-06 1.3734625369554062e-27
4.376643183506652e-06 1.506108992007071e-27
4.478691527118417e-06 1.651566118247862e-27
4.583119288927478e-06 1.8110711274541772e-27
4.689981948824612e-06 1.9859807154340476e-27
4.799336280301815e-06 2.177782600970274e-27
4.911240380614659e-06 2.388108179112688e-27
5.0257537016479225e-06 2.6187463962831038e-27
5.142937081500915e-06 2.8716589654650693e-27
5.262852776809252e-06 3.1489970504237485e-27
5.385564495820272e-06 3.4531195614249776e-27
5.511137432239651e-06 3.786613217429416e-27
5.639638299867211e-06 4.15231454580389e-27
5.771135368040315e-06 4.553334006402904e-27
5.905698497903673e-06 4.993082445051732e-27
6.043399179524854e-06 5.4753001019875335e-27
6.184310569875183e-06 6.0040884208529475e-27
6.32850753169624e-06 6.583944929619552e-27
6.47606667327258e-06 7.219801489858359e-27
6.627066389131828e-06 7.917066239027389e-27
6.781586901693754e-06 8.68166958298384e-27
6.939710303890459e-06 9.52011462962502e-27
7.101520602780329e-06 1.0439532492202265e-26
7.267103764178904e-06 1.1447742932972971e-26
7.436547758330399e-06 1.255332086161225e-26
7.609942606644117e-06 1.37656692556116e-26
7.787380429520604e-06 1.5095099120834842e-26
7.968955495292936e-06 1.6552917172393504e-26
8.15476427030917e-06 1.8151521982424923e-26
8.344905470182516e-06 1.9904509409628012e-26
8.539480112236516e-06 2.182678820932684e-26
8.738591569173047e-06 2.39347068054523e-26
8.942345623991688e-06 2.624619230062811e-26
9.150850526189614e-06 2.878090290965604e-26
9.364217049271877e-06 3.156039510710553e-26
9.58255854960264e-06 3.4608306914261615e-26
9.805991026628606e-06 3.7950558877236935e-26
1.0034633184506672e-05 4.161557445445106e-26
1.0268606495168497e-05 4.5634521668199053e-26
1.0508035262855554e-05 5.004157809891109e-26
1.07530466901589e-05 5.487422144475713e-26
1.1003770945598772e-05 6.017354814501291e-26
1.1260341232779899e-05 6.598462274611865e-26
1.1522893861159297e-05 7.235686100028728e-26
1.1791568318464117e-05 7.934444993423792e-26
1.206650734479802e-05 8.70068084788815e-26
1.2347857008475478e-05 9.540909253592151e-26
1.263576678362426e-05 1.0462274881016671e-25
1.293038962959737e-05 1.1472612209159767e-25
1.3231882072236462e-05 1.258051211413793e-25
1.3540404287030327e-05 1.379539488269688e-25
1.3856120184212054e-05 1.5127590275692414e-25
1.4179197495840522e-05 1.6588425313775385e-25
1.4509807864912299e-05 1.8190320535569336e-25
1.484812693655133e-05 1.994689554433315e-25
1.5194334451324849e-05 2.187308473921704e-25
1.5548614340735104e-05 2.3985264209335915e-25
1.5911154824937624e-05 2.6301390875822366e-25
1.6282148512737936e-05 2.8841155052512066e-25
1.6661792503919872e-05 3.162614772868889e-25
1.7050288493959805e-05 3.468004398407902e-25
1.7447842881182494e-05 3.8028804097788413e-25
1.785466687641539e-05 4.17008940595291e-25
1.8270976615199758e-05 4.572752733901296e-25
1.869699327261814e-05 5.014292998037706e-25
1.91329431807992e-05 5.4984631256801385e-25
1.957905794916243e-05 6.02937823562034e-25
2.003557458746648e-05 6.611550578541319e-25
2.0502735631726606e-05 7.249927847381907e-25
2.0980789273068064e-05 7.949935181059948e-25
2.1469989489583918e-05 8.717521214450869e-25
2.1970596181267336e-05 9.559208572614064e-25
2.2482875308090033e-05 1.0482149225075343e-24
2.3007099031300245e-05 1.149418517987119e-24
2.354354585801526e-05 1.2603915023820182e-24
2.4092500789185385e-05 1.3820766873044634e-24
2.4654255471007912e-05 1.5155078354194612e-24
2.5229108349871537e-05 1.661818428813662e-24
2.5817364830913554e-05 1.8222512818907583e-24
2.641933744027406e-05 1.9981690800950786e-24
2.7035345991133382e-05 2.191065933549447e-24
2.7665717753620915e-05 2.4025800426834016e-24
2.8310787628685666e-05 2.634507583307409e-24
2.8970898326020842e-05 2.8888179284084503e-24
2.964640054613707e-05 3.1676703341354292e-24
3.033765316668089e-05 3.47343223165847e-24
3.104502343309761e-05 3.808699278675571e-24
3.176888715373972e-05 4.176317339224561e-24
3.25096288995246e-05 4.5794065770321194e-24
3.326764220824756e-05 5.021387867075235e-24
3.4043329793658724e-05 5.506011741836478e-24
3.483710375941493e-05 6.0373901235286696e-24
3.5649385818020195e-05 6.620031103119283e-24
3.648060751487119e-05 7.258877059238327e-24
3.73312104575266e-05 7.959346440060434e-24
3.820164655032238e-05 8.727379552510604e-24
3.90923782344573e-05 9.569488751392646e-24
4.0003878733676586e-05 1.0492813438631913e-23
4.093663230568398e-05 1.1505180341615219e-23
4.1891134499415887e-05 1.261516957043978e-23
4.2867892418314344e-05 1.3832187003673908e-23
4.386742498973848e-05 1.5166543616312188e-23
4.489026324065786e-05 1.6629542402906508e-23
4.5936950579773975e-05 1.823357361861717e-23
4.700804308621986e-05 1.9992219142985492e-23
4.8104109804991236e-05 2.192036682592115e-23
4.922573304926602e-05 2.403433575891562e-23
5.0373508709772956e-05 2.6352013532508423e-23
5.154804657137365e-05 2.88930065980457e-23
5.27499706370262e-05 3.1678804985455544e-23
5.397991945930254e-05 3.473296273957356e-23
5.5238546479635675e-05 3.808129556631856e-23
5.6526520375476976e-05 4.175209732954996e-23
5.784452541554797e-05 4.577637713497404e-23
5.9193261823375433e-05 5.018811902250312e-23
6.057344614930286e-05 5.502456634013863e-23
6.198581165117595e-05 6.032653315647042e-23
6.34311086839044e-05 6.613874524435033e-23
6.491010509810695e-05 7.251021345649279e-23
6.642358664805138e-05 7.949464243519312e-23
6.797235740910648e-05 8.715087816224876e-23
6.955724020492732e-05 9.554339776554506e-23
7.117907704460117e-05 1.0474284567737715e-22
7.283872956998614e-05 1.148266205117698e-22
7.453707951348025e-05 1.2587951722374395e-22
7.627502916646401e-05 1.3799442987832658e-22
7.805350185866558e-05 1.5127312053989836e-22
7.987344244870308e-05 1.6582706056735235e-22
8.173581782606456e-05 1.8177835076550986e-22
8.364161742479263e-05 1.9926072800996724e-22
8.559185374914618e-05 2.1842066604478312e-22
8.758756291151902e-05 2.394185793210552e-22
8.96298051829007e-05 2.6243013914988836e-22
9.17196655561724e-05 2.8764771263659963e-22
9.385825432253677e-05 3.152819355168547e-22
9.604670766138824e-05 3.4556343113721724e-22
9.828618824393714e-05 3.787446886945101e-22
0.00010057788585090809 4.1510211565146726e-22
0.00010292301800464121 4.549382789100367e-22
0.00010532283061593165 4.985843538207926e-22
0.00010777859864595113 5.464027966118681e-22
0.00011029162678360347 5.987902638907147e-22
0.00011286325013867351 6.5618079712649e-22
0.00011549483495113791 7.190492995922472e-22
0.00011818777931701482 7.879153280339953e-22
0.0001209435139311377 8.633472296534334e-22
0.00012376350284724815 9.459666524338131e-22
0.00012664924425581149 1.0364534612116253e-21
0.00012960227127996844 1.135551097457883e-21
0.00013262415279004548 1.244072416505373e-21
0.00013571649423705693 1.3629060471833298e-21
0.0001388809385056415 1.4930233134173542e-21
0.00014211916678688624 1.635485770862834e-21
0.00014543289947150178 1.7914534056097004e-21
0.0001488238970638237 1.9621935496046693e-21
0.00015229396111712465 2.149090576196846e-21
0.00015584493519073535 2.3536564337857816e-21
0.00015947870582948208 2.5775420901187906e-21
0.00016319720356596128 2.822549954427161e-21
0.00016700240394618395 3.090647360384968e-21
0.00017089632857913436 3.383981190597211e-21
0.000174881046210801 3.7048937281931345e-21
0.00017895867382325032 4.055939830958214e-21
0.0001831313777593269 4.439905526975389e-21
0.00018740137487357792 4.859828143328433e-21
0.00019177093371001327 5.3190180562698104e-21
0.000196242375707327 5.821082215080499e-21
0.00020081807643222024 6.369949531081202e-21
0.00020550046684148122 6.969898267056947e-21
0.0002102920345734925 7.625585587454177e-21
0.0002151953252698519 8.342079351608022e-21
0.00022021294392780895 9.124892373071802e-21
0.00022534755628423554 9.980019217519346e-21
0.0002306018902318662 1.0913975723232721e-20
0.00023597873726856003 1.1933841439354028e-20
0.0002414809539803547 1.3047305053196745e-20
0.0002471114635590999 1.4262713063663537e-20
0.00025287325735547713 1.558912173228555e-20
0.00025876939646823026 1.703635265263718e-20
0.00026480301337045197 1.8615051850338056e-20
0.000270977313573789 2.0336752816126275e-20
0.00027729557733145163 2.2213943341913447e-20
0.00028376116138093086 2.4260136537389733e-20
0.0002903775007273506 2.6489945919775162e-20
0.00029714811046840066 2.891916473424987e-20
0.00030407658766182135 3.156484973362791e-20
0.00031116661323643183 3.444540904681558e-20
0.0003184219539477161 3.7580694559580434e-20
0.00032584646437900766 4.099209847976245e-20
0.00033344408898933415 4.470265416140574e-20
0.0003412188642090111 4.873714077253215e-20
0.0003491749205840977 5.3122191988598366e-20
0.0003573164849708539 5.788640798543263e-20
0.0003656478827813646 6.306047081674492e-20
0.0003741735402815245 6.867726218152339e-20
0.0003828979869426037 7.477198342040138e-20
0.000391825857847644 8.138227717275947e-20
0.000400961896153964 8.85483493354946e-20
0.0004103109556130814 9.631309085115434e-20
0.0004198780031493915 1.0472219819667967e-19
0.00042966812149897106 1.1382429149557568e-19
0.000439686511909911 1.2367102828489387e-19
0.0004499384969056106 1.3431721236108493e-19
0.00046042952311250296 1.4582089489744973e-19
0.0004711651641537129 1.5824346700386613e-19
0.00048215112361018567 1.7164974085294845e-19
0.0004933932380508582 1.8610801804451076e-19
0.0005048974801334842 2.0169014186525416e-19
0.0005166699617777604 2.184715307560988e-19
0.0005287169374124361 2.365311928283069e-19
0.0005410448072981404 2.5595171426240643e-19
0.0005536601209276797 2.7681922239292e-19
0.0005665695805056229 2.9922332003579197e-19
0.0005797800445090163 3.2325698423925177e-19
0.0005932985313311235 3.490164338889175e-19
0.000607132223010125 3.7660095367480155e-19
0.0006212884690447563 4.0611268132767963e-19
0.0006357747902989163 4.376563477990728e-19
0.0006505988829973161 4.713389714533665e-19
0.0006657686228142928 5.072695065277304e-19
0.0006812920690579615 5.455584350412808e-19
0.0006971774689519261 5.863173174330965e-19
0.0007134332620168255 6.2965827965520425e-19
0.0007300680845540431 6.756934566310372e-19
0.0007470907742339592 7.245343825154105e-19
0.0007645103747911887 7.76291329077683e-19
0.0007823361408292924 8.31072598461348e-19
0.00080057754273752 8.889837733154832e-19
0.0008192442717221943 9.501269239537151e-19
0.0008383462449554094 1.0145997850997003e-18
0.0008578936108437789 1.0824949036462165e-18
0.0008778967544200344 1.1538987601438614e-18
0.000898366302860337 1.2288908864798666e-18
0.0009193131311302326 1.3075429797998834e-18
0.0009407483677622533 1.3899180066441006e-18
0.000962683400768232 1.476069356087745e-18
0.000985129883689471 1.5660399791578513e-18
0.0010080997417879817 1.6598616126344955e-18
0.0010316051783820807 1.757554011772886e-18
0.0010556586813297128 1.8591242831697877e-18
0.0010802730296629402 1.9645662700373153e-18
0.001105461300377127 2.0738600092075657e-18
0.0011312368753784248 2.1869713262400193e-18
0.0011576134485932472 2.303851499304862e-18
0.0011846050332435167 2.424437034011621e-18
0.0012122259692915415 2.548649593323713e-18
0.0012404909310584848 2.676395984220017e-18
0.0012694149350204683 2.8075683624323698e-18
0.0012990133477864558 2.942044480531671e-18
0.0013293018942621524 3.07968810908963e-18
0.001360296666004259 3.220349571225727e-18
0.001392014129769518 3.363866397601295e-18
0.0014244711362630968 3.510064116988516e-18
0.0014576849290909482 3.658757115583995e-18
0.0014916731539209149 3.809749612142458e-18
0.0015264538678574353 3.962836725693403e-18
0.0015620455490348386 4.1178056526815994e-18
0.0015984671064343198 4.2744367699190024e-18
0.0016357378899298156 4.432504998675743e-18
0.0016738777005681136 4.591780976879806e-18
0.0017129068010886602 4.7520324058483256e-18
0.0017528459266886532 4.913025368739103e-18
0.00179371629603914 5.074525545629986e-18
0.0018355396225579732 5.236299564447725e-18
0.0018783381259456144 5.398116166980198e-18
0.0019221345439899109 5.559747375227015e-18
0.001966952144646121 5.720969646865504e-18
0.0020128147383986056 5.881564894402079e-18
0.002059746690910748 6.041321473035351e-18
0.0021077729359698315 6.2000350393643094e-18
0.0021569189887337423 6.357509355036236e-18
0.002207210959286545 6.513556995406745e-18
0.0022586755665101248 6.667999951569997e-18
0.0023113401522792685 6.820670137601072e-18
0.0023652326959877285 6.971409770650484e-18
0.0024203818294129824 7.120071795327355e-18
0.0024768168519275916 7.266519969713858e-18
0.002534567746065232 7.410629120869136e-18
0.0025936651934496745 7.552285187348867e-18
0.0026541405910951734 7.691385075425896e-18
0.0027160260680869266 7.82783686109733e-18
0.0027793545026504624 7.961559169321774e-18
0.002844159539619031 8.092481426852532e-18
0.0029104756083082714 8.220543402026125e-18
0.0029783379408076585 8.345694707762924e-18
0.0030477825906984404 8.467894762888388e-18
0.0031188464522080173 8.587112154497681e-18
0.0031915672798109355 8.70332432910064e-18
0.0032659837082868936 8.816517176507563e-18
0.003342135273246469 8.926684407453656e-18
0.0034200624321353945 9.033827268128818e-18
0.0034998065857286074 9.137954050394835e-18
0.0035814101001254554 9.239079329586231e-18
0.003664916329257761 9.3372238824488e-18
0.0037503696379226933 9.432413977598775e-18
0.0038378154253526898 9.524680903640036e-18
0.003927300149334948 9.614060619551968e-18
0.004018871350893299 9.70059321329404e-18
0.00411257767954558 9.78432258061009e-18
0.004208468919149921 9.86529577247074e-18
0.004306596014353682 9.94356290313251e-18
0.004407011097659079 1.001917672318348e-17
0.004509767517119906 1.0092191936771313e-17
0.004614919864684026 1.0162665333581578e-17
0.004722524005196735 1.0230655157718843e-17
0.004832637106080367 1.0296220741758822e-17
0.004945317667705937 1.0359422675743497e-17
0.005060625554472947 1.0420321976731572e-17
0.005178622026613854 1.047898036386146e-17
0.005299369772740128 1.0535459655342065e-17
0.005422932943147155 1.0589821787459556e-17
0.0055493771838957115 1.0642128563411621e-17
0.00567876967168809 1.0692441419785897e-17
0.005811179149557424 1.0740821385608236e-17
0.0059466759633891655 1.0787328859261119e-17
0.006085332099294114 1.083202377248638e-17
0.006227221221852859 1.0874964765863322e-17
0.006372418713251954 1.091621009333746e-17
0.006521001713332612 1.0955816627543635e-17
0.006673049160573193 1.0993840369841667e-17
0.006828641834027273 1.1030336115791871e-17
0.006987862396239558 1.1065357700699079e-17
0.00715079543716245 1.1098957438489909e-17
0.007317527519096606 1.1131186504213538e-17
0.007488147222679345 1.1162094717455821e-17
0.007662745193945353 1.1191730892809222e-17
0.007841414192484688 1.1220142256412562e-17
0.008024249140723652 1.1247374542184092e-17
0.008211347174354735 1.1273472756113245e-17
0.008402807693942412 1.1298480122032486e-17
0.008598732417732204 1.132243863628511e-17
0.008799225435691074 1.134538900046414e-17
0.009004393264807849 1.1367370540681683e-17
0.009214344905683071 1.1388421429667009e-17
0.009429191900438323 1.1408578639860392e-17
0.009649048391975805 1.1427877816243934e-17
0.009874031184619632 1.1446353224898119e-17
0.010104259806171096 1.1464038095142001e-17
0.01033985657141083 1.1480964566100155e-17
0.010580946647081629 1.1497163452073006e-17
0.010827658118386449 1.1512664558434374e-17
0.011080122057036918 1.1527496596623874e-17
0.011338472590888495 1.1541687200860389e-17
0.01160284697519928 1.1555263085942864e-17
0.01187338566555036 1.1568249624830217e-17
0.012150232392466372 1.1580671598769778e-17
0.012433534237775993 1.1592552536647863e-17
0.01272344171275288 1.1603915629826187e-17
0.013020108838078586 1.1614782006780898e-17
0.013323693225669961 1.1625173291854698e-17
0.013634356162414448 1.1635109308839455e-17
0.013952262695857842 1.164460970694203e-17
0.014277581721889965 1.1653692820610938e-17
0.014610486074474885 1.1662376882301008e-17
0.014951152617473332 1.1670678841300146e-17
0.015299762338606094 1.1678614640176633e-17
0.015656500445608335 1.1686200611126778e-17
0.016021556464625875 1.1693451963167107e-17
0.016395124340905766 1.1700382814815531e-17
0.016777402541834602 1.1707007210806548e-17
0.017168594162379338 1.1713338405095825e-17
0.01756890703298664 1.1719388924550162e-17
0.017978553829998065 1.1725171519509774e-17
0.01839775218863974 1.1730697377603372e-17
0.01882672481864659 1.1735978149581839e-17
0.01926569962258253 1.1741024231521656e-17
0.019714909816919448 1.1745846362037471e-17
0.020174594055939365 1.1750453292224499e-17
0.02064499655852557 1.1754855897657314e-17
0.021126367237910063 1.1759062137876289e-17
0.021618961834446313 1.1763081093934537e-17
0.02212304205147776 1.1766920870486902e-17
0.022638875694374342 1.1770589454290667e-17
0.0231667368128109 1.1774094307951543e-17
0.02370690584636297 1.1777442678788927e-17
0.024259669773497434 1.1780641478157502e-17
0.024825322264037063 1.1783697576835316e-17
0.025404163835180054 1.1786617132986462e-17
0.025996502011157406 1.1789405912794929e-17
0.026602651486612925 1.179207012335438e-17
0.027222934293792744 1.1794615230635386e-17
0.027857679973633073 1.1797046601072088e-17
0.02850722575083718 1.1799368718550615e-17
0.02917191671303455 1.1801587130407922e-17
0.029852105994117403 1.180370624525917e-17
0.030548154961852016 1.180573008048629e-17
0.031260433409864494 1.1807663548497513e-17
0.031989319754103004 1.1809510088872134e-17
0.0327352012338808 1.1811273855232219e-17
0.03349847411760691 1.1812958684802923e-17
0.034279543913313774 1.1814568177327096e-17
0.03507882558409363 1.1816104782621727e-17
0.03589674376855814 1.181757291108509e-17
0.03673373300643846 1.1818975508171868e-17
0.037590237969445384 1.1820314487664431e-17
0.038466713697512506 1.1821594002536562e-17
0.03936362584054766 1.1822815986293015e-17
0.04028145090582124 1.1823982021220037e-17
0.04122067651112274 1.182509676917742e-17
0.04218180164382002 1.1826161547290882e-17
0.043165336925959 1.182717767929495e-17
0.044171804885544536 1.182814835625923e-17
0.04520174023414663 1.182907572769014e-17
0.046255690150979495 1.1829961371408997e-17
0.047334214573604344 1.1830807568851674e-17
0.048437886495410414 1.1831614929371872e-17
0.04956729227003216 1.1832386766819376e-17
0.05072303192286451 1.1833123112792046e-17
0.051905719469841495 1.183382681303866e-17
0.05311598324364777 1.1834499094581726e-17
0.05435446622753626 1.1835140130349254e-17
0.05562182639692926 1.1835753710184129e-17
0.056918737068984544 1.1836339505041766e-17
0.058245887260312136 1.1836897990290343e-17
0.05960398205303182 1.1837431997794243e-17
0.06099374296936585 1.1837941423410826e-17
0.06241590835496589 1.1838429091584702e-17
0.06387123377117784 1.1838893311525291e-17
0.06536049239645289 1.1839337162185099e-17
0.06688447543711816 1.1839761637890971e-17
0.06844399254772507 1.1840167101661383e-17
0.0700398722611988 1.1840554040568515e-17
0.0716729624290174 1.1840922938689462e-17
0.07334413067165428 1.184127570445747e-17
0.07505426483952363 1.1841612933883562e-17
0.07680427348467332 1.1841934465507945e-17
0.07859508634347626 1.1842241853252721e-17
0.08042765483057629 1.1842535682225916e-17
0.08230295254435131 1.1842815694927062e-17
0.08422197578416211 1.1843082563546419e-17
0.08618574407966152 1.1843338017217573e-17
0.08819530073244539 1.1843582792200961e-17
0.09025171337033296 1.1843815704540163e-17
0.09235607451457113 1.1844038409017199e-17
0.09450950216026408 1.1844250301894513e-17
0.09671314037033632 1.1844452186944557e-17
0.09896815988334524 1.1844646408374415e-17
0.10127575873546546 1.1844831875633505e-17
0.10363716289697593 1.1845008604601704e-17
0.10605362692358762 1.184517692853919e-17
0.10852643462295801 1.1845339155492274e-17
0.11105689973674641 1.1845491782306652e-17
0.11364636663857243 1.1845640352742616e-17
0.11629621104824843 1.1845779598553455e-17
0.1190078407626656 1.1845914519579148e-17
0.12178269640372161 1.1846040719549678e-17
0.12462225218368743 1.1846164193713642e-17
0.1275280166884199 1.1846281355482901e-17
0.13050153367883624 1.1846392375767727e-17
0.1335443829110759 1.1846497995479176e-17
0.13665818097578622 1.1846600545091216e-17
0.13984458215697693 1.1846698804009199e-17
0.14310527931090045 1.1846790414045668e-17
0.14644200476542463 1.1846877542340755e-17
0.14985653124037576 1.1846962837866761e-17
0.15335067278934078 1.184704399381486e-17
0.1569262857634292 1.1847120950129132e-17
0.1605852697975066 1.1847195107541504e-17
0.16432956881942368 1.1847265294186275e-17
0.16816117208277714 1.1847331521353409e-17
0.172082115223751 1.1847397379336803e-17
0.1760944813425998 1.1847458647268825e-17
0.1802004021103484 1.1847516720030138e-17
0.18440205890129596 1.1847573719209787e-17
0.18870168395192646 1.1847628398174136e-17
0.1931015615468407 1.1847676400983418e-17
0.1976040292323402 1.1847724683210778e-17
0.20221147905830805 1.1847772542703372e-17
0.20692635884904578 1.1847815264103218e-17
0.21175117350374192 1.1847858214940722e-17
0.2166884863272632 1.184789790256799e-17
0.22174092039197504 1.1847936656300405e-17
0.22691115993131514 1.1847974505287163e-17
0.23220195176586036 1.1848011210358621e-17
0.2376161067626448 1.1848043926657266e-17
0.24315650132850383 1.1848077129252915e-17
0.24882607893823822 1.1848107348192883e-17
0.25462785169840935 1.18481364379917e-17
0.2605649019475973 1.1848160477213939e-17
0.26664038389397104 1.1848192240573646e-17
0.27285752529104135 1.1848218282769959e-17
0.2792196291524867 1.1848242588980253e-17
0.2857300755069626 1.1848263894317005e-17
0.2923923231938275 1.1848281633584998e-17
0.2992099117007387 1.1848308736880544e-17
0.3061864630440946 1.1848329726477233e-17
0.31332568369332287 1.1848348458288982e-17
0.32063136654003577 1.1848364636506607e-17
0.3281073929131 1.1848382571932521e-17
0.3357577346406907 1.1848400457993377e-17
0.343586456160426 1.18484141338421e-17
0.3515977166787018 1.184843165963465e-17
0.359795772380376 1.1848446887251183e-17
0.368184978689974 1.1848455235618983e-17
0.3767697925856183 1.184847016170578e-17
0.38555477496691104 1.1848488731978596e-17
0.394544593078027 1.1848497163367089e-17
0.4037440229873054 1.184851153739289e-17
0.4131579521246571 1.1848520395391375e-17
0.42279138187813525 1.1848530658404987e-17
0.43264943025104924 1.1848538293093405e-17
0.4427373345810337 1.1848547230354532e-17
0.4530604543225162 1.1848557418955595e-17
0.4636242738940635 1.1848566736924476e-17
0.47443440559211736 1.1848577684930078e-17
0.48549659257266914 1.1848588514481547e-17
0.4968167119024568 1.1848594669716946e-17
0.5084007776813051 1.1848601322664073e-17
0.5202549442372687 1.1848611349680814e-17
0.5323855093962742 1.1848616642485446e-17
0.5447989178279997 1.1848626190513001e-17
0.557501764469769 1.184862756423457e-17
0.5705007980302781 1.1848632687923952e-17
0.5838029245750183 1.1848640822800727e-17
0.5974152111952977 1.1848649975317356e-17
0.6113448897628128 1.1848653485957947e-17
0.6255993607717623 1.1848655004310217e-17
0.6401861972705483 1.1848663894113669e-17
0.6551131488851486 1.184865880931185e-17
0.6703881459363026 1.184866845479045e-17
0.686019303652694 1.1848673013252832e-17
0.7020149264823721 1.184867032985337e-17
0.7183835125046995 1.1848679939140316e-17
0.7351337579451718 1.1848689233324809e-17
0.7522745617955077 1.1848680502462577e-17
0.7698150305414633 1.1848689729965408e-17
0.7877644830008832 1.1848697004391508e-17
0.8061324552745581 1.1848687991621202e-17
0.8249287058125218 1.1848700234731176e-17
0.8441632205984669 1.1848695088031357e-17
0.8638462184550629 1.1848691236522137e-17
0.8839881564729563 1.1848698790498154e-17
0.9045997355663667 1.1848710041679534e-17
0.9256919061582187 1.1848708782570943e-17
0.9472758739978306 1.1848720350512069e-17
0.9693631061142522 1.1848717400670597e-17
0.9919653369084147 1.1848719467524498e-17
1.0150945743873274 1.1848712599249054e-17
1.0387631065436362 1.1848712342667814e-17
1.0629835078839296 1.1848718560191412e-17
1.0877686461092637 1.184872368008587e-17
1.1131316889514546 1.184871289938328e-17
1.1390861111687691 1.1848727914945245e-17
1.16564570170473 1.1848727358528485e-17
1.1928245710138414 1.1848726469398293e-17
1.2206371585581264 1.1848731998427722e-17
1.2490982404784545 1.184872171506855e-17
1.2782229374447416 1.18487236548687e-17
1.3080267226891875 1.184873723923296e-17
1.3385254302268237 1.1848728470962984e-17
1.369735263267732 1.1848727441877079e-17
1.4016728028254128 1.1848730084629927e-17
1.4343550165258654 1.1848727742912136e-17
1.4677992676220706 1.1848736286944608e-17
1.5020233242186567 1.1848735670049827e-17
1.5370453687116559 1.1848738363059355e-17
1.5728840074483612 1.184874486083694e-17
1.6095582806124205 1.1848741463203831e-17
1.6470876723394143 1.1848754584391518e-17
1.6854921210682972 1.1848739074853454e-17
1.7247920301341966 1.1848733665285147e-17
1.7650082786082029 1.1848740521238267e-17
1.8061622323899016 1.1848759870723753e-17
1.848275755558551 1.1848738066934137e-17
1.8913712219889245 1.1848758505247522e-17
1.935471527238 1.1848741465485982e-17
1.9806001007088037 1.1848747442689838e-17
2.0267809180978715 1.1848740075675482e-17
2.0740385141329463 1.1848734279483248e-17
2.1223979956076717 1.1848774211858671e-17
2.171885054720213 1.1848748290819904e-17
2.222525982722885 1.1848751874243571e-17
2.274347683890048 1.1848766257735243e-17
2.327377689811681 1.1848751897057567e-17
2.3816441740202396 1.1848750322244006e-17
2.437175966958554 1.1848752192660119e-17
2.4940025712967335 1.1848775327201352e-17
2.552154177606206 1.1848767241361934e-17
2.611661680399223 1.184878815514114e-17
2.6725566945423505 1.1848771240480122e-17
2.7348715720526675 1.1848778162016841e-17
2.7986394192855935 1.1848756542103326e-17
2.863894114523477 1.1848768649328282e-17
2.9306703259742912 1.1848738819462443e-17
2.999003530189995 1.1848761622055504e-17
3.068930030914351 1.1848767077737442e-17
3.1404869783702067 1.184873987234563e-17
3.21371238899649 1.184872371613778e-17
3.2886451656454048 1.184873839947323e-17
3.3653251182505572 1.184874615710345e-17
3.443792984976987 1.1848774254835209e-17
3.5240904538643507 1.1848744706712316e-17
3.6062601849747473 1.1848783346615433e-17
3.6903458330569543 1.1848726173544184e-17
3.77639207073912 1.1848762517639571e-17
3.8644446122622242 1.1848699142944876e-17
3.9545502377669295 1.1848738674631013e-17
4.046756818146711 1.1848755992107129e-17
4.141113340480481 1.1848764984528156e-17
4.237669934058216 1.1848746250648998e-17
4.336477897013409 1.1848717149308824e-17
4.437589723576497 1.1848774165212183e-17
4.541059131963759 1.1848764082718537e-17
4.646941092916466 1.1848717968535658e-17
4.755291858905486 1.1848712878524451e-17
4.866168994016832 1.1848756250156532e-17
4.979631404534034 1.184877005690441e-17
5.0957393702336 1.18487891612687e-17
5.214554576410165 1.1848751047721628e-17
5.336140146648369 1.1848691611243294e-17
5.4605606763588606 1.1848789987740142e-17
5.587882267096237 1.1848746128096435e-17
5.718172561677172 1.1848698269807913e-17
5.851500780117376 1.1848761365932031e-17
5.987937756406471 1.1848834955149593e-17
6.127555976140354 1.184878858710729e-17
6.270429615030991 1.1848727281732288e-17
6.416634578314149 1.1848795649354885e-17
6.566248541075969 1.184877592060678e-17
6.719350989519823 1.1848755383610364e-17
6.87602326319537 1.1848743818451588e-17
7.036348598212252 1.1848729607482558e-17
7.200412171461376 1.184879593800298e-17
7.368301145867304 1.1848752207327933e-17
7.540104716695753 1.1848730939852454e-17
7.715914158940838 1.184875899710758e-17
7.8958228758172275 1.1848793320316929e-17
8.07992644838296 1.1848713829616274e-17
8.2683226863193 1.1848833827143942e-17
8.461111679894604 1.184870046528759e-17
8.658395853139817 1.1848821660422009e-17
8.860280018263818 1.184876855545738e-17
9.066871431337571 1.184883995810213e-17
9.278279849276613 1.1848799623416507e-17
9.494617588152204 1.1848734387143283e-17
9.715999582862075 1.1848779094834002e-17
9.942543448192506 1.1848718290642807e-17
10.17436954130415 1.1848633336014994e-17
10.411601025674827 1.1848856793189095e-17
10.654363936533231 1.1848644566383738e-17
10.902787247818345 1.1848792077963977e-17
11.157002940700098 1.1848677409906171e-17
11.417146073697703 1.1848709728643671e-17
11.683354854432924 1.184872955281773e-17
11.955770713056356 1.184877780073025e-17
12.234538377385784 1.1848686708158529e-17
12.519805949796487 1.1848829869878189e-17
12.811724985904382 1.1848825021642972e-17
13.110450575083778 1.184878139819685e-17
13.416141422862523 1.1848817540381772e-17
13.72895993523834 1.1848649566627086e-17
14.04907230496112 1.1848885171309438e-17
14.37664859982702 1.1848818871327075e-17
14.711862853031292 1.1848836387629968e-17
15.054893155627816 1.1848677276841399e-17
15.405921751144481 1.1848708882636861e-17
15.765135132404664 1.1848775134386784e-17
16.132724140606275 1.1848854450974721e-17
16.50888406671095 1.1848767463315608e-17
16.89381475519735 1.1848718529192773e-17
17.287720710233557 1.184854124681461e-17
17.690811204325115 1.184870399908779e-17
18.103300389496336 1.1848763809551122e-17
18.52540741106398 1.1849059826725521e-17
18.957356524063755 1.1848819027238729e-17
19.399377212391464 1.1848802239881299e-17
19.85170431072216 1.1848726830308614e-17
20.314578129271972 1.1849009961716271e-17
20.788244581469023 1.1848836442774222e-17
21.272955314601134 1.184867007468484e-17
21.76896784350983 1.1848844175990632e-17
22.27654568740161 1.1848727741920842e-17
22.79595850984919 1.1848825411242691e-17
23.327482262057103 1.1848832053830429e-17
23.871399329467756 1.1848580782129242e-17
24.427998681785848 1.1848800131650309e-17
24.997576026500827 1.184852820395049e-17
25.580433965988984 1.1848676476343926e-17
26.176882158278623 1.1848779449003576e-17
26.787237481563718 1.1848610073887453e-17
27.411824202553472 1.1848741966090575e-17
28.050974148747212 1.1848727089208502e-17
28.705026884726152 1.1849056749557548e-17
29.374329892555654 1.1848937987499266e-17
30.05923875639388 1.1848902079129036e-17
30.760117351404876 1.18486970238964e-17
31.477338037076432 1.1848823772632467e-17
32.21128185504559 1.1848468303394668e-17
32.962338731536356 1.1848599129432086e-17
33.730907684518286 1.1848805957636633e-17
34.51739703569462 1.1848605969073436e-17
35.322224627433556 1.1848304481588973e-17
36.14581804475762 1.1848569979438738e-17
36.98861484250899 1.1848954041744422e-17
37.851062777811606 1.1848976154093994e-17
38.733620047953465 1.184895196924975e-17
39.63675553381552 1.1848943399822222e-17
40.5609490489765 1.1849126483542768e-17
41.506691594626034 1.1848700590942178e-17
42.47448562042145 1.18487482776914e-17
43.46484529142686 1.1849345373812183e-17
44.4782967612764 1.1848439734250367e-17
45.515378451706574 1.1848693221739956e-17
46.576641338606535 1.184892858022493e-17
47.66264924473788 1.1848903621451827e-17
48.773979139279795 1.1849139640104782e-17
49.911221444358546 1.1849003126718725e-17
51.07498034872413 1.1848403704865664e-17
52.265874128740876 1.1848770166974546e-17
53.48453547686238 1.1848956338966287e-17
54.731611837765406 1.1848756026985124e-17
56.00776575232122 1.1848576138719925e-17
57.31367520958723 1.184911561343894e-17
58.650034007005786 1.184837181762649e-17
60.017552119001664 1.1848786471825379e-17
61.416956074173925 1.1848964833820364e-17
62.84898934128261 1.1848450081331282e-17
64.31441272423535 1.18481476653844e-17
65.81400476628369 1.184887596767856e-17
67.34856216364385 1.1848254231267276e-17
68.91890018876182 1.184837524264556e-17
70.52585312344742 1.1848608148373807e-17
72.17027470210763 1.1848975519045761e-17
73.8530385653146 1.1848771901089168e-17
75.57503872394936 1.1849205728407236e-17
77.33719003416762 1.1849449461399182e-17
79.14042868344033 1.1848764301433909e-17
80.98571268792693 1.18490233788723e-17
82.87402240144569 1.1848170636317124e-17
84.80636103631147 1.1849033397210782e-17
86.78375519631766 1.18488379586055e-17
88.80725542214539 1.1849464741754897e-17
90.8779367494899 1.1848669215510093e-17
92.99689928020044 1.1848659767917841e-17
95.16526876673713 1.1848005917426717e-17
97.38419721025556 1.1849684127342558e-17
99.6548634726365 1.1849182695114961e-17
101.97847390278609 1.1847154082561141e-17
104.35626297753925 1.184973928280998e-17
106.78949395750668 1.1847778956031867e-17
109.27945955821409 1.1848623579074944e-17
111.82748263689002 1.1849325071336292e-17
114.43491689526716 1.1849158022375102e-17
117.10314759877073 1.1848989847381356e-17
119.8335923124757 1.184775746838343e-17
122.62770165422418 1.1848857876839784e-17
125.4869600653028 1.1848679988316999e-17
128.41288659908975 1.1847604954068832e-17
131.40703572809028 1.1848491221857544e-17
134.4709981697896 1.1847267980172932e-17
137.6064017317617 1.1849214864310833e-17
140.8149121764835 1.1848789458109438e-17
144.09823410631301 1.1849258745732193e-17
147.45811186910282 1.184888388444879e-17
150.89633048492877 1.1848234497990375e-17
154.41471659442715 1.1849293369808609e-17
158.01513942924367 1.184909139843224e-17
161.6995118051102 1.1850122147894088e-17
165.46979113807643 1.1847936115911555e-17
169.32798048443664 1.1848614241519759e-17
173.27612960490418 1.1849466678329494e-17
177.3163360535986 1.1849018812374477e-17
181.45074629242436 1.1848485217515191e-17
185.68155683143308 1.1847884632796483e-17
190.01101539577502 1.1848771336792076e-17
194.44142211985996 1.1847920968921451e-17
198.9751307693619 1.184873846759743e-17
203.61454999171644 1.1850361686528539e-17
208.36214459577587 1.1849493659190161e-17
213.2204368613011 1.1846982116578676e-17
218.19200787898666 1.1848898317178843e-17
223.27949892173046 1.184750686686817e-17
228.48561284787684 1.1850418306393209e-17
233.81311553717836 1.1849407950258565e-17
239.2648373602396 1.1849909324590328e-17
244.8436746822229 1.1850638882767016e-17
250.55259140161598 1.1846403744669747e-17
256.3946205248776 1.1848037358874922e-17
262.37286577779935 1.1845988285656784e-17
268.49050325443824 1.1849007816347631e-17
274.7507831044972 1.18482720263489e-17
281.15703126004934 1.184820544011664e-17
287.7126512025234 1.1849024828009463e-17
294.4211257708895 1.1847316112342221e-17
301.2860190120053 1.1848255657465825e-17
308.3109780741064 1.1849673439172708e-17
315.4997351444457 1.1844320582728548e-17
322.8561094321127 1.1845077001201052e-17
330.38400919708465 1.1845762315396408e-17
338.08743382658884 1.1848406143971329e-17
345.970475959878 1.184630115554986e-17
354.0373236625486 1.1846338027906916e-17
362.2922626515567 1.1850877407394796e-17
370.7396785721134 1.1847347293833049e-17
379.3840593276699 1.1851164195256172e-17
388.22999746422977 1.1845252601240012e-17
397.28219261025527 1.1847077619265754e-17
406.54545397346374 1.1844378625508302e-17
416.02470289584096 1.184893992744227e-17
425.7249754682287 1.1845335040486215e-17
435.6514252058753 1.1852441327393512e-17
445.8093257863709 1.1849907968757626e-17
456.2040738514225 1.184947972964693e-17
466.841191873956 1.1847501797165676e-17
477.72633109207 1.1846400237339937e-17
488.86527451139875 1.1846838823259902e-17
500.26393997748045 1.1848423599167348e-17
511.92838331976236 1.1851298959472685e-17
523.8648015689132 1.1851634606591254e-17
536.079536249153 1.1847020139313577e-17
548.5790767473477 1.1857050973218464e-17
561.3700637606607 1.1849521637759271e-17
574.4592928245908 1.1851524691866105e-17
587.8537179232724 1.1858583873872273e-17
601.560455183956 1.1856879743104068e-17
615.5867866576306 1.185180079604177e-17
629.940164187797 1.185253072807691e-17
644.6282133694491 1.1851584347187796e-17
659.6587376003637 1.1845941827637931e-17
675.039722226853 1.1853107528303748e-17
690.7793387861822 1.1849985797823449e-17
706.885949347905 1.1850539198084719e-17
723.368110956425 1.1848656426987076e-17
740.2345801771418 1.1845474818547842e-17
757.4943177485981 1.1854772510249767e-17
775.1564933430986 1.1845188374802586e-17
793.2304904383309 1.1845977155966262e-17
811.7259113025749 1.1854035217222078e-17
830.6525820961508 1.185063302074098e-17
850.0205580918159 1.1852598250022183e-17
869.8401290168822 1.1849737788397754e-17
890.1218245198946 1.1849115590965957e-17
910.8764197647733 1.1848467446354403e-17
932.1149411553916 1.1843815157123383e-17
953.848672193633 1.184880537382875e-17
976.0891594740359 1.1859163923586756e-17
998.8482188182152 1.185008349518262e-17
1022.1379415523157 1.1858146069971484e-17
1045.9707009308356 1.1855779644590176e-17
1070.3591587102305 1.1846697550707317e-17
1095.3162718757928 1.1845090240016345e-17
1120.8552995253765 1.1848166577894793e-17
1146.98980991363 1.1848394150641372e-17
1173.7336876604738 1.185050829087387e-17
1201.1011411276565 1.1862186689955248e-17
1229.1067099673062 1.1831917570709117e-17
1257.7652728464884 1.1843870891531374e-17
1287.0920553518754 1.1849653677643983e-17
1317.1026380787234 1.1845594987547053e-17
1347.812964908458 1.1854046363297357e-17
1379.239351479266 1.184847810479637e-17
1411.3984938541882 1.1856396928590272e-17
1444.3074773913293 1.1852640345950856e-17
1477.9837858208825 1.1845871237969668e-17
1512.445310533807 1.1859231978189282e-17
1547.71036008708 1.1844452889682439e-17
1583.797669930582 1.185013490613455e-17
1620.7264123607779 1.184848526949059e-17
1658.5162067064848 1.1858186100177985e-17
1697.1871297521373 1.1845367434559965e-17
1736.7597264040865 1.1849663606636351e-17
1777.255020605602 1.1871996439802843e-17
1818.6945265063737 1.184506184429612e-17
1861.1002598924472 1.1840030203021655e-17
1904.4947498826687 1.1865818722424879e-17
1948.9010508978479 1.1839604637331872e-17
1994.3427549090043 1.1827470611701674e-17
2040.8440039711966 1.1856564737752185e-17
2088.4295030496014 1.1826939059685445e-17
2137.124533144652 1.1869378741530124e-17
2186.9549647232075 1.1859261650449622e-17
2237.947271462894 1.1843164623302605e-17
2290.1285443169163 1.1855227349045204e-17
2343.5265059068115 1.1858945693603264e-17
2398.169525250793 1.1817204428309896e-17
2454.086632835509 1.1842323764355513e-17
2511.3075360392254 1.185167701434704e-17
2569.8626349146184 1.1855517591875192e-17
2629.783038339575 1.1820208256557629e-17
2691.100580544569 1.187663471656815e-17
2753.8478380254037 1.1874099198484318e-17
2818.0581468502987 1.1849810071867609e-17
2883.7656203705187 1.1836458309325174e-17
2951.0051673439552 1.1845732051835825e-17
3019.812510481288 1.1838201455764248e-17
3090.2242054245785 1.185670707687893e-17
3162.2776601683795 1.1855433031228343e-17
