# %ECSV 1.0
# ---
# datatype:
# - {name: mx, unit: MeV, datatype: float64}
# - {name: sigma_9, unit: cm2, datatype: float64}
# schema: astropy-2.0
mx sigma_9
3.162277660168379e-07 1.2123685609291707e-21
3.2360111549336787e-07 1.3225127438188644e-21
3.311463862505236e-07 1.442328266915165e-21
3.388675869043115e-07 1.5726179490144988e-21
3.4676881953794695e-07 1.714244925985471e-21
3.548542818811901e-07 1.8681363288485e-21
3.6312826954049566e-07 2.035287069816972e-21
3.715951782811629e-07 2.216763721995096e-21
3.8025950636269697e-07 2.4137084747132477e-21
3.89125856928623e-07 2.62734314381752e-21
3.9819894045202297e-07 2.8589732115843577e-21
4.0748357723809307e-07 3.1099918670928128e-21
4.169846999850535e-07 3.3818840130611984e-21
4.2670735640476865e-07 3.676230201246626e-21
4.3665671190447213e-07 3.994710451802394e-21
4.4683805233101997e-07 4.339107907818233e-21
4.572567867791303e-07 4.7113122708408276e-21
4.6791845046510194e-07 5.113322956732763e-21
4.788287076675383e-07 5.5472519054795855e-21
4.899933547366384e-07 6.015325974057752e-21
5.014183231736547e-07 6.519888833988651e-21
5.131096827821533e-07 7.063402291843486e-21
5.250736448927506e-07 7.648446944862924e-21
5.373165656630395e-07 8.277722079241955e-21
5.4984494945446e-07 8.954044716637948e-21
5.626654522879044e-07 9.680347711138682e-21
5.757848853798981e-07 1.0459676793891264e-20
5.892102187612295e-07 1.12951864720522e-20
6.029485849799565e-07 1.2190134676948184e-20
6.17007282890752e-07 1.3147876069971758e-20
6.313937815326057e-07 1.4171853919196755e-20
6.461157240969403e-07 1.5265590458245144e-20
6.611809319882495e-07 1.643267566058913e-20
6.765974089794179e-07 1.7676754366984887e-20
6.923733454639272e-07 1.9001511723047013e-20
7.085171228072106e-07 2.041065689979029e-20
7.250373177994646e-07 2.190790508937742e-20
7.419427072122865e-07 2.3496957796809103e-20
7.592422724615558e-07 2.5181481469303183e-20
7.769452043790388e-07 2.6965084529904913e-20
7.950609080952509e-07 2.885129292851751e-20
8.135990080361694e-07 3.0843524331119575e-20
8.325693530364543e-07 3.2945061114292877e-20
8.519820215718901e-07 3.515902237378684e-20
8.718473271138315e-07 3.7488335172638896e-20
8.921758236084957e-07 3.9935705274461294e-20
9.12978311084014e-07 4.2503587696168927e-20
9.342658413882192e-07 4.5194157354523594e-20
9.560497240602198e-07 4.800928019244368e-20
9.78341532338879e-07 5.0950485083096345e-20
1.0011531093113902e-06 5.401893699618917e-20
1.0244965742052174e-06 5.721541167844959e-20
1.048384328826741e-06 6.054027234827101e-20
1.0728290641500308e-06 6.39934486910726e-20
1.0978437670592484e-06 6.757441859958256e-20
1.1234417272482566e-06 7.128219293431695e-20
1.149636544281106e-06 7.511530365598091e-20
1.1764421348171486e-06 7.907179558513756e-20
1.2038727400046132e-06 8.314922204737114e-20
1.2319429330465773e-06 8.734464454236054e-20
1.2606676269433496e-06 9.165463659640834e-20
1.2900620824153782e-06 9.607529188825518e-20
1.3201419160108953e-06 1.0060223654917182e-19
1.3509231084026028e-06 1.0523064572227849e-19
1.38242201287781e-06 1.0995526413944749e-19
1.4146553640265304e-06 1.1477043057792002e-19
1.447640286632156e-06 1.196701059655911e-19
1.4813943047694329e-06 1.246479047753263e-19
1.5159353511145682e-06 1.2969712944183873e-19
1.5512817764724183e-06 1.348108073019932e-19
1.587452359525819e-06 1.3998172971578227e-19
1.6244663168122348e-06 1.4520249289468906e-19
1.6623433129330315e-06 1.5046553992690016e-19
1.7011034710007933e-06 1.5576320349696792e-19
1.740767383330235e-06 1.6108774892683477e-19
1.7813561223783898e-06 1.6643141690619387e-19
1.8228912519398869e-06 1.7178646565361284e-19
1.8653948386032614e-06 1.7714521180248933e-19
1.908889463474389e-06 1.8250006985313385e-19
1.9533982341732686e-06 1.8784358973030846e-19
1.9989447971105317e-06 1.9316849214338874e-19
2.045553350050195e-06 1.984677013421601e-19
2.0932486549653353e-06 2.037343752490042e-19
2.1420560511935146e-06 2.089619327023209e-19
2.192001468898943e-06 2.1414407750938498e-19
2.2431114428485372e-06 2.1927481951743345e-19
2.2954131265091837e-06 2.2434849243400183e-19
2.3489343064737076e-06 2.2935976849457122e-19
2.403703417223201e-06 2.3430366999664413e-19
2.4597495562335635e-06 2.39175577765487e-19
2.5171024994342686e-06 2.4397123671495064e-19
2.575792717027583e-06 2.486867586388658e-19
2.635851389676631e-06 2.533186222577963e-19
2.6973104250709106e-06 2.578636709269932e-19
2.760202474878063e-06 2.6231910800753584e-19
2.8245609520908932e-06 2.6668249029269646e-19
2.8904200487788716e-06 2.709517193753661e-19
2.9578147542535346e-06 2.751250317228302e-19
3.026780873657441e-06 2.792009870444859e-19
3.097355046986562e-06 2.831784555429557e-19
3.1695747685562034e-06 2.870566043937022e-19
3.2434784069208122e-06 2.90834883001765e-19
3.319105225258239e-06 2.945130079858154e-19
3.3964954022292982e-06 2.9809094765379784e-19
3.4756900533236943e-06 3.0156890625718734e-19
3.5567312527036693e-06 3.049473077242376e-19
3.6396620555569646e-06 3.082267799553502e-19
3.7245265209709786e-06 3.1140813901213067e-19
3.811369735340273e-06 3.144923732750046e-19
3.900237836319859e-06 3.174806285878076e-19
3.991178037336996e-06 3.2037419282999146e-19
4.0842386526745176e-06 3.2317448211922186e-19
4.179469123139017e-06 3.2588302647992753e-19
4.2769200423275275e-06 3.285014568996682e-19
4.376643183506652e-06 3.3103149244685154e-19
4.478691527118417e-06 3.334749283753929e-19
4.583119288927478e-06 3.3583362472707226e-19
4.689981948824612e-06 3.3810949540273193e-19
4.799336280301815e-06 3.403044985228904e-19
4.911240380614659e-06 3.4242062684134425e-19
5.0257537016479225e-06 3.444598988709345e-19
5.142937081500915e-06 3.4642435110885087e-19
5.262852776809252e-06 3.483160304804872e-19
5.385564495820272e-06 3.50136987285265e-19
5.511137432239651e-06 3.518892693722826e-19
5.639638299867211e-06 3.5357491598898627e-19
5.771135368040315e-06 3.551959533589256e-19
5.905698497903673e-06 3.567543889779079e-19
6.043399179524854e-06 3.5825220851809193e-19
6.184310569875183e-06 3.5969137134074285e-19
6.32850753169624e-06 3.6107380806530385e-19
6.47606667327258e-06 3.6240141691178975e-19
6.627066389131828e-06 3.636760614394164e-19
6.781586901693754e-06 3.648995691204732e-19
6.939710303890459e-06 3.660737285219485e-19
7.101520602780329e-06 3.672002882922884e-19
7.267103764178904e-06 3.6828095623099236e-19
7.436547758330399e-06 3.693173977487159e-19
7.609942606644117e-06 3.703112354367203e-19
7.787380429520604e-06 3.712640487092383e-19
7.968955495292936e-06 3.7217737312606044e-19
8.15476427030917e-06 3.7305270049426195e-19
8.344905470182516e-06 3.738914788474361e-19
8.539480112236516e-06 3.746951122449577e-19
8.738591569173047e-06 3.7546496202778695e-19
8.942345623991688e-06 3.762023456271862e-19
9.150850526189614e-06 3.769085385199447e-19
9.364217049271877e-06 3.77584774246966e-19
9.58255854960264e-06 3.7823224471301833e-19
9.805991026628606e-06 3.7885210170208067e-19
1.0034633184506672e-05 3.7944545636897618e-19
1.0268606495168497e-05 3.8001338187021675e-19
1.0508035262855554e-05 3.805569124908503e-19
1.07530466901589e-05 3.8107704551751473e-19
1.1003770945598772e-05 3.8157474166382313e-19
1.1260341232779899e-05 3.8205092685268186e-19
1.1522893861159297e-05 3.8250649156369224e-19
1.1791568318464117e-05 3.8294229349247983e-19
1.206650734479802e-05 3.833591574229392e-19
1.2347857008475478e-05 3.8375787684932284e-19
1.263576678362426e-05 3.841392142735829e-19
1.293038962959737e-05 3.845039027102229e-19
1.3231882072236462e-05 3.8485264645615683e-19
1.3540404287030327e-05 3.8518612172079633e-19
1.3856120184212054e-05 3.8550497818161956e-19
1.4179197495840522e-05 3.8580983952071457e-19
1.4509807864912299e-05 3.8610130422387434e-19
1.484812693655133e-05 3.863799462868676e-19
1.5194334451324849e-05 3.866463167115994e-19
1.5548614340735104e-05 3.8690094389711706e-19
1.5911154824937624e-05 3.871443348708709e-19
1.6282148512737936e-05 3.873769750784981e-19
1.6661792503919872e-05 3.875993302728472e-19
1.7050288493959805e-05 3.878118471553838e-19
1.7447842881182494e-05 3.880149523749375e-19
1.785466687641539e-05 3.882090568041826e-19
1.8270976615199758e-05 3.8839455238698755e-19
1.869699327261814e-05 3.8857181534541395e-19
1.91329431807992e-05 3.8874120566707854e-19
1.957905794916243e-05 3.8890306819015656e-19
2.003557458746648e-05 3.8905773293605595e-19
2.0502735631726606e-05 3.8920551558333664e-19
2.0980789273068064e-05 3.8934671950769593e-19
2.1469989489583918e-05 3.8948163340837425e-19
2.1970596181267336e-05 3.8961053488920447e-19
2.2482875308090033e-05 3.897336886290155e-19
2.3007099031300245e-05 3.8985134895314666e-19
2.354354585801526e-05 3.8996375816800046e-19
2.4092500789185385e-05 3.900711489661584e-19
2.4654255471007912e-05 3.901737423196059e-19
2.5229108349871537e-05 3.9027175179475517e-19
2.5817364830913554e-05 3.903653803314617e-19
2.641933744027406e-05 3.904548219771503e-19
2.7035345991133382e-05 3.905402633172561e-19
2.7665717753620915e-05 3.9062188126081704e-19
2.8310787628685666e-05 3.9069984636071085e-19
2.8970898326020842e-05 3.9077432021974014e-19
2.964640054613707e-05 3.9084545914183727e-19
3.033765316668089e-05 3.9091341155025197e-19
3.104502343309761e-05 3.909783188743412e-19
3.176888715373972e-05 3.9104031729362426e-19
3.25096288995246e-05 3.910995363073245e-19
3.326764220824756e-05 3.9115609953182976e-19
3.4043329793658724e-05 3.9121012653305752e-19
3.483710375941493e-05 3.912617301517784e-19
3.5649385818020195e-05 3.913110175613892e-19
3.648060751487119e-05 3.9135809457786603e-19
3.73312104575266e-05 3.91403057530423e-19
3.820164655032238e-05 3.9144600216959597e-19
3.90923782344573e-05 3.9148701898737204e-19
4.0003878733676586e-05 3.9152619374635036e-19
4.093663230568398e-05 3.915636094244678e-19
4.1891134499415887e-05 3.915993441551823e-19
4.2867892418314344e-05 3.916334734080506e-19
4.386742498973848e-05 3.9166606954208865e-19
4.489026324065786e-05 3.9169720138964626e-19
4.5936950579773975e-05 3.9172693397542523e-19
4.700804308621986e-05 3.9175532978350333e-19
4.8104109804991236e-05 3.917824490769563e-19
4.922573304926602e-05 3.918083497392248e-19
5.0373508709772956e-05 3.918330851531558e-19
5.154804657137365e-05 3.918567095713723e-19
5.27499706370262e-05 3.918792709816264e-19
5.397991945930254e-05 3.9190081815178813e-19
5.5238546479635675e-05 3.919213961853629e-19
5.6526520375476976e-05 3.91941048262201e-19
5.784452541554797e-05 3.9195981642344794e-19
5.9193261823375433e-05 3.9197774074511626e-19
6.057344614930286e-05 3.919948580107331e-19
6.198581165117595e-05 3.920112060124672e-19
6.34311086839044e-05 3.9202681776431184e-19
6.491010509810695e-05 3.92041727669171e-19
6.642358664805138e-05 3.9205596606876833e-19
6.797235740910648e-05 3.92069564234213e-19
6.955724020492732e-05 3.920825501061073e-19
7.117907704460117e-05 3.9209495201604347e-19
7.283872956998614e-05 3.9210679487976127e-19
7.453707951348025e-05 3.9211810498978007e-19
7.627502916646401e-05 3.921289068117342e-19
7.805350185866558e-05 3.921392214300564e-19
7.987344244870308e-05 3.921490715053775e-19
8.173581782606456e-05 3.9215847916674053e-19
8.364161742479263e-05 3.9216746302945695e-19
8.559185374914618e-05 3.9217604268697654e-19
8.758756291151902e-05 3.921842360123495e-19
8.96298051829007e-05 3.9219206001612193e-19
9.17196655561724e-05 3.9219953095492284e-19
9.385825432253677e-05 3.9220666686550167e-19
9.604670766138824e-05 3.9221348223738576e-19
9.828618824393714e-05 3.9221998905871556e-19
0.00010057788585090809 3.922262035747324e-19
0.00010292301800464121 3.9223213720895326e-19
0.00010532283061593165 3.922378047730437e-19
0.00010777859864595113 3.9224321689229854e-19
0.00011029162678360347 3.9224838444702553e-19
0.00011286325013867351 3.9225332063937914e-19
0.00011549483495113791 3.922580328896659e-19
0.00011818777931701482 3.9226253500245563e-19
0.0001209435139311377 3.922668338092575e-19
0.00012376350284724815 3.922709386858795e-19
0.00012664924425581149 3.9227485953120346e-19
0.00012960227127996844 3.922786021109796e-19
0.00013262415279004548 3.922821764459547e-19
0.00013571649423705693 3.922855906403352e-19
0.0001388809385056415 3.9228885097162815e-19
0.00014211916678688624 3.922919643477686e-19
0.00014543289947150178 3.9229493632680566e-19
0.0001488238970638237 3.9229777645423376e-19
0.00015229396111712465 3.923004857449989e-19
0.00015584493519073535 3.9230307474013675e-19
0.00015947870582948208 3.923055468991496e-19
0.00016319720356596128 3.923079109681956e-19
0.00016700240394618395 3.9231016435917423e-19
0.00017089632857913436 3.9231231893948585e-19
0.000174881046210801 3.9231437434993585e-19
0.00017895867382325032 3.92316338156075e-19
0.0001831313777593269 3.9231821328255244e-19
0.00018740137487357792 3.923200050862188e-19
0.00019177093371001327 3.9232171331667277e-19
0.000196242375707327 3.9232334720651206e-19
0.00020081807643222024 3.9232490635135225e-19
0.00020550046684148122 3.92326395931754e-19
0.0002102920345734925 3.9232781750790904e-19
0.0002151953252698519 3.9232917462202067e-19
0.00022021294392780895 3.92330475137175e-19
0.00022534755628423554 3.923317091427827e-19
0.0002306018902318662 3.923328922751737e-19
0.00023597873726856003 3.923340205287981e-19
0.0002414809539803547 3.9233510012978896e-19
0.0002471114635590999 3.923361304643195e-19
0.00025287325735547713 3.9233711512068794e-19
0.00025876939646823026 3.923380535233399e-19
0.00026480301337045197 3.9233895071932717e-19
0.000270977313573789 3.923398067147174e-19
0.00027729557733145163 3.923406246578624e-19
0.00028376116138093086 3.9234140601813314e-19
0.0002903775007273506 3.9234215083734525e-19
0.00029714811046840066 3.9234286787794924e-19
0.00030407658766182135 3.923435435220631e-19
0.00031116661323643183 3.9234419339099294e-19
0.0003184219539477161 3.923448162258944e-19
0.00032584646437900766 3.9234540239196823e-19
0.00033344408898933415 3.9234597030517497e-19
0.0003412188642090111 3.923465127644717e-19
0.0003491749205840977 3.923470287216614e-19
0.0003573164849708539 3.9234752203858414e-19
0.0003656478827813646 3.9234798957619166e-19
0.0003741735402815245 3.9234844019209465e-19
0.0003828979869426037 3.923488678274894e-19
0.000391825857847644 3.9234928141133163e-19
0.000400961896153964 3.9234966775977306e-19
0.0004103109556130814 3.923500411880332e-19
0.0004198780031493915 3.9235039979699754e-19
0.00042966812149897106 3.923507399738974e-19
0.000439686511909911 3.9235106840729503e-19
0.0004499384969056106 3.9235137728038794e-19
0.00046042952311250296 3.923516762909543e-19
0.0004711651641537129 3.9235195498186596e-19
0.00048215112361018567 3.923522334903761e-19
0.0004933932380508582 3.9235249073076005e-19
0.0005048974801334842 3.9235273900870214e-19
0.0005166699617777604 3.923529649291205e-19
0.0005287169374124361 3.9235319324800895e-19
0.0005410448072981404 3.9235340785300527e-19
0.0005536601209276797 3.923536083001843e-19
0.0005665695805056229 3.9235380969525286e-19
0.0005797800445090163 3.9235400033394262e-19
0.0005932985313311235 3.923541751786618e-19
0.000607132223010125 3.9235433941479046e-19
0.0006212884690447563 3.9235451621845197e-19
0.0006357747902989163 3.923546622640617e-19
0.0006505988829973161 3.9235481299268094e-19
0.0006657686228142928 3.9235495746167374e-19
0.0006812920690579615 3.923550853684288e-19
0.0006971774689519261 3.9235521604981952e-19
0.0007134332620168255 3.923553461991214e-19
0.0007300680845540431 3.9235546387003297e-19
0.0007470907742339592 3.923555847215515e-19
0.0007645103747911887 3.9235567742889516e-19
0.0007823361408292924 3.923557831990482e-19
0.00080057754273752 3.923558918006187e-19
0.0008192442717221943 3.923559716498991e-19
0.0008383462449554094 3.9235606157016584e-19
0.0008578936108437789 3.9235614042488157e-19
0.0008778967544200344 3.923562341860206e-19
0.000898366302860337 3.923563079095979e-19
0.0009193131311302326 3.9235639095610666e-19
0.0009407483677622533 3.9235644442012327e-19
0.000962683400768232 3.9235652271497246e-19
0.000985129883689471 3.923565870254687e-19
0.0010080997417879817 3.923566518280605e-19
0.0010316051783820807 3.923567126819891e-19
0.0010556586813297128 3.923567711605173e-19
0.0010802730296629402 3.923568186621352e-19
0.001105461300377127 3.9235687524383e-19
0.0011312368753784248 3.9235691528100033e-19
0.0011576134485932472 3.923569739656464e-19
0.0011846050332435167 3.923570099517712e-19
0.0012122259692915415 3.9235705672335864e-19
0.0012404909310584848 3.923571050280783e-19
0.0012694149350204683 3.923571518572918e-19
0.0012990133477864558 3.923571609236183e-19
0.0013293018942621524 3.9235721297051464e-19
0.001360296666004259 3.9235724037763607e-19
0.001392014129769518 3.923572772314884e-19
0.0014244711362630968 3.9235729723716097e-19
0.0014576849290909482 3.923573507682661e-19
0.0014916731539209149 3.9235737568754157e-19
0.0015264538678574353 3.923573936194448e-19
0.0015620455490348386 3.923574130643761e-19
0.0015984671064343198 3.923574498624651e-19
0.0016357378899298156 3.923574609477236e-19
0.0016738777005681136 3.9235749165899104e-19
0.0017129068010886602 3.9235750016323534e-19
0.0017528459266886532 3.9235754787557234e-19
0.00179371629603914 3.9235754372684475e-19
0.0018355396225579732 3.9235754934062826e-19
0.0018783381259456144 3.9235758874060766e-19
0.0019221345439899109 3.923575912542649e-19
0.001966952144646121 3.9235759296921445e-19
0.0020128147383986056 3.923576198159851e-19
0.002059746690910748 3.923576558618575e-19
0.0021077729359698315 3.923576533338565e-19
0.0021569189887337423 3.923576642442996e-19
0.002207210959286545 3.923576952166973e-19
0.0022586755665101248 3.92357707308092e-19
0.0023113401522792685 3.923577128169937e-19
0.0023652326959877285 3.9235771070502384e-19
0.0024203818294129824 3.9235772488911443e-19
0.0024768168519275916 3.9235776279532364e-19
0.002534567746065232 3.923577425558408e-19
0.0025936651934496745 3.923577599609828e-19
0.0026541405910951734 3.923577663559338e-19
0.0027160260680869266 3.923577629275641e-19
0.0027793545026504624 3.923577822279123e-19
0.002844159539619031 3.923578073006714e-19
0.0029104756083082714 3.9235779072409793e-19
0.0029783379408076585 3.9235779616284315e-19
0.0030477825906984404 3.9235782610747965e-19
0.0031188464522080173 3.923578356781013e-19
0.0031915672798109355 3.923578267424442e-19
0.0032659837082868936 3.923578301494447e-19
0.003342135273246469 3.92357819513446e-19
0.0034200624321353945 3.923578423949573e-19
0.0034998065857286074 3.923578390658563e-19
0.0035814101001254554 3.923578822794427e-19
0.003664916329257761 3.923578231652219e-19
0.0037503696379226933 3.923578920538642e-19
0.0038378154253526898 3.9235787758041114e-19
0.003927300149334948 3.9235788724982877e-19
0.004018871350893299 3.9235785780805277e-19
0.00411257767954558 3.923578617864731e-19
0.004208468919149921 3.9235786720581514e-19
0.004306596014353682 3.923579084661459e-19
0.004407011097659079 3.9235790437489118e-19
0.004509767517119906 3.923579049579228e-19
0.004614919864684026 3.9235786752676756e-19
0.004722524005196735 3.9235786019419234e-19
0.004832637106080367 3.9235796082164773e-19
0.004945317667705937 3.923578966122071e-19
0.005060625554472947 3.9235786747235065e-19
0.005178622026613854 3.9235788718722136e-19
0.005299369772740128 3.923578958111303e-19
0.005422932943147155 3.923578594761311e-19
0.0055493771838957115 3.923579283763195e-19
0.00567876967168809 3.9235796723642363e-19
0.005811179149557424 3.9235794481844727e-19
0.0059466759633891655 3.923579543210441e-19
0.006085332099294114 3.923579559789004e-19
0.006227221221852859 3.9235790694518205e-19
0.006372418713251954 3.923578928425175e-19
0.006521001713332612 3.923578869688802e-19
0.006673049160573193 3.923579275158905e-19
0.006828641834027273 3.923579353486243e-19
0.006987862396239558 3.923579192610599e-19
0.00715079543716245 3.9235791241835275e-19
0.007317527519096606 3.9235797694132546e-19
0.007488147222679345 3.9235792644952705e-19
0.007662745193945353 3.9235800333982813e-19
0.007841414192484688 3.923578352444582e-19
0.008024249140723652 3.92357964144558e-19
0.008211347174354735 3.923578805403357e-19
0.008402807693942412 3.923579064625743e-19
0.008598732417732204 3.923579470273363e-19
0.008799225435691074 3.92357966557189e-19
0.009004393264807849 3.9235791697423666e-19
0.009214344905683071 3.9235787358973066e-19
0.009429191900438323 3.923578857389279e-19
0.009649048391975805 3.9235790342312457e-19
0.009874031184619632 3.9235782367247923e-19
0.010104259806171096 3.9235801302840346e-19
0.01033985657141083 3.923579790592074e-19
0.010580946647081629 3.9235800348599157e-19
0.010827658118386449 3.9235794890922536e-19
0.011080122057036918 3.9235809684128644e-19
0.011338472590888495 3.923579817443804e-19
0.01160284697519928 3.923579284342491e-19
0.01187338566555036 3.9235794076806276e-19
0.012150232392466372 3.923580178667375e-19
0.012433534237775993 3.9235810873382984e-19
0.01272344171275288 3.92357844081805e-19
0.013020108838078586 3.9235793805189603e-19
0.013323693225669961 3.9235797915750893e-19
0.013634356162414448 3.9235792467511093e-19
0.013952262695857842 3.9235791509012126e-19
0.014277581721889965 3.9235798293197316e-19
0.014610486074474885 3.923580166783558e-19
0.014951152617473332 3.9235800034509392e-19
0.015299762338606094 3.923579605245237e-19
0.015656500445608335 3.923578409986968e-19
0.016021556464625875 3.923579882810276e-19
0.016395124340905766 3.923579120261662e-19
0.016777402541834602 3.9235783023429526e-19
0.017168594162379338 3.9235804052233007e-19
0.01756890703298664 3.9235791398303153e-19
0.017978553829998065 3.9235811007223954e-19
0.01839775218863974 3.9235805893739114e-19
0.01882672481864659 3.9235809347205405e-19
0.01926569962258253 3.923579941108256e-19
0.019714909816919448 3.923578967447133e-19
0.020174594055939365 3.9235801573127906e-19
0.02064499655852557 3.9235785959570745e-19
0.021126367237910063 3.9235823845364823e-19
0.021618961834446313 3.9235786204433107e-19
0.02212304205147776 3.9235802116791477e-19
0.022638875694374342 3.923580110525848e-19
0.0231667368128109 3.923580369295245e-19
0.02370690584636297 3.923580616585321e-19
0.024259669773497434 3.9235779559220956e-19
0.024825322264037063 3.9235815037397757e-19
0.025404163835180054 3.9235782008417636e-19
0.025996502011157406 3.9235784239337682e-19
0.026602651486612925 3.923579570028276e-19
0.027222934293792744 3.9235798991663245e-19
0.027857679973633073 3.9235781603409884e-19
0.02850722575083718 3.923578612325948e-19
0.02917191671303455 3.923577368214231e-19
0.029852105994117403 3.923574410997489e-19
0.030548154961852016 3.923579930845405e-19
0.031260433409864494 3.9235790178214237e-19
0.031989319754103004 3.9235781952044766e-19
0.0327352012338808 3.9235815034863046e-19
0.03349847411760691 3.9235794384339376e-19
0.034279543913313774 3.923581473341017e-19
0.03507882558409363 3.923577102894886e-19
0.03589674376855814 3.9235786105752164e-19
0.03673373300643846 3.923580893981466e-19
0.037590237969445384 3.9235787611871414e-19
0.038466713697512506 3.923581007581054e-19
0.03936362584054766 3.923582357852597e-19
0.04028145090582124 3.923577440535109e-19
0.04122067651112274 3.923581054225368e-19
0.04218180164382002 3.923578142543411e-19
0.043165336925959 3.923581091643264e-19
0.044171804885544536 3.9235789271399896e-19
0.04520174023414663 3.9235830494279723e-19
0.046255690150979495 3.923580861195667e-19
0.047334214573604344 3.9235788352278686e-19
0.048437886495410414 3.923582295720837e-19
0.04956729227003216 3.9235752344458574e-19
0.05072303192286451 3.923582854074412e-19
0.051905719469841495 3.9235810221515474e-19
0.05311598324364777 3.92358062021444e-19
0.05435446622753626 3.923584473553405e-19
0.05562182639692926 3.9235811463265484e-19
0.056918737068984544 3.9235788163421557e-19
0.058245887260312136 3.9235750832574312e-19
0.05960398205303182 3.923582320922515e-19
0.06099374296936585 3.923577395993726e-19
0.06241590835496589 3.9235812418361077e-19
0.06387123377117784 3.9235807617573415e-19
0.06536049239645289 3.923576343486504e-19
0.06688447543711816 3.9235731245215246e-19
0.06844399254772507 3.923572618513712e-19
0.0700398722611988 3.9235824585643587e-19
0.0716729624290174 3.9235779667253936e-19
0.07334413067165428 3.9235814526049197e-19
0.07505426483952363 3.923579984464401e-19
0.07680427348467332 3.9235889812088583e-19
0.07859508634347626 3.923592125820499e-19
0.08042765483057629 3.923574734544207e-19
0.08230295254435131 3.923580903934212e-19
0.08422197578416211 3.9235765379730693e-19
0.08618574407966152 3.923576651143132e-19
0.08819530073244539 3.9235827776324686e-19
0.09025171337033296 3.923579897912308e-19
0.09235607451457113 3.9235847698738705e-19
0.09450950216026408 3.923572734783517e-19
0.09671314037033632 3.923593719954608e-19
0.09896815988334524 3.9235734030150024e-19
0.10127575873546546 3.9235811002205925e-19
0.10363716289697593 3.9235897954742875e-19
0.10605362692358762 3.923582791293182e-19
0.10852643462295801 3.9235729035414624e-19
0.11105689973674641 3.9235756662619777e-19
0.11364636663857243 3.9235872510428765e-19
0.11629621104824843 3.923584529679825e-19
0.1190078407626656 3.9235785900783086e-19
0.12178269640372161 3.9235718905401783e-19
0.12462225218368743 3.923554777667784e-19
0.1275280166884199 3.9235740818900183e-19
0.13050153367883624 3.9235799520024388e-19
0.1335443829110759 3.9235763523291103e-19
0.13665818097578622 3.923583973753083e-19
0.13984458215697693 3.9235917864147733e-19
0.14310527931090045 3.9235797856499355e-19
0.14644200476542463 3.9235925335472054e-19
0.14985653124037576 3.923590358133119e-19
0.15335067278934078 3.923562831607319e-19
0.1569262857634292 3.9235857066666956e-19
0.1605852697975066 3.923572147884942e-19
0.16432956881942368 3.923600993333474e-19
0.16816117208277714 3.9235908879019957e-19
0.172082115223751 3.9235808842069297e-19
0.1760944813425998 3.9235752246716074e-19
0.1802004021103484 3.9235872826695273e-19
0.18440205890129596 3.92357398791012e-19
0.18870168395192646 3.9235891586712247e-19
0.1931015615468407 3.9235767278991717e-19
0.1976040292323402 3.923572849996614e-19
0.20221147905830805 3.9235809238541813e-19
0.20692635884904578 3.9235794162290425e-19
0.21175117350374192 3.9235874095543113e-19
0.2166884863272632 3.923600885294527e-19
0.22174092039197504 3.923570232522109e-19
0.22691115993131514 3.9235762063278794e-19
0.23220195176586036 3.923567566746766e-19
0.2376161067626448 3.923587779695236e-19
0.24315650132850383 3.9235746515006835e-19
0.24882607893823822 3.9235815155293462e-19
0.25462785169840935 3.9235834297367285e-19
0.2605649019475973 3.923561759572841e-19
0.26664038389397104 3.9235677440196906e-19
0.27285752529104135 3.923620851626547e-19
0.2792196291524867 3.923586616428955e-19
0.2857300755069626 3.923576502727127e-19
0.2923923231938275 3.9235722013438513e-19
0.2992099117007387 3.9235791132471844e-19
0.3061864630440946 3.923615303561153e-19
0.31332568369332287 3.9235730635169863e-19
0.32063136654003577 3.923592318422692e-19
0.3281073929131 3.9235730234559703e-19
0.3357577346406907 3.9235663560630417e-19
0.343586456160426 3.9235463270751615e-19
0.3515977166787018 3.9235791406492e-19
0.359795772380376 3.9235774978303903e-19
0.368184978689974 3.9235699174999133e-19
0.3767697925856183 3.9235707859354237e-19
0.38555477496691104 3.923569513045785e-19
0.394544593078027 3.923587494369142e-19
0.4037440229873054 3.9235579646585526e-19
0.4131579521246571 3.9235916156607113e-19
0.42279138187813525 3.9235583431009094e-19
0.43264943025104924 3.923605265361152e-19
0.4427373345810337 3.9236039400982152e-19
0.4530604543225162 3.9236232220767736e-19
0.4636242738940635 3.9235885443801577e-19
0.47443440559211736 3.923595417969782e-19
0.48549659257266914 3.9235587958832794e-19
0.4968167119024568 3.923584068221854e-19
0.5084007776813051 3.923606562154842e-19
0.5202549442372687 3.9235827375681824e-19
0.5323855093962742 3.9235773088944686e-19
0.5447989178279997 3.9235303138713858e-19
0.557501764469769 3.923598856507415e-19
0.5705007980302781 3.923592823800592e-19
0.5838029245750183 3.923580925452717e-19
0.5974152111952977 3.923586211219604e-19
0.6113448897628128 3.923581819344207e-19
0.6255993607717623 3.9235727730757054e-19
0.6401861972705483 3.9236220315660915e-19
0.6551131488851486 3.92361827647566e-19
0.6703881459363026 3.9235892883004478e-19
0.686019303652694 3.9236145632715185e-19
0.7020149264823721 3.923578104606545e-19
0.7183835125046995 3.9235861841312016e-19
0.7351337579451718 3.9234914422866456e-19
0.7522745617955077 3.9235520803632663e-19
0.7698150305414633 3.9235169348491635e-19
0.7877644830008832 3.9235909164260727e-19
0.8061324552745581 3.923536077622827e-19
0.8249287058125218 3.923555500888225e-19
0.8441632205984669 3.923532149398575e-19
0.8638462184550629 3.9235280792095384e-19
0.8839881564729563 3.923592549528796e-19
0.9045997355663667 3.923537117548781e-19
0.9256919061582187 3.923568098553582e-19
0.9472758739978306 3.9235987095894207e-19
0.9693631061142522 3.9235019206395745e-19
0.9919653369084147 3.9235671117029453e-19
1.0150945743873274 3.923594232350709e-19
1.0387631065436362 3.9234932406960157e-19
1.0629835078839296 3.923539460881877e-19
1.0877686461092637 3.9235258234981564e-19
1.1131316889514546 3.923529651384747e-19
1.1390861111687691 3.923481368170449e-19
1.16564570170473 3.9234185256895827e-19
1.1928245710138414 3.923538469228144e-19
1.2206371585581264 3.923585271817005e-19
1.2490982404784545 3.9235130910799634e-19
1.2782229374447416 3.923556018063735e-19
1.3080267226891875 3.9235072778424584e-19
1.3385254302268237 3.9235285738799463e-19
1.369735263267732 3.9235657755542877e-19
1.4016728028254128 3.9236278948977084e-19
1.4343550165258654 3.9234773264975066e-19
1.4677992676220706 3.9235308937917783e-19
1.5020233242186567 3.923693122372513e-19
1.5370453687116559 3.9234945592797497e-19
1.5728840074483612 3.9236643210921957e-19
1.6095582806124205 3.923465360780355e-19
1.6470876723394143 3.923611909268192e-19
1.6854921210682972 3.9234599544724885e-19
1.7247920301341966 3.923483707584343e-19
1.7650082786082029 3.923698229296867e-19
1.8061622323899016 3.923477878138483e-19
1.848275755558551 3.9236899226627967e-19
1.8913712219889245 3.923749211572224e-19
1.935471527238 3.9234993331439524e-19
1.9806001007088037 3.9237208320642875e-19
2.0267809180978715 3.923402685838748e-19
2.0740385141329463 3.923489478324629e-19
2.1223979956076717 3.9232755108976834e-19
2.171885054720213 3.9235688551757357e-19
2.222525982722885 3.9236712057854397e-19
2.274347683890048 3.9235865031112855e-19
2.327377689811681 3.9234351545141303e-19
2.3816441740202396 3.923387687440496e-19
2.437175966958554 3.9233440135602234e-19
2.4940025712967335 3.923425707933875e-19
2.552154177606206 3.9237708577295334e-19
2.611661680399223 3.9235971429490857e-19
2.6725566945423505 3.9234710665504676e-19
2.7348715720526675 3.923554301800134e-19
2.7986394192855935 3.923441660820518e-19
2.863894114523477 3.923554278363263e-19
2.9306703259742912 3.92394481549148e-19
2.999003530189995 3.9237344059652157e-19
3.068930030914351 3.923402497726488e-19
3.1404869783702067 3.923478677195247e-19
3.21371238899649 3.9236940151681515e-19
3.2886451656454048 3.9237294279689495e-19
3.3653251182505572 3.9234390895420018e-19
3.443792984976987 3.923550510078289e-19
3.5240904538643507 3.9236980352899596e-19
3.6062601849747473 3.923531973471942e-19
3.6903458330569543 3.923410198806093e-19
3.77639207073912 3.923425483952353e-19
3.8644446122622242 3.923828960804551e-19
3.9545502377669295 3.9236277573562143e-19
4.046756818146711 3.9242070233266366e-19
4.141113340480481 3.9235988422114965e-19
4.237669934058216 3.923468309939364e-19
4.336477897013409 3.923698359694622e-19
4.437589723576497 3.923723785086782e-19
4.541059131963759 3.924145199781786e-19
4.646941092916466 3.923581648045628e-19
4.755291858905486 3.923697118748774e-19
4.866168994016832 3.9235421237707344e-19
4.979631404534034 3.923363059985693e-19
5.0957393702336 3.9235606172349456e-19
5.214554576410165 3.923578863761915e-19
5.336140146648369 3.923007407857416e-19
5.4605606763588606 3.9235059468213134e-19
5.587882267096237 3.9234741545660297e-19
5.718172561677172 3.9236534616663797e-19
5.851500780117376 3.9235537091158184e-19
5.987937756406471 3.9230677589503026e-19
6.127555976140354 3.923946781434321e-19
6.270429615030991 3.9238290952193816e-19
6.416634578314149 3.9236438671854544e-19
6.566248541075969 3.923814284107212e-19
6.719350989519823 3.9234323285807814e-19
6.87602326319537 3.923298266589248e-19
7.036348598212252 3.9231274481991604e-19
7.200412171461376 3.9231678546347155e-19
7.368301145867304 3.9236166832504844e-19
7.540104716695753 3.923388347367044e-19
7.715914158940838 3.9234205772885374e-19
7.8958228758172275 3.9238970943754193e-19
8.07992644838296 3.9238779918854125e-19
8.2683226863193 3.9230803573516175e-19
8.461111679894604 3.9235672304894846e-19
8.658395853139817 3.9235761577899637e-19
8.860280018263818 3.923813753416476e-19
9.066871431337571 3.9239273039569452e-19
9.278279849276613 3.9233228417349248e-19
9.494617588152204 3.923379794690215e-19
9.715999582862075 3.924085480089758e-19
9.942543448192506 3.92427254627828e-19
10.17436954130415 3.923719197971451e-19
10.411601025674827 3.9239996855794294e-19
10.654363936533231 3.924010942823249e-19
10.902787247818345 3.924227382537812e-19
11.157002940700098 3.924719954765045e-19
11.417146073697703 3.9232578520827994e-19
11.683354854432924 3.9232165403486755e-19
11.955770713056356 3.9253581103722002e-19
12.234538377385784 3.923034765378334e-19
12.519805949796487 3.92343447896923e-19
12.811724985904382 3.925157918070701e-19
13.110450575083778 3.923736744715339e-19
13.416141422862523 3.923774920554627e-19
13.72895993523834 3.922516362340157e-19
14.04907230496112 3.923811710512855e-19
14.37664859982702 3.9240795562818384e-19
14.711862853031292 3.9229326852600556e-19
15.054893155627816 3.9239449570322007e-19
15.405921751144481 3.924057705559382e-19
15.765135132404664 3.924994614489394e-19
16.132724140606275 3.923546931741416e-19
16.50888406671095 3.9238008970986647e-19
16.89381475519735 3.9243811536617356e-19
17.287720710233557 3.9222083635619952e-19
17.690811204325115 3.924734054934154e-19
18.103300389496336 3.9236330327464576e-19
18.52540741106398 3.9234793077745464e-19
18.957356524063755 3.9232322156334497e-19
19.399377212391464 3.9249971843964985e-19
19.85170431072216 3.925134647740664e-19
20.314578129271972 3.9241093768786583e-19
20.788244581469023 3.9244110137346256e-19
21.272955314601134 3.921645509287412e-19
21.76896784350983 3.9235429865684436e-19
22.27654568740161 3.923326632036708e-19
22.79595850984919 3.919363838135886e-19
23.327482262057103 3.921539237166862e-19
23.871399329467756 3.924741799567037e-19
24.427998681785848 3.9237613797489454e-19
24.997576026500827 3.9252697243727435e-19
25.580433965988984 3.9230952633477626e-19
26.176882158278623 3.924204125594421e-19
26.787237481563718 3.9238193200427054e-19
27.411824202553472 3.9265922485591814e-19
28.050974148747212 3.92349130194252e-19
28.705026884726152 3.9233672931183454e-19
29.374329892555654 3.9240213795533255e-19
30.05923875639388 3.9213722733016495e-19
30.760117351404876 3.923796383536663e-19
31.477338037076432 3.9243446933546123e-19
32.21128185504559 3.9248344096419737e-19
32.962338731536356 3.9229281871455446e-19
33.730907684518286 3.9240791879286376e-19
34.51739703569462 3.925338081565249e-19
35.322224627433556 3.921494060708747e-19
36.14581804475762 3.920492161279001e-19
36.98861484250899 3.920801952608077e-19
37.851062777811606 3.9223924830697317e-19
38.733620047953465 3.923446035210704e-19
39.63675553381552 3.925717732948182e-19
40.5609490489765 3.922974013236425e-19
41.506691594626034 3.9210071462704713e-19
42.47448562042145 3.9242403383787794e-19
43.46484529142686 3.921152393333771e-19
44.4782967612764 3.9236002192340753e-19
45.515378451706574 3.93008884011136e-19
46.576641338606535 3.925124611977641e-19
47.66264924473788 3.9222786413078815e-19
48.773979139279795 3.921838462387385e-19
49.911221444358546 3.9245752182352853e-19
51.07498034872413 3.9219538130913355e-19
52.265874128740876 3.9202322009728327e-19
53.48453547686238 3.9201060813970127e-19
54.731611837765406 3.921283144703921e-19
56.00776575232122 3.927741331907656e-19
57.31367520958723 3.926241473616703e-19
58.650034007005786 3.930680144767654e-19
60.017552119001664 3.925308137788637e-19
61.416956074173925 3.9240255368620543e-19
62.84898934128261 3.920404766213754e-19
64.31441272423535 3.9178140835456027e-19
65.81400476628369 3.9196577351501435e-19
67.34856216364385 3.921404587823836e-19
68.91890018876182 3.921430937115335e-19
70.52585312344742 3.9155574195989247e-19
72.17027470210763 3.929543787490837e-19
73.8530385653146 3.9215987322667585e-19
75.57503872394936 3.929908632962677e-19
77.33719003416762 3.9240003879814495e-19
79.14042868344033 3.91993934671467e-19
80.98571268792693 3.9251184686071556e-19
82.87402240144569 3.9182990746821265e-19
84.80636103631147 3.9306666716818805e-19
86.78375519631766 3.930658852845859e-19
88.80725542214539 3.915319024722409e-19
90.8779367494899 3.920956281125598e-19
92.99689928020044 3.9229923782606986e-19
95.16526876673713 3.926551379195573e-19
97.38419721025556 3.925441249195187e-19
99.6548634726365 3.928128468541853e-19
101.97847390278609 3.916954823832816e-19
104.35626297753925 3.9306516245288515e-19
106.78949395750668 3.932846674120311e-19
109.27945955821409 3.925918346945182e-19
111.82748263689002 3.9186203907754533e-19
114.43491689526716 3.922536968674194e-19
117.10314759877073 3.913356818431625e-19
119.8335923124757 3.91026048637173e-19
122.62770165422418 3.9176537525507104e-19
125.4869600653028 3.918766900023636e-19
128.41288659908975 3.927131787905247e-19
131.40703572809028 3.9316095213222474e-19
134.4709981697896 3.9371086905895887e-19
137.6064017317617 3.927062022396145e-19
140.8149121764835 3.9203357337031e-19
144.09823410631301 3.9197635593535997e-19
147.45811186910282 3.931259612053758e-19
150.89633048492877 3.917483152137656e-19
154.41471659442715 3.9307009734064607e-19
158.01513942924367 3.9283124706395755e-19
161.6995118051102 3.9244254898528663e-19
165.46979113807643 3.929685108065047e-19
169.32798048443664 3.9303423301815406e-19
173.27612960490418 3.9156207558616307e-19
177.3163360535986 3.9237507819954652e-19
181.45074629242436 3.9208815107935252e-19
185.68155683143308 3.910905088803017e-19
190.01101539577502 3.9420155634565003e-19
194.44142211985996 3.9476191757275455e-19
198.9751307693619 3.9110085348879964e-19
203.61454999171644 3.933508096645954e-19
208.36214459577587 3.90149565447488e-19
213.2204368613011 3.9218531556043833e-19
218.19200787898666 3.902105006209291e-19
223.27949892173046 3.9304810815517393e-19
228.48561284787684 3.900315653781426e-19
233.81311553717836 3.9527150047259146e-19
239.2648373602396 3.9083297950684366e-19
244.8436746822229 3.942369564489317e-19
250.55259140161598 3.900240498130947e-19
256.3946205248776 3.9553255331444226e-19
262.37286577779935 3.9291631538030573e-19
268.49050325443824 3.903891346202566e-19
274.7507831044972 3.938748679755571e-19
281.15703126004934 3.915863709632175e-19
287.7126512025234 3.9603904581616877e-19
294.4211257708895 3.923499501055935e-19
301.2860190120053 3.902449981840616e-19
308.3109780741064 3.9388520446749957e-19
315.4997351444457 3.9115319140457454e-19
322.8561094321127 3.9163571807062594e-19
330.38400919708465 3.9434794656834278e-19
338.08743382658884 3.9330125462622324e-19
345.970475959878 3.8974425717499717e-19
354.0373236625486 3.9334176183014336e-19
362.2922626515567 3.920118789403965e-19
370.7396785721134 3.939567264599643e-19
379.3840593276699 3.916168733533128e-19
388.22999746422977 3.923589764611771e-19
397.28219261025527 3.9319343983308587e-19
406.54545397346374 3.905454642403887e-19
416.02470289584096 3.9415486208674547e-19
425.7249754682287 3.9040767038593413e-19
435.6514252058753 3.915931079764031e-19
445.8093257863709 3.937415481904864e-19
456.2040738514225 3.965295886601257e-19
466.841191873956 3.900877605331689e-19
477.72633109207 3.9406422823357196e-19
488.86527451139875 3.8956639863135357e-19
500.26393997748045 3.9550437773153967e-19
511.92838331976236 3.915304155380974e-19
523.8648015689132 3.977718180963859e-19
536.079536249153 3.927233463689453e-19
548.5790767473477 3.862190777507824e-19
561.3700637606607 3.961461801771143e-19
574.4592928245908 3.942294670627928e-19
587.8537179232724 3.9623643711167815e-19
601.560455183956 3.9144914873707683e-19
615.5867866576306 3.8704784788664704e-19
629.940164187797 3.9227540843188367e-19
644.6282133694491 3.9453722663729757e-19
659.6587376003637 3.9833525689745777e-19
675.039722226853 3.958590015028662e-19
690.7793387861822 3.9386188461460157e-19
706.885949347905 3.866831981547029e-19
723.368110956425 3.9384153760144446e-19
740.2345801771418 3.8831258798702303e-19
757.4943177485981 3.9357641543734713e-19
775.1564933430986 3.978874567060262e-19
793.2304904383309 3.9575467445053817e-19
811.7259113025749 3.8653213657651803e-19
830.6525820961508 3.842031264733147e-19
850.0205580918159 3.936437586297452e-19
869.8401290168822 3.9170262275242475e-19
890.1218245198946 3.990461605037135e-19
910.8764197647733 3.9631313204293163e-19
932.1149411553916 3.985082974878225e-19
953.848672193633 3.8461867416464814e-19
976.0891594740359 3.9077684395751805e-19
998.8482188182152 3.862066477269042e-19
1022.1379415523157 3.8192202450616703e-19
1045.9707009308356 3.8723327064355297e-19
1070.3591587102305 3.9647440329133456e-19
1095.3162718757928 4.0226024273725426e-19
1120.8552995253765 3.9425301086415013e-19
1146.98980991363 4.037227017700648e-19
1173.7336876604738 3.943027219999296e-19
1201.1011411276565 3.9069531165282237e-19
1229.1067099673062 3.8256118919489213e-19
1257.7652728464884 3.835217535071412e-19
1287.0920553518754 3.8165251498368695e-19
1317.1026380787234 3.908029286085261e-19
1347.812964908458 4.0014833186025063e-19
1379.239351479266 3.9259929842403625e-19
1411.3984938541882 4.0494585502276376e-19
1444.3074773913293 3.8818611028259704e-19
1477.9837858208825 4.012429448407454e-19
1512.445310533807 3.916742450742987e-19
1547.71036008708 3.951247309291352e-19
1583.797669930582 3.8863701657756606e-19
1620.7264123607779 3.9254678656700273e-19
1658.5162067064848 3.8838032152507164e-19
1697.1871297521373 3.9170708810276275e-19
1736.7597264040865 3.7910782677045917e-19
1777.255020605602 3.823602590082762e-19
1818.6945265063737 3.881414961563216e-19
1861.1002598924472 3.999941977125374e-19
1904.4947498826687 3.9660279271683153e-19
1948.9010508978479 4.020640103197755e-19
1994.3427549090043 3.9192552897310612e-19
2040.8440039711966 4.0351932249234395e-19
2088.4295030496014 4.0848123608041344e-19
2137.124533144652 3.7781875281077223e-19
2186.9549647232075 3.9161328340854397e-19
2237.947271462894 3.881466359956559e-19
2290.1285443169163 4.070751138257185e-19
2343.5265059068115 3.990195840930955e-19
2398.169525250793 4.118870740394334e-19
2454.086632835509 3.8485398754478113e-19
2511.3075360392254 3.860587729930829e-19
2569.8626349146184 3.930741872441201e-19
2629.783038339575 3.797957829814361e-19
2691.100580544569 3.604916551763354e-19
2753.8478380254037 3.571636858102054e-19
2818.0581468502987 3.855750518312183e-19
2883.7656203705187 3.92586035494358e-19
2951.0051673439552 4.1483226874688214e-19
3019.812510481288 4.1943757814502e-19
3090.2242054245785 4.1568827190703104e-19
3162.2776601683795 4.0368823363516625e-19
