# %ECSV 1.0
# ---
# datatype:
# - {name: mx, unit: MeV, datatype: float64}
# - {name: sigma, unit: cm2, datatype: float64}
# schema: astropy-2.0
mx sigma
3.162277660168379e-07 7.6242111156361e-36
3.198913533276701e-07 7.710063159547032e-36
3.235973843244352e-07 7.797399230955447e-36
3.273463507291321e-07 7.885465872505136e-36
3.311387499604976e-07 7.974599984487813e-36
3.3497508520000185e-07 8.065210757249386e-36
3.3885586545861555e-07 8.157337454212657e-36
3.4278160564434336e-07 8.251021963466885e-36
3.4675282663054365e-07 8.346308930448114e-36
3.507700553250385e-07 8.442729989019563e-36
3.5483382474002496e-07 8.540093095976752e-36
3.5894467406279635e-07 8.63906550371916e-36
3.631031487272799e-07 8.73969103355965e-36
3.673098004864098e-07 8.842016303326856e-36
3.715651874853322e-07 8.946090870303358e-36
3.7586987433546084e-07 9.05122165633823e-36
3.802244321893912e-07 9.15764938557287e-36
3.8462943881668243e-07 9.265844975814861e-36
3.890854786805136e-07 9.375857630342884e-36
3.935931430152358e-07 9.487739560961326e-36
3.9815302990481524e-07 9.601093569976411e-36
4.0276574436218834e-07 9.715724980884009e-36
4.0743189840953603e-07 9.832268215601678e-36
4.1215211115948776e-07 9.950776755583391e-36
4.1692700889726726e-07 1.0071307255249692e-35
4.2175722516378545e-07 1.0193060487785042e-35
4.266434008397049e-07 1.0316806658080666e-35
4.3158618423046956e-07 1.044264932228987e-35
4.365862311523234e-07 1.0570468031234247e-35
4.416442050193258e-07 1.0699947243355215e-35
4.467607769313735e-07 1.0831628279258891e-35
4.519366257632451e-07 1.0965345031747247e-35
4.5717243825467053e-07 1.1101065718691149e-35
4.6246890910145517e-07 1.1238944206209702e-35
4.678267410476489e-07 1.1378961093469057e-35
4.7324664497878843e-07 1.1521161740697692e-35
4.787293400162188e-07 1.1665621957364603e-35
4.842755536125081e-07 1.1812296409262795e-35
4.898860216479637e-07 1.1961292343495629e-35
4.955614885282754e-07 1.2112872470908654e-35
5.013027072832807e-07 1.226644250406488e-35
5.071104396668787e-07 1.242268702963472e-35
5.129854562581011e-07 1.2581682689850317e-35
5.189285365633534e-07 1.2742782231473802e-35
5.249404691198429e-07 1.2906639025762078e-35
5.310220516001977e-07 1.307339763791516e-35
5.371740909183105e-07 1.3242783890543783e-35
5.433974033363963e-07 1.3414717701951832e-35
5.496928145732969e-07 1.358971401716321e-35
5.560611599140381e-07 1.3767860944293852e-35
5.625032843206584e-07 1.394857747332431e-35
5.690200425443143e-07 1.4132345942892755e-35
5.756122992386981e-07 1.4319442253562378e-35
5.82280929074756e-07 1.4509885949406358e-35
5.890268168567425e-07 1.4703026238596292e-35
5.95850857639617e-07 1.4899687966651962e-35
6.027539568478021e-07 1.509997185880024e-35
6.097370303953169e-07 1.5303532843352387e-35
6.168010048072977e-07 1.551049464081864e-35
6.239468173429377e-07 1.5721303062921793e-35
6.311754161198395e-07 1.593585284230027e-35
6.384877602398138e-07 1.6153951031789032e-35
6.458848199161349e-07 1.6376154258443262e-35
6.533675766022694e-07 1.6602308163483292e-35
6.60937023122099e-07 1.6832446288864916e-35
6.685941638016445e-07 1.7066944344099436e-35
6.763400146023288e-07 1.7305512407376522e-35
6.841756032557717e-07 1.7548597353986147e-35
6.921019694001518e-07 1.7796126097159332e-35
7.001201647181472e-07 1.8048229047612982e-35
7.082312530764748e-07 1.8305046815526432e-35
7.164363106670473e-07 1.8566711410988438e-35
7.247364261497574e-07 1.883332249335425e-35
7.331327007969329e-07 1.9104982907400276e-35
7.416262486394482e-07 1.9381889562408194e-35
7.50218196614538e-07 1.9664135847421457e-35
7.589096847153206e-07 1.995181441155548e-35
7.677018661420542e-07 2.0245289379656337e-35
7.765959074551467e-07 2.0544271585024556e-35
7.855929887299308e-07 2.0849364066119084e-35
7.94694303713247e-07 2.116048773559391e-35
8.039010599818267e-07 2.1477773922950954e-35
8.132144791025156e-07 2.180165589290828e-35
8.22635796794354e-07 2.2131883182659665e-35
8.321662630925353e-07 2.2468979770166972e-35
8.41807142514256e-07 2.2813059491209423e-35
8.515597142265038e-07 2.3164158103843837e-35
8.614252722157728e-07 2.3522756387205407e-35
8.714051254597533e-07 2.388869362708407e-35
8.815005981010092e-07 2.426252720083914e-35
8.917130296226671e-07 2.4644203088136725e-35
9.02043775026143e-07 2.503414979013878e-35
9.124942050109185e-07 2.5432450349381487e-35
9.230657061564184e-07 2.5839419433765925e-35
9.337596811059772e-07 2.6255287275215686e-35
9.445775487529453e-07 2.6680314365822015e-35
9.555207444289505e-07 2.711474716136436e-35
9.665907200943417e-07 2.7558879661395966e-35
9.777889445308297e-07 2.8013022192024805e-35
9.89116903536379e-07 2.8477361690421815e-35
1.0005761001223375e-06 2.895235089258862e-35
1.0121680547128618e-06 2.943812608761202e-35
1.023894305346648e-06 2.9935192027588784e-35
1.0357564078810016e-06 3.044370366856478e-35
1.0477559361982732e-06 3.0964181665174927e-35
1.0598944824146757e-06 3.149681367684952e-35
1.0721736570915405e-06 3.2042126565260255e-35
1.0845950894490012e-06 3.260036158441877e-35
1.097160427582164e-06 3.317202620101724e-35
1.1098713386797782e-06 3.3757450299450067e-35
1.122729509245443e-06 3.435709436018149e-35
1.1357366453213753e-06 3.497139187419534e-35
1.148894472714764e-06 3.5600780814055224e-35
1.1622047372267643e-06 3.6245734219093295e-35
1.1756692048841246e-06 3.6906737999477813e-35
1.1892896621735085e-06 3.758429040807928e-35
1.2030679162785284e-06 3.827890529290232e-35
1.217005795319525e-06 3.8991122894825045e-35
1.231105148596129e-06 3.9721495633675837e-35
1.245367846832617e-06 4.047058002973466e-35
1.2597957824261395e-06 4.123899111409177e-35
1.2743908696977945e-06 4.202732480205963e-35
1.289155045146628e-06 4.283621972896634e-35
1.304090267706569e-06 4.3666335885579804e-35
1.3191985190063462e-06 4.451833627604016e-35
1.3344818036324145e-06 4.539293475213078e-35
1.3499421493949173e-06 4.629085195275067e-35
1.3655816075967546e-06 4.721283620589807e-35
1.381402253305743e-06 4.815966378174396e-35
1.3974061856299414e-06 4.913213718383518e-35
1.4135955279961636e-06 5.013108577299543e-35
1.429972428431722e-06 5.11573678725972e-35
1.4465390598494177e-06 5.221187031655125e-35
1.4632976203358656e-06 5.329551166189333e-35
1.4802503334431261e-06 5.440924088655099e-35
1.4973994484837345e-06 5.55540398563231e-35
1.5147472408291416e-06 5.673092406076825e-35
1.532296012211618e-06 5.794094443502715e-35
1.5500480910296375e-06 5.918518411257848e-35
1.5680058326568339e-06 6.046477022816861e-35
1.5861716197544997e-06 6.178086238607232e-35
1.604547862587728e-06 6.313465805491656e-35
1.6231369993452077e-06 6.45274095415893e-35
1.6419414964627274e-06 6.596038625553626e-35
1.6609638489504288e-06 6.743492685024252e-35
1.680206580723836e-06 6.895240950699248e-35
1.6996722449387513e-06 7.051423112502194e-35
1.7193634243299995e-06 7.21218924804582e-35
1.7392827315541126e-06 7.377687796345152e-35
1.7594328095359804e-06 7.5480786348888e-35
1.779816331819519e-06 7.723521836776004e-35
1.800436002922403e-06 7.904187461587003e-35
1.8212945586948925e-06 8.090246261680427e-35
1.8423947666828494e-06 8.281879862690868e-35
1.8637394264949276e-06 8.479273065935895e-35
1.8853313701740317e-06 8.682617041573384e-35
1.9071734625730769e-06 8.892113483123638e-35
1.929268601735103e-06 9.107959032127293e-35
1.9516197192777935e-06 9.330374056876632e-35
1.974229780782435e-06 9.559579145366789e-35
1.9971017861874135e-06 9.795794191662982e-35
2.020238770186241e-06 1.0039250005427028e-34
2.0436438026302023e-06 1.029019838506372e-34
2.067319988935671e-06 1.0548890406814186e-34
2.0912704704961394e-06 1.081558570097534e-34
2.1154984250990288e-06 1.1090541685280292e-34
2.140007067347305e-06 1.137403567494133e-34
2.1647996490860233e-06 1.1666362319257482e-34
2.1898794598337715e-06 1.1967817994501696e-34
2.215249827219132e-06 1.2278709156403862e-34
2.240914117422197e-06 1.259935268731542e-34
2.2668757356211996e-06 1.293006554606363e-34
2.2931381264443206e-06 1.327119210767011e-34
2.3197047744267104e-06 1.3623085170083595e-34
2.3465792044728503e-06 1.3986106677992366e-34
2.373764982324222e-06 1.4360630896766432e-34
2.4012657150324236e-06 1.4747044839463955e-34
2.429085051437761e-06 1.5145747166187129e-34
2.4572266826533626e-06 1.5557151498009246e-34
2.4856943425549533e-06 1.5981686997463487e-34
2.5144918082762485e-06 1.6419796175051497e-34
2.543622900710117e-06 1.6871936659182247e-34
2.573091485015543e-06 1.73385817243595e-34
2.6029014711304605e-06 1.782022072410444e-34
2.6330568142905353e-06 1.8317359224593787e-34
2.663561515553932e-06 1.8830521416314502e-34
2.6944196223322116e-06 1.9360248809594008e-34
2.725635228927326e-06 1.990710149995395e-34
2.757212477074864e-06 2.04716588214291e-34
2.789155556493582e-06 2.1054520023385123e-34
2.8214687054413024e-06 2.165629513268958e-34
2.8541562112772582e-06 2.2277632302804015e-34
2.8872224110309236e-06 2.291919542970277e-34
2.9206716919774927e-06 2.3581670363711133e-34
2.9545084922199666e-06 2.4265766599470694e-34
2.988737301278013e-06 2.4972216377445945e-34
3.0233626606836443e-06 2.570176268381914e-34
3.058389164583794e-06 2.6455205388387594e-34
3.093821460349882e-06 2.7233356644692003e-34
3.129664249194409e-06 2.803705665744257e-34
3.1659222867947606e-06 2.886717466871119e-34
3.2026003839241712e-06 2.972459579269404e-34
3.239703407090031e-06 3.0610260098910734e-34
3.277236279179583e-06 3.1525131280440997e-34
3.315203980113099e-06 3.2470204804014053e-34
3.3536115475046296e-06 3.3446507950461175e-34
3.3924640773303756e-06 3.445510441614055e-34
3.431766724604871e-06 3.549709989181475e-34
3.4715247040649322e-06 3.657363490749854e-34
3.511743290861563e-06 3.768588880629795e-34
3.5524278212598757e-06 3.883508287390519e-34
3.593583693347084e-06 4.00224806706235e-34
3.6352163677488035e-06 4.124938932240508e-34
3.6773313683534776e-06 4.251716138856402e-34
3.719934283045376e-06 4.3827195945475216e-34
3.7630307644459654e-06 4.518094080133742e-34
3.8066265306639176e-06 4.657989463491076e-34
3.850727366053803e-06 4.802560499404295e-34
3.895339121983531e-06 4.95196778289097e-34
3.940467717610803e-06 5.106377429845902e-34
3.986119140668367e-06 5.265960887712477e-34
4.032299448258562e-06 5.430895118308725e-34
4.079014767656951e-06 5.601364951079841e-34
4.126271297125301e-06 5.777560714182994e-34
4.174075306733986e-06 5.959679363556158e-34
4.22243313919387e-06 6.147924016249911e-34
4.271351210697961e-06 6.342504914900181e-34
4.3208360117726e-06 6.543641295810525e-34
4.37089410813873e-06 6.751558975117294e-34
4.421532141583002e-06 6.966491637919518e-34
4.472756830839029e-06 7.188681114376936e-34
4.524574972478844e-06 7.418377471232899e-34
4.576993441814645e-06 7.655839712074325e-34
4.630019193811075e-06 7.901335963305098e-34
4.683659264007987e-06 8.155143585006487e-34
4.73792076945393e-06 8.417549614447252e-34
4.79281090965046e-06 8.688851105840897e-34
4.848336967507373e-06 8.969355152646096e-34
4.904506310309029e-06 9.259379509579273e-34
4.961326390691812e-06 9.559253961293105e-34
5.018804747633016e-06 9.869319240895454e-34
5.076949007451091e-06 1.0189927981586565e-33
5.1357668848175255e-06 1.0521445134571998e-33
5.195266183780437e-06 1.0864248401706093e-33
5.255454798800031e-06 1.121872608819352e-33
5.316340715796054e-06 1.1585284722597215e-33
5.377932013207344e-06 1.1964343007807657e-33
5.4402368630637464e-06 1.2356334192027197e-33
5.503263532070353e-06 1.2761706665445926e-33
5.56702038270435e-06 1.3180924491788637e-33
5.63151587432457e-06 1.3614467861115227e-33
5.696758564293884e-06 1.4062833893091472e-33
5.762757109114626e-06 1.452653707958094e-33
5.829520265577098e-06 1.5006109873580223e-33
5.89705689192151e-06 1.5502103353121844e-33
5.965375949013254e-06 1.6015087875471713e-33
6.034486501531861e-06 1.654565207241819e-33
6.104397719173727e-06 1.7094408091459364e-33
6.1751188778687e-06 1.7661988359879915e-33
6.246659361010966e-06 1.8249047300755594e-33
6.319028660703872e-06 1.8856262241600344e-33
6.392236379019496e-06 1.948433292726313e-33
6.466292229272596e-06 2.01339854050847e-33
6.54120603730941e-06 2.0805971056214043e-33
6.616987742811367e-06 2.1501067093837675e-33
6.69364740061384e-06 2.2220077933955124e-33
6.771195182040384e-06 2.296383614490683e-33
6.849641376252091e-06 2.373320350325899e-33
6.928996391612924e-06 2.452907194019411e-33
7.009270757070647e-06 2.5352364081501278e-33
7.090475123553835e-06 2.620403539579683e-33
7.1726202653850695e-06 2.708507523112772e-33
7.255717081710437e-06 2.799650623788305e-33
7.339776597945729e-06 2.8939388275938857e-33
7.424809967239256e-06 2.9914817647438454e-33
7.5108284719516786e-06 3.092392941537142e-33
7.5978435251529646e-06 3.196789840934777e-33
7.6858666721367e-06 3.304794058061091e-33
7.774909591951952e-06 3.416531442581351e-33
7.864984098952787e-06 3.532132260100532e-33
7.956102144365934e-06 3.651731328271598e-33
8.048275817876412e-06 3.775468100801752e-33
8.14151734923163e-06 3.9034871063292444e-33
8.23583910986405e-06 4.035937850537884e-33
8.331253614532645e-06 4.172975080947834e-33
8.4277735229834e-06 4.314758920574858e-33
8.52541164162895e-06 4.461454986789831e-33
8.624180925247864e-06 4.613235050433166e-33
8.724094478703435e-06 4.770276725158064e-33
8.825165558682468e-06 4.9327638533566535e-33
8.927407575454204e-06 5.100886725005419e-33
9.030834094649611e-06 5.274842224592828e-33
9.135458839061311e-06 5.4548341707917556e-33
9.241295690464272e-06 5.641073677540038e-33
9.348358691457773e-06 5.833779164800991e-33
9.456662047328518e-06 6.0331767145371074e-33
9.566220127935444e-06 6.23950033993489e-33
9.677047469616351e-06 6.452992248294934e-33
9.789158777116506e-06 6.67390309264205e-33
9.902568925539913e-06 6.90249245500866e-33
1.0017292962322683e-05 7.139028956919558e-33
1.0133346109229775e-05 7.383790645754194e-33
1.0250743764374542e-05 7.637065326007518e-33
1.0369501504261794e-05 7.899150902206521e-33
1.0489635085854539e-05 8.170355363034624e-33
1.0611160448664533e-05 8.450998074283356e-33
1.073409371686739e-05 8.741409494318967e-33
1.0858451201441672e-05 9.041931586921482e-33
1.0984249402333286e-05 9.352918317942436e-33
1.1111505010644611e-05 9.67473607707844e-33
1.124023491084913e-05 1.0007763879919415e-32
1.1370456183031708e-05 1.0352394269250211e-32
1.1502186105154683e-05 1.0709033741552515e-32
1.16354421553506e-05 1.1078102888392149e-32
1.1770242014240898e-05 1.1460037065286093e-32
1.1906603567282072e-05 1.1855286910509573e-32
1.2044544907138614e-05 1.2264318788479519e-32
1.2184084336083609e-05 1.2687615571411424e-32
1.2325240368427133e-05 1.3125677069196653e-32
1.2468031732972654e-05 1.3579020609120948e-32
1.2612477375502156e-05 1.4048181681550683e-32
1.2758596461289795e-05 1.4533714452867167e-32
1.2906408377644795e-05 1.503619265941603e-32
1.3055932736483796e-05 1.5556210288947636e-32
1.320718937693299e-05 1.609438208720587e-32
1.336019836796043e-05 1.6651344356888307e-32
1.3514980011038712e-05 1.7227755343556428e-32
1.367155484283876e-05 1.782429721135412e-32
1.3829943637954567e-05 1.844167569401715e-32
1.3990167411659615e-05 1.9080621266860166e-32
1.4152247422695221e-05 1.9741890059038812e-32
1.431620517609118e-05 2.0426264852410418e-32
1.4482062426019113e-05 2.1134555681211246e-32
1.4649841178678731e-05 2.186760119983617e-32
1.4819563695217828e-05 2.2626269554606342e-32
1.4991252494685797e-05 2.3411459337614577e-32
1.5164930357021541e-05 2.4224100711705457e-32
1.5340620326075933e-05 2.50651564033564e-32
1.551834571266932e-05 2.593562293631882e-32
1.569813009768447e-05 2.6836532114534537e-32
1.5879997335195195e-05 2.7768951801311334e-32
1.6063971555631524e-05 2.8733987092929665e-32
1.625007716898126e-05 2.973278237116565e-32
1.6438338868028755e-05 3.0766522038232246e-32
1.662878163163122e-05 3.183643207273245e-32
1.6821430728032794e-05 3.294378149850975e-32
1.7016311718217547e-05 3.408988331863345e-32
1.721345045930048e-05 3.5276097794975733e-32
1.741287310795864e-05 3.6503832436583973e-32
1.7614606123901495e-05 3.777454419521938e-32
1.781867627338165e-05 3.908974120318504e-32
1.8025110632746295e-05 4.045098439267915e-32
1.8233936592029542e-05 4.185988927273738e-32
1.8445181858586977e-05 4.3318129021272874e-32
1.865887446077142e-05 4.482743509906978e-32
1.8875042751652155e-05 4.638959979407024e-32
1.9093715412776686e-05 4.8006478359399966e-32
1.9314921457976286e-05 4.967999122456725e-32
1.9538690237215635e-05 5.141212479210293e-32
1.9765051440486864e-05 5.320493798465721e-32
1.99940351017491e-05 5.506056078884485e-32
2.0225671602913264e-05 5.698119802212543e-32
2.045999167787324e-05 5.896913196293728e-32
2.0697026416583685e-05 6.102672507332557e-32
2.0936807269185087e-05 6.31564214954157e-32
2.117936605017668e-05 6.536075273394441e-32
2.1424734942637456e-05 6.764233978951566e-32
2.167294650249653e-05 7.000389496800791e-32
2.1924033662852534e-05 7.244822586683266e-32
2.217802973834328e-05 7.49782387240114e-32
2.243496842956601e-05 7.759694101698241e-32
2.269488382754881e-05 8.030744592154209e-32
2.2957810418273946e-05 8.311297807915384e-32
2.3223783087253304e-05 8.601687411230221e-32
2.3492837124157355e-05 8.902258786991841e-32
2.3765008227497243e-05 9.213369454717358e-32
2.404033250936136e-05 9.535389309860888e-32
2.4318846500206787e-05 9.86870142597477e-32
2.4600587153706167e-05 1.0213702461512162e-31
2.4885591851650862e-05 1.0570802879215067e-31
2.517389840891061e-05 1.0940427562522996e-31
2.5465545078451174e-05 1.1323016207019663e-31
2.5760570556409587e-05 1.171902394678706e-31
2.605901398722848e-05 1.212892220863149e-31
2.6360914968849877e-05 1.2553198795778501e-31
2.666631355796885e-05 1.2992358649046127e-31
2.6975250275348885e-05 1.3446924078053218e-31
2.7287766111197496e-05 1.3917436368041508e-31
2.7603902530605447e-05 1.440445559829975e-31
2.7923701479048165e-05 1.49085614035943e-31
2.8247205387951152e-05 1.5430353592769553e-31
2.8574457180319936e-05 1.597045358432752e-31
2.8905500276434857e-05 1.652950422251478e-31
2.9240378599612786e-05 1.7108170947086454e-31
2.957913658203412e-05 1.770714276341171e-31
2.992181917063876e-05 1.8327132724577311e-31
3.0268471833089437e-05 1.8968878925388053e-31
3.061914056380451e-05 1.9633145529579382e-31
3.097387189006062e-05 2.0320723185880853e-31
3.133271287816571e-05 2.1032430900064234e-31
3.169571113970453e-05 2.17691161384926e-31
3.206291483785493e-05 2.253165545918876e-31
3.243437269377896e-05 2.3320957169613816e-31
3.281013399308688e-05 2.4137961410923737e-31
3.319024859237661e-05 2.4983641113542116e-31
3.357476692584877e-05 2.585900338198879e-31
3.3963740011998057e-05 2.6765089431874613e-31
3.435721946038323e-05 2.7702979118236e-31
3.475525747847376e-05 2.8673789583285607e-31
3.5157906878577546e-05 2.967867700631199e-31
3.5565221084847914e-05 3.0718838173913015e-31
3.5977254140371655e-05 3.1795511734575133e-31
3.639406071434042e-05 3.2909977884187013e-31
3.681569610930314e-05 3.4063565771753527e-31
3.724221626850491e-05 3.525764930352585e-31
3.7673677783308445e-05 3.6493650634262475e-31
3.811013790070357e-05 3.7773041861872755e-31
3.855165453090255e-05 3.909734678166711e-31
3.899828625502337e-05 4.046813987953221e-31
3.9450092332863235e-05 4.188705541680658e-31
3.990713271076016e-05 4.3355783855591335e-31
4.0369468029547605e-05 4.487607445731985e-31
4.083715963260001e-05 4.644973790547019e-31
4.1310269573972e-05 4.807864846269888e-31
4.17888606266319e-05 4.9764744115043995e-31
4.2272996290790127e-05 5.1510031739635375e-31
4.276274080232545e-05 5.331659230927592e-31
4.325815914130667e-05 5.518657734870302e-31
4.375931704061527e-05 5.712221391704123e-31
4.426628099466649e-05 5.912580726007621e-31
4.477911826823201e-05 6.119974224483203e-31
4.5297896905364855e-05 6.3346484290367685e-31
4.582268573842707e-05 6.556859439438465e-31
4.63535543972236e-05 6.786871874426927e-31
4.689057331823952e-05 7.024959641106358e-31
4.743381375398671e-05 7.27140626103218e-31
4.7983347782457284e-05 7.526504884737081e-31
4.853924831668709e-05 7.79055898887245e-31
4.910158911443003e-05 8.063883434575984e-31
4.9670444787943887e-05 8.3468036658815e-31
5.0245890813891034e-05 8.639656548008814e-31
5.0828003543351446e-05 8.942790584736921e-31
5.141686021195416e-05 9.256565987807363e-31
5.2012538950124536e-05 9.581357015557389e-31
5.26151187934508e-05 9.917550333617008e-31
5.3224679693170735e-05 1.0265546174642694e-30
5.384130252677918e-05 1.0625758028446692e-30
5.446506910876021e-05 1.0998614977463207e-30
5.509606220144084e-05 1.1384561125562906e-30
5.573436552597329e-05 1.1784055831314194e-30
5.63800637734427e-05 1.2197573537720708e-30
5.703324261610415e-05 1.2625607285144053e-30
5.769398871874994e-05 1.3068666300567357e-30
5.836238975020779e-05 1.35272772563439e-30
5.9038534394974235e-05 1.400198631930057e-30
5.972251236497969e-05 1.4493358018941295e-30
6.041441441149292e-05 1.5001976898152526e-30
6.111433233716159e-05 1.5528448431212508e-30
6.182235900819225e-05 1.6073397735831796e-30
6.253858836667339e-05 1.6637474231973003e-30
6.326311544303791e-05 1.7221348947188638e-30
6.39960363686739e-05 1.782571494841361e-30
6.473744838867768e-05 1.845129099043892e-30
6.548744987475777e-05 1.909882216513007e-30
6.624614033828647e-05 1.9769078565639333e-30
6.701362044350276e-05 2.046285727592449e-30
6.778999202086991e-05 2.118098022116894e-30
6.857535808058476e-05 2.1924302160697883e-30
6.936982282624667e-05 2.2693708122952584e-30
7.01734916686828e-05 2.3490112780125976e-30
7.098647123993424e-05 2.4314462849319044e-30
7.180886940740437e-05 2.5167738215548568e-30
7.264079528817007e-05 2.6050946522302628e-30
7.348235926346114e-05 2.696514188989915e-30
7.433367299330386e-05 2.7911411245153608e-30
7.519484943133782e-05 2.8890878902206117e-30
7.606600283980202e-05 2.990470854403922e-30
7.694724880469551e-05 3.0954104601462886e-30
7.783870425111373e-05 3.2040306742756484e-30
7.874048745876149e-05 3.316460654120054e-30
7.965271807764822e-05 3.432834245319258e-30
8.057551714396117e-05 3.553289627329923e-30
8.150900709612633e-05 3.6779698149846046e-30
8.245331179105308e-05 3.807022827748213e-30
8.340855652056777e-05 3.9406014778924445e-30
8.437486802803788e-05 4.078863425427586e-30
8.535237452518762e-05 4.221973713631906e-30
8.634120570911115e-05 4.3701021386720794e-30
8.734149277947868e-05 4.523424434082815e-30
8.835336845594601e-05 4.682122478435793e-30
8.937696699576319e-05 4.846384449540634e-30
9.041242421158814e-05 5.0164031075119214e-30
9.145987748950674e-05 5.1923817422996266e-30
9.251946580726034e-05 5.374528964250656e-30
9.359132975268777e-05 5.563060672410048e-30
9.467561154237602e-05 5.75820030925282e-30
9.57724550405319e-05 5.960178570237153e-30
9.688200577806933e-05 6.169233008208027e-30
9.800441097191795e-05 6.385613035943178e-30
9.91398195445581e-05 6.609574903147485e-30
0.00010028838214377737 6.841383805180806e-30
0.00010145025116266137 7.081314149105287e-30
0.00010262558075981153 7.329646785857134e-30
0.00010381452687980027 7.586678197252878e-30
0.00010501724727386163 7.852712484588337e-30
0.00010623390152082159 8.128064356480018e-30
0.00010746465104827185 8.413057667957174e-30
0.00010870965915398806 8.708029170722233e-30
0.000109969091027596 9.013328969833335e-30
0.00011124311377248993 9.329317906596497e-30
0.00011253189642800366 9.656366440740024e-30
0.00011383560999183917 9.9948627765467e-30
0.00011515442744275438 1.0345207046340851e-29
0.00011648852376351502 1.070781017222095e-29
0.00011783807596411116 1.1083102226978622e-29
0.00011920326310524286 1.1471524556252334e-29
0.000120584266322079 1.1873535344206451e-29
0.00012198126884828998 1.228960955621141e-29
0.00012339445604035978 1.2720234357362117e-29
0.00012482401540217885 1.31659199402508e-29
0.00012627013660992313 1.3627192060480205e-29
0.0001277330115372202 1.4104591070562954e-29
0.00012921283428060708 1.4598676144370067e-29
0.0001307098011852839 1.5110033618842607e-29
0.00013222411087116502 1.5639265366201582e-29
0.00013375596425923173 1.6186994158713247e-29
0.0001353055645981917 1.6753857274895574e-29
0.0001368731174914456 1.7340519341823783e-29
0.0001384588309243674 1.7947676144430443e-29
0.00014006291529189936 1.8576041038146887e-29
0.00014168558342646869 1.9226352108621212e-29
0.00014332705062622582 1.989937303007047e-29
0.0001449875346836102 2.05958775457586e-29
0.00014666725591424822 2.131668924067561e-29
0.0001483664371861845 2.2062658850327067e-29
0.00015008530394945203 2.2834660735063812e-29
0.00015182408426598606 2.3633599503030718e-29
0.0001535830088398831 2.4460411057990217e-29
0.0001553623110480115 2.531604802410146e-29
0.00015716222697097554 2.6201505261289677e-29
0.00015898299542443998 2.711783382388654e-29
0.00016082485799081599 2.8066104767183556e-29
0.00016268805905131416 2.904742610384353e-29
0.00016457284581837043 3.006294408082389e-29
0.00016647946836844616 3.111384055508132e-29
0.00016840817967520805 3.220129915997593e-29
0.00017035923564309412 3.3326625179295225e-29
0.00017233289514126697 3.4491129755320703e-29
0.00017432942003796107 3.5696169138479485e-29
0.00017634907523522732 3.6943146241184e-29
0.0001783921287040817 3.823351224692558e-29
0.00018045885152005945 3.956871075980483e-29
0.00018254951789918136 4.095032902905966e-29
0.00018466440523433827 4.237997980333264e-29
0.00018680379413209535 4.385932201629384e-29
0.000188967968449923 4.539007149332123e-29
0.00019115721533386048 4.697399966893339e-29
0.00019337182525661423 4.8612861025102577e-29
0.00019561209205609865 5.0308619774189494e-29
0.00019787831297442214 5.206323658803897e-29
0.00020017078869732677 5.38787391500959e-29
0.0002024898233940833 5.57572244513517e-29
0.00020483572475784816 5.770077652026745e-29
0.00020720880404648977 5.971168694482259e-29
0.0002096093761238863 6.179228641118138e-29
0.00021203775950170146 6.394496990136846e-29
0.00021449427638164665 6.617217606577948e-29
0.00021697925269823008 6.847642204677692e-29
0.00021949301816200287 7.086041278625158e-29
0.00022203590630330466 7.332688281486694e-29
0.00022460825451651816 7.587858745211266e-29
0.00022721040410483463 7.85184692041797e-29
0.00022984270032553775 8.124957806756312e-29
0.0002325054924358144 8.407495643673654e-29
0.00023519913373909376 8.699787991228479e-29
0.00023792398163192358 9.002163159531789e-29
0.00024068039765139153 9.314966092122387e-29
0.0002434687475230936 9.638553962731556e-29
0.0002462894012096595 9.973287050989659e-29
0.0002491427329598389 1.0319548571836084e-28
0.0002520291213581591 1.067773487608172e-28
0.0002549489493751551 1.1048246618601816e-28
0.0002579026044181822 1.1431484990486567e-28
0.00026089047838281915 1.1827900984745711e-28
0.000263912967704865 1.2237941807891303e-28
0.00026697047341293787 1.266206963361915e-28
0.00027006340118168544 1.3100748016679005e-28
0.00027319216138560986 1.355444980441715e-28
0.000276357169153517 1.4023709834101376e-28
0.00027955884442359567 1.4509053762292234e-28
0.00028279761199913697 1.501102472321566e-28
0.00028607390160489726 1.5530183914638897e-28
0.0002893881479441139 1.6067073601313618e-28
0.0002927407907561838 1.6622288523589304e-28
0.00029613227487500823 1.7196473396471386e-28
0.0002995630502880128 1.7790265388708188e-28
0.00030303357219585474 1.8404322679158062e-28
0.00030654430107281795 1.9039325156609062e-28
0.0003100957027279104 1.9695945527237855e-28
0.0003136882483666671 2.037485546938799e-28
0.00031732241465367206 2.1076864358258797e-28
0.0003209986837758023 2.1802742733296354e-28
0.00032471754350620383 2.2553286286768864e-28
0.00032847948726901237 2.33293166943519e-28
0.0003322850142048202 2.4131682477079386e-28
0.0003361346292369036 2.4961122371780374e-28
0.0003400288431382156 2.5818634891188587e-28
0.0003439681725991579 2.6705161791782265e-28
0.00034795314029613557 2.7621662574878566e-28
0.0003519842749609052 2.8569127714441395e-28
0.00035606211145072997 2.9548579675459258e-28
0.0003601871908193445 3.05609385124687e-28
0.00036436006038874147 3.1607330119208715e-28
0.00036858127382179324 3.268893079304022e-28
0.00037285139119571156 3.380689451164555e-28
0.00037717097907636 3.496241204081502e-28
0.0003815406105934252 3.6156712134876077e-28
0.00038596086551646316 3.7390840936187062e-28
0.00039043233033182273 3.866624409113779e-28
0.0003949555983204602 3.998429483757047e-28
0.00039953126963665925 4.134637732091771e-28
0.00040415995138765937 4.275391926538733e-28
0.00040884225771420607 4.420819813383933e-28
0.000413578809872039 4.571077831602844e-28
0.00041837023631431924 4.72633069341902e-28
0.0004232171727750142 4.88673899464223e-28
0.0004281202623532464 5.0524626644977e-28
0.00043308015559862315 5.223649724997801e-28
0.00043809751059755136 5.400497587965184e-28
0.00044317299306055206 5.583186723488706e-28
0.00044830727641059065 5.771887787507458e-28
0.00045350104187242635 5.966787929200535e-28
0.0004587549785629968 6.168097570380629e-28
0.0004640697835828539 6.376001367713527e-28
0.00046944616210865434 6.590713371944688e-28
0.0004748848274867246 6.812441244369913e-28
0.00048038650132770685 7.041403344443805e-28
0.0004859519136023062 7.277827353279552e-28
0.0004915818027381432 7.521934602829068e-28
0.0004972769157177275 7.773960876671544e-28
0.0005030380081775725 8.034169082475715e-28
0.000508865844508452 8.302810684063069e-28
0.00051476119795682 8.580071802874367e-28
0.0005207248507274086 8.86628168074174e-28
0.0005267575940870108 9.161714525357047e-28
0.0005328602284694675 9.466652525217677e-28
0.0005390335635818685 9.78136799540821e-28
0.0005452784185119888 1.0106062989723515e-27
0.0005515956218369649 1.0441133008741455e-27
0.0005579860117332301 1.078689065346231e-27
0.000564450436087728 1.114365740370188e-27
0.0005709897526104105 1.1511763899547459e-27
0.0005776048289480376 1.1891480632246656e-27
0.0005842965427993025 1.2283084178510173e-27
0.0005910657820312827 1.2687034636026269e-27
0.0005979134447972454 1.3103695915859602e-27
0.0006048404396558136 1.3533441964069251e-27
0.0006118476856915182 1.3976657081935772e-27
0.000618936112636742 1.4433703921771372e-27
0.0006261066609950762 1.4904757428657243e-27
0.000633360282166112 1.539043872875198e-27
0.000640697938571671 1.5891168051187432e-27
0.0006481206037834997 1.6407376802524786e-27
0.0006556292626524482 1.6939507926349914e-27
0.0006632249114391391 1.7488016285533085e-27
0.0006709085579461541 1.8053080576301193e-27
0.0006786812216517484 1.8635296174741136e-27
0.0006865439338451206 1.9235239120274778e-27
0.0006944977377632436 1.9853402951103197e-27
0.0007025436887292811 2.0490293899871502e-27
0.0007106828542926136 2.1146431325034347e-27
0.0007189163143704804 2.1822093812909947e-27
0.0007272451613912625 2.251775540813752e-27
0.0007356705004394322 2.3234191227052162e-27
0.0007441934494021743 2.397196129632068e-27
0.0007528151391177108 2.4731639504611178e-27
0.0007615367135253393 2.5513814097876035e-27
0.0007703593298172171 2.6318652939524174e-27
0.000779284158591897 2.714690769032119e-27
0.0007883123840096416 2.7999373235452072e-27
0.0007974452039495446 2.8876680396883613e-27
0.000806683830168465 2.977947515337697e-27
0.000816029488461802 3.070807506067413e-27
0.0008254834188261404 3.166303769656693e-27
0.0008350468756237728 3.2645367166696834e-27
0.0008447211277491307 3.365575397384726e-27
0.0008545074587971411 3.469489709622236e-27
0.0008644071672335406 3.57627549667807e-27
0.0008744215665671552 3.686068905620595e-27
0.0008845519855241764 3.7989436651357075e-27
0.0008947997682244634 3.91495234666068e-27
0.0009051662743598803 4.034138948953857e-27
0.000915652879374703 4.156623410686083e-27
0.0009262609746481127 4.282454494446631e-27
0.0009369919676788106 4.4117055582700565e-27
0.0009478472822717653 4.544459152168943e-27
0.0009588283587271222 4.680787819863638e-27
0.0009699366540313104 4.8207691314097205e-27
0.0009811736420503548 4.9644837028065825e-27
0.0009925408137254294 5.111981091445835e-27
0.0010040396772706814 5.263397254690015e-27
0.0010156717583733414 5.418819912951147e-27
0.0010274386003961554 5.5781982498557106e-27
0.0010393417645821559 5.741711080762018e-27
0.0010513828302618166 5.909470398370234e-27
0.0010635633950625977 6.081567681631401e-27
0.0010758850751209181 6.25809642255954e-27
0.0010883495052965936 6.438893752977999e-27
0.001100958339389749 6.624260826040908e-27
0.0011137132503602433 6.814296973664544e-27
0.001126615930549649 7.009097666222489e-27
0.0011396680919057878 7.208760450501199e-27
0.0011528714662098784 7.413314021205146e-27
0.001166227805306307 7.622602970088568e-27
0.0011797388813350716 7.836987684749528e-27
0.0011934064869669084 8.056565879728263e-27
0.0012072324356411433 8.281437317972332e-27
0.0012212185618063088 8.511703994558911e-27
0.0012353667211635376 8.74747033753521e-27
0.0012496787909127768 8.988343292188575e-27
0.0012641566700018645 9.234810941252839e-27
0.0012788022793784812 9.486999914834485e-27
0.0012936175622450248 9.745012676115142e-27
0.0013086044843164352 1.0008954082278217e-26
0.0013237650340810138 1.0278931631658365e-26
0.0013391012230642566 1.0554683060472256e-26
0.0013546150860957427 1.0836307139114057e-26
0.0013703086815791258 1.1124176246546674e-26
0.0013861840917652433 1.1418394329587625e-26
0.001402243423028388 1.1719067964311279e-26
0.001418488806145793 1.2026306658840667e-26
0.0014349223965803423 1.2339960409321219e-26
0.0014515463747665626 1.265977402698869e-26
0.0014683629463999215 1.2986347614990114e-26
0.0014853743427294913 1.3319786296426295e-26
0.0015025828208539904 1.36601982384015e-26
0.0015199906640212535 1.4007695023690658e-26
0.0015376001819311866 1.4361912388815633e-26
0.0015554137110422163 1.472287285931371e-26
0.0015734336148812904 1.5091100143846113e-26
0.0015916622843574835 1.5466701812940392e-26
0.0016101021380792206 1.5849789220541836e-26
0.001628755622675185 1.6240172245660547e-26
0.0016476252131189337 1.6637492995538272e-26
0.0016667134130572917 1.7042479663080907e-26
0.001686022755142534 1.74552414492544e-26
0.0017055558013684164 1.7875892042740518e-26
0.001725315143410117 1.8303702803366266e-26
0.001745303402968096 1.873932289572129e-26
0.001765523232115944 1.9183017380259733e-26
0.0017859773136522723 1.96347696769742e-26
0.0018066683614566647 2.009400789626891e-26
0.0018275991208497623 2.0561527694760565e-26
0.0018487723689575098 2.1037208412020317e-26
0.00187019091507964 2.1520862976915356e-26
0.001891857601062411 2.2012832530499125e-26
0.00191377530167566 2.2513063065147445e-26
0.001935946924994245 2.3021545420237036e-26
0.001958375412783886 2.3538595830839983e-26
0.001981063740891478 2.4063638551814172e-26
0.002004014919639941 2.4597509587510848e-26
0.0020272319942276303 2.514033113101178e-26
0.002050718045132378 2.5691058400462533e-26
0.002074476188520209 2.625021052670737e-26
0.0020985095766588124 2.6818428466005317e-26
0.0021228213983357815 2.7395837048612686e-26
0.0021474148792817015 2.7982569888464466e-26
0.002172293282598157 2.857669594024859e-26
0.0021974599091906795 2.917956331037763e-26
0.0022229180982067088 2.9791773728414776e-26
0.0022486712274786516 3.0413456000520773e-26
0.0022747227139720467 3.1044748819864875e-26
0.00230107601423894 3.168573250095785e-26
0.0023277346248764927 3.2333184005114227e-26
0.0023547020829909333 3.2990197829475356e-26
0.0023819819666668564 3.365690262799563e-26
0.002409577895441963 3.4333437641485086e-26
0.0024374935307873197 3.501995369042782e-26
0.00246573257659316 3.571661419618912e-26
0.0024942987796603253 3.642027500868419e-26
0.002523195930197388 3.713288756927287e-26
0.002552427862323558 3.7855516765428445e-26
0.0025819984545773895 3.858831261887805e-26
0.0026119116304313857 3.9331438311602914e-26
0.0026421713588125864 4.008507129447926e-26
0.0026727816546291638 4.0847506113157543e-26
0.0027037465793031184 4.161728009021417e-26
0.002735070241309172 4.239740815274422e-26
0.0027667567967198737 4.318805400214715e-26
0.002798810449757042 4.3989396134967644e-26
0.002831235453349574 4.4801629037449684e-26
0.00286403610969775 4.562414233489226e-26
0.0028972167708440455 4.645290064068722e-26
0.00293078183925056 4.729240610764998e-26
0.0029647357683831588 4.814284243713346e-26
0.0029990830633023578 4.900441005359091e-26
0.0030338282812610523 4.987732738705374e-26
0.0030689760323092 5.0759877982002287e-26
0.003104530979905476 5.164988023286419e-26
0.0031404978415360343 5.255113281630621e-26
0.0031768813893404218 5.346385008060683e-26
0.00321368645074476 5.438826560927331e-26
0.0032509179091022617 5.532386872572867e-26
0.003288580704341153 5.626636370152425e-26
0.0033266798336201112 5.72205526920599e-26
0.0033652203519913 5.818667549727049e-26
0.0034042073730710777 5.916499307971699e-26
0.0034436460697184895 6.015220157635307e-26
0.003483541674721581 6.114971985959043e-26
0.003523899481491735 6.215955199950269e-26
0.0035647248447659824 6.31819789921064e-26
0.003606023181317484 6.421263138705656e-26
0.003647799970674235 6.525575483693464e-26
0.003690060755846099 6.631120677120415e-26
0.0037328111440602706 6.737666119164921e-26
0.0037760568075052192 6.845454630959924e-26
0.0038198034840833312 6.954380087854331e-26
0.0038640569781721932 7.064457704391986e-26
0.003908823161394733 7.175848837575765e-26
0.003954107973398275 7.288159217427434e-26
0.003999917422642632 7.401821199944035e-26
0.004046257587197284 7.516871908358518e-26
0.004093134615547871 7.632967692420313e-26
0.00414055472741196 7.750071831702232e-26
0.004188524214564283 7.868577314325551e-26
0.004237049441671551 7.988520317981137e-26
0.00428613684713692 8.10993995944721e-26
0.004335792943954262 8.232211706973342e-26
0.00438602432057228 8.35553275599803e-26
0.004436837641768732 8.480317497897676e-26
0.004488239649534682 8.606604391194466e-26
0.004540237163969052 8.73443498306873e-26
0.004592837084183522 8.863854098478806e-26
0.004646046389217913 8.993767484958197e-26
0.004699872138966192 9.125000264555314e-26
0.004754321475113142 9.257789449275556e-26
0.004809401622082002 9.392177320694791e-26
0.004865119887992962 9.528209493136853e-26
0.00492148366563284 9.665935115966322e-26
0.004978500433435957 9.804485434604214e-26
0.0050361777564764025 9.944049527455525e-26
0.005094523287471741 1.0085265761332363e-25
0.005153544767798445 1.0228179632592427e-25
0.005213250028518994 1.0372840175270968e-25
0.005273646991420919 1.0519300178179538e-25
0.0053347436700678826 1.0667270797087691e-25
0.005396548170862927 1.0815692764045804e-25
0.0054590686941240595 1.096587290079132e-25
0.005522313535172234 1.111786003376627e-25
0.005586291085432057 1.127170673947521e-25
0.00565100983354513 1.1427469577355728e-25
0.005716478366496349 1.158520932207383e-25
0.005782705370753235 1.1743181395114515e-25
0.00584969963341847 1.1902990175416488e-25
0.005917470043395798 1.2064735081125732e-25
0.005986025592569363 1.2228473292030814e-25
0.006055375376996851 1.239426626433649e-25
0.006125528598116309 1.2561897878742353e-25
0.006196494563967023 1.2730109930310383e-25
0.006268282690424525 1.2900358600200655e-25
0.0063409025024499036 1.3072703391332335e-25
0.006414363635353605 1.3247208239939322e-25
0.0064886758360738084 1.3423941779661315e-25
0.0065638489644697425 1.36012940845002e-25
0.006639892994629858 1.3780744823248218e-25
0.006716818016195213 1.396242773890097e-25
0.006794634235698188 1.4146411885954985e-25
0.006873351977916715 1.433203136277836e-25
0.006952981687244131 1.451916965084981e-25
0.007033533929075039 1.4708647373176946e-25
0.007115019391207086 1.490053701597825e-25
0.007197448885259051 1.5093865841106122e-25
0.007280833348105347 1.5289357615285926e-25
0.0073651838433271425 1.5487338971993615e-25
0.007450511562680312 1.5686908254124358e-25
0.007536827827580309 1.588893174421171e-25
0.0076241440906044105 1.6092981186316588e-25
0.00771247193701119 1.6299199981958026e-25
0.007801823086277694 1.6507901378489281e-25
0.007892209393654391 1.6718335659034163e-25
0.007983642851738155 1.6931225285681267e-25
0.008076135592063468 1.7146862609594103e-25
0.008169699886711991 1.7364705222673217e-25
0.008264348149940943 1.75839914088196e-25
0.008360092939830173 1.7806060050465095e-25
0.008456946959948409 1.8030996789041497e-25
0.008554923061038779 1.8258893435897278e-25
0.008654034242723894 1.8488652413844567e-25
0.008754293655230581 1.8719858248452903e-25
0.008855714601134787 1.8953997833862382e-25
0.008958310537126509 1.9191160100745333e-25
0.00906209507579527 1.9431440415479903e-25
0.009167081987436263 1.967494094987824e-25
0.009273285201877406 1.9919570664786439e-25
0.009380718810327598 2.016622341512597e-25
0.009489397067246287 2.041602562498139e-25
0.009599334392234884 2.066907252973595e-25
0.009710545371949911 2.092546625535546e-25
0.009823044762038387 2.1185316215446252e-25
0.009936847489095643 2.1447204369581346e-25
0.010051968652645802 2.171031939954885e-25
0.01016842352714522 2.1976799158846454e-25
0.010286227564009057 2.2246743867626207e-25
0.010405396393661509 2.252026101977821e-25
0.010525945827609594 2.27974658112676e-25
0.010647891860541072 2.307837439254482e-25
0.010771250672446647 2.3359176707196e-25
0.01089603863076677 2.3643575176219163e-25
0.011022272292563215 2.3931675309066875e-25
0.011149968406716016 2.4223590291637896e-25
0.011279143916145663 2.451944144747397e-25
0.011409815960061126 2.4819358695165806e-25
0.011542001876233917 2.5120116869994336e-25
0.011675719203298487 2.5423920893139015e-25
0.01181098568307931 2.573169999904468e-25
0.011947819262944798 2.6043575381035015e-25
0.012086238098188727 2.635967693856479e-25
0.01222626055443902 2.6680143766790425e-25
0.012367905210094544 2.7001007406187473e-25
0.012511190858790128 2.732598144959955e-25
0.012656136511890122 2.7655263859055302e-25
0.012802761401010896 2.7988988393238897e-25
0.0129510849805724 2.8327298340850854e-25
0.013101126930379577 2.866732107627e-25
0.013252907158233398 2.901099073277024e-25
0.013406445802572286 2.9359247884810924e-25
0.013561763235144124 2.971223571255592e-25
0.013718880063709228 3.00690886379325e-25
0.01387781713477451 3.042838871659199e-25
0.014038595536359593 3.079249391075138e-25
0.014201236600794693 3.1161553593490125e-25
0.014365761907551048 3.153395891422053e-25
0.014532193286104118 3.1910291193331485e-25
0.014700552818829959 3.2291733587326467e-25
0.014870862843935172 3.2676717951356345e-25
0.015043145958420653 3.306650010223586e-25
0.015217425021079976 3.3460424818433023e-25
0.015393723155532217 3.385887816052825e-25
0.015572063753290063 3.4261686475439566e-25
0.015752470476863432 3.4669632536660052e-25
0.015934967262899044 3.508119456889368e-25
0.01611957832535643 3.5498209270532107e-25
0.016306328158720514 3.591990051252902e-25
0.0164952415412518 3.634556408655736e-25
0.01668634353827386 3.677703027710194e-25
0.01687965950549905 3.72135652031518e-25
0.017075215092392775 3.765355407882366e-25
0.01727303624557668 3.8099517450070743e-25
0.017473149212271326 3.855164239341994e-25
0.017675580543778584 3.90069889278151e-25
0.017880357099004703 3.9467693134705964e-25
0.018087506048023852 3.9934706855160235e-25
0.018297054875683127 4.040769581301648e-25
0.018509031385249286 4.088358453840674e-25
0.018723463702097754 4.136592471914294e-25
0.018940380277444206 4.185491580010932e-25
0.019159809892119743 4.234886682415842e-25
0.019381781660389417 4.284718397490274e-25
0.01960632503381521 4.335230849301063e-25
0.019833469805163692 4.386445371712751e-25
0.020063246112359 4.437994439194915e-25
0.0202956844424816 4.4902071303844115e-25
0.020530815635813215 4.543141373710322e-25
0.020768670889928995 4.596556211459594e-25
0.0210092817638367 4.6505722082812675e-25
0.02125268018216405 4.70533486860048e-25
0.021498898439394523 4.760577513509e-25
0.02174796920415223 4.8165161666425895e-25
0.02199992552353651 4.873107422593207e-25
0.02225480082750646 4.930317485757266e-25
0.02251262893331678 4.988194600726294e-25
0.02277344405000448 5.04673936771025e-25
0.023037280782927865 5.105954337318298e-25
0.02330417413835801 5.1658398608291395e-25
0.0235741595281235 5.22639518480337e-25
0.023847272774308745 5.287720115126918e-25
0.02412355011400718 5.349623106237762e-25
0.02440302820412908 5.412368750037058e-25
0.0246857441262653 5.475704884483406e-25
0.024971735391607318 5.539852947556061e-25
0.025261039945924286 5.604736142918355e-25
0.02555369617459777 5.670287408389572e-25
0.025849742907714596 5.736749115637157e-25
0.02614921942521918 5.803785523707534e-25
0.026452165462125053 5.8716813945767385e-25
0.02675862121378702 5.940428414882783e-25
0.027068627341234334 6.0097986854009325e-25
0.02738222497656567 6.080130179119014e-25
0.02769945572840665 6.151157914653037e-25
0.028020361687430325 6.223036850300697e-25
0.02834498543194216 6.295789662050269e-25
0.02867337003352916 6.36929288874035e-25
0.02900555906277474 6.443734741450155e-25
0.029341596595039748 6.518951429138419e-25
0.029681527216310493 6.595076377143569e-25
0.030025396029114252 6.672087424358525e-25
0.030373248658503906 6.7499572324713965e-25
0.030725131258111306 6.828736091827869e-25
0.03108109051627106 6.908421257550224e-25
0.031441173662215216 6.989040368715297e-25
0.031805428472339733 7.070531529942771e-25
0.03217390327654355 7.153034440596299e-25
0.03254664696464085 7.236427816657881e-25
0.032923708992848216 7.320825115429212e-25
0.03330513939034629 7.406167280154782e-25
0.03369098876591779 7.492521055740586e-25
0.03408130831466239 7.579838921781086e-25
0.03447614982478933 7.668203894675787e-25
0.03487556568448884 7.7575437449248625e-25
0.0352796088888828 7.847955403326589e-25
0.03568833304705666 7.939384973380497e-25
0.03610179238917208 8.031868401790691e-25
0.036520041773662325 8.12547568952021e-25
0.036943136694511006 8.220068886654946e-25
0.03737113328861516 8.315805250414898e-25
0.03780408834323329 8.412649015346377e-25
0.03824205930352042 8.510610079213097e-25
0.03868510428014973 8.609705112714222e-25
0.039133282057022836 8.709953710156176e-25
0.039586652099069336 8.811327865511616e-25
0.04004527456013671 8.91386338244225e-25
0.04050921029097168 9.017644124605823e-25
0.04097852084729371 9.122580792418022e-25
0.04145326849796277 9.228718617756556e-25
0.04193351623324092 9.336187099954889e-25
0.042419327773150085 9.444736119547547e-25
0.04291076757592651 9.554646809565628e-25
0.04340790084657316 9.665824211373085e-25
0.04391079354551132 9.778230918623535e-25
0.04441951239733201 9.891981673549203e-25
0.04493412489964957 1.0007049814348956e-24
0.045454699332057064 1.0123443203557004e-24
0.045981304765185756 1.0241183910029777e-24
0.04651401106986955 1.0360276783661104e-24
0.04705288892641554 1.0480746310949607e-24
0.047598009833982095 1.060268202607166e-24
0.048149446120065074 1.0725886612797757e-24
0.04870727095009494 1.0850675520931235e-24
0.04927155833714409 1.0976779489164924e-24
0.04984238315174711 1.1104386573206462e-24
0.050419821131834706 1.1233610573071234e-24
0.051003948892782855 1.1364038644193165e-24
0.05159484393757782 1.1496289343688083e-24
0.05219258466710001 1.1629852329275001e-24
0.052797250390525886 1.1764986973283773e-24
0.05340892133585098 1.1901983288614114e-24
0.0540276786605346 1.2040082732854023e-24
0.054653604462268 1.2180106241037035e-24
0.05528678178986731 1.2321684006211873e-24
0.05592729465429213 1.2464818436403273e-24
0.0565752280397929 1.2609847346946755e-24
0.05723066791518634 1.2756245705651954e-24
0.05789370124526199 1.2904651057670268e-24
0.05856441600232085 1.3054490556140044e-24
0.0592429011778477 1.3206257261923223e-24
0.05992924679431874 1.335974767641365e-24
0.06062354391714541 1.3514991659186165e-24
0.06132588466675785 1.3672041190807574e-24
0.062036362230827057 1.3830957361926573e-24
0.06275507087662935 1.3991648562816853e-24
0.06348210596355384 1.4154198031713068e-24
0.06421756395575506 1.431879838436723e-24
0.06496154243495139 1.448506450822841e-24
0.06571414011337316 1.4653488460376329e-24
0.06647545684685943 1.482367015796219e-24
0.06724559364810717 1.499603681478614e-24
0.06802465270007374 1.5170189596575027e-24
0.0688127373695347 1.5346602360307676e-24
0.06960995222079881 1.5524819899796348e-24
0.07041640302958128 1.570534375536625e-24
0.07123219679703902 1.5887761927920913e-24
0.07205744176396717 1.6072442408921921e-24
0.07289224742516089 1.6259236918401585e-24
0.07373672454394317 1.6448146356421605e-24
0.07459098516686119 1.6639331297073674e-24
0.07545514263855292 1.683271683301368e-24
0.07632931161678526 1.702835342201592e-24
0.07721360808766795 1.7226277523478732e-24
0.07810814938104219 1.742649918585852e-24
0.07901305418604826 1.762900304290365e-24
0.07992844256687338 1.783389297639457e-24
0.08085443597868225 1.8041302624514737e-24
0.08179115728373115 1.8250897885953914e-24
0.08273873076767058 1.8463067673867442e-24
0.08369728215603493 1.867775630654863e-24
0.08466693863092419 1.8894790049976994e-24
0.08564782884787857 1.9114557155908045e-24
0.08664008295294887 1.9336721448548007e-24
0.08764383259996444 1.9561511524017176e-24
0.0886592109680007 1.9788991973219386e-24
0.08968635277905047 2.001910670982159e-24
0.09072539431589849 2.0251866779387547e-24
0.09177647344020369 2.048736987371916e-24
0.09283972961079104 2.0725607548012643e-24
0.09391530390215505 2.096663085860306e-24
0.095003339023178 2.1210495333206167e-24
0.09610397933606396 2.1457273346055652e-24
0.09721737087549422 2.170678495871134e-24
0.09834366136800259 2.1959242857780746e-24
0.09948300025157616 2.221475130471343e-24
0.10063553869548303 2.247324918964019e-24
0.10180142962032979 2.2734635286991124e-24
0.10298082771835056 2.2999154429326343e-24
0.10417388947393294 2.326679137632067e-24
0.10538077318437983 2.353756030390398e-24
0.10660163898091277 2.3811506143314853e-24
0.10783664884991835 2.408866832859069e-24
0.1090859666544409 2.4369026235321955e-24
0.11034975815592424 2.4652698399344232e-24
0.11162819103620432 2.4939720972114973e-24
0.11292143491975885 2.523014852392337e-24
0.1142296613962124 2.5523904822040515e-24
0.1155530440431035 2.5821080347668042e-24
0.11689175844891506 2.61217834012455e-24
0.11824598223637178 2.6426038397317192e-24
0.11961589508600773 2.6733873778805423e-24
0.12100167876000553 2.7045356487411144e-24
0.12240351712631439 2.736044957537341e-24
0.12382159618304503 2.7679262599807196e-24
0.12525610408314838 2.8001861012790056e-24
0.1267072311593801 2.8328217003010484e-24
0.12817516994955408 2.8658439645903736e-24
0.12966011522208915 2.899255451346e-24
0.13116226400184997 2.933056162200836e-24
0.13268181559629033 2.9672573842785668e-24
0.13421897162189644 3.001862215253272e-24
0.13577393603093804 3.0368714115984607e-24
0.13734691513852912 3.0722995839268814e-24
0.1389381176500023 3.1081442702045777e-24
0.1405477546885992 3.1444169696270875e-24
0.1421760398234842 3.181111479561269e-24
0.14382318909808 3.2182420357627046e-24
0.14548942105873297 3.2558126985909394e-24
0.1471749567837101 3.293828341718502e-24
0.14888001991253214 3.332295206161106e-24
0.15060483667564664 3.371222516383652e-24
0.15234963592444337 3.4106033958081056e-24
0.15411464916162057 3.450453537274195e-24
0.15590011057189979 3.490779959586075e-24
0.15770625705309818 3.531579312733352e-24
0.1595333282475606 3.572866945752003e-24
0.16138156657395558 3.614647652469586e-24
0.16325121725944025 3.656928561177136e-24
0.16514252837219606 3.69970304121588e-24
0.16705575085434493 3.74299309100629e-24
0.16899113855524317 3.7867987393676356e-24
0.17094894826516316 3.831128922933124e-24
0.17292943974936448 3.8759809453019226e-24
0.17493287578256048 3.921373677790452e-24
0.17695952218378205 3.967314037405054e-24
0.17900964785164927 4.0137946226302846e-24
0.18108352480004766 4.0608384211630436e-24
0.18318142819421987 4.10844156701256e-24
0.185303636387275 4.156616983217652e-24
0.187450430957121 4.205371752614316e-24
0.18962209674382516 4.254708218944792e-24
0.19181892188740562 4.304639638163811e-24
0.19404119786606458 4.355175036167765e-24
0.19628921953486053 4.4063152401217914e-24
0.19856328516483046 4.458071235393678e-24
0.20086369648256494 4.510451063304389e-24
0.20319075871024164 4.5634659320654055e-24
0.20554478060612316 4.6171181099114304e-24
0.20792607450552186 4.671422009732801e-24
0.2103349563622435 4.7263825324527e-24
0.2127717457905068 4.782007469461808e-24
0.21523676610735085 4.838306971057667e-24
0.2177303443755332 4.8952904238402285e-24
0.22025281144692566 4.95296627918772e-24
0.22280450200641022 5.011348744400499e-24
0.2253857546162886 5.070434137472247e-24
0.22799691176120104 5.1302449674696516e-24
0.23063831989356845 5.190784082092355e-24
0.23331032947956015 5.252065134187746e-24
0.2360132950455942 5.3140916301237304e-24
0.23874757522537718 5.376880859865608e-24
0.2415135328074861 5.440440837702841e-24
0.2443115347835069 5.504781572849619e-24
0.24714195239672537 5.569913061500203e-24
0.2500051611913849 5.6358464177179395e-24
0.252901541062514 5.702590469021489e-24
0.2558314763063319 5.770160696564387e-24
0.2587953556712375 5.838567009675464e-24
0.26179357240938744 5.907819138685252e-24
0.2648265243288763 5.9779291957317466e-24
0.2678946138465166 6.04891071063162e-24
0.2709982480412322 6.120775572338373e-24
0.27413783870807057 6.1935360651183036e-24
0.2773138024128407 6.2672025882935845e-24
0.2805265605473816 6.3417914171926275e-24
0.28377653938547664 6.417313094461541e-24
0.28706417013940966 6.49378086834607e-24
0.29038988901717994 6.571208474904139e-24
0.29375413728037847 6.649609435172901e-24
0.2971573613027356 6.728999567582908e-24
0.30060001262934716 6.809393690048226e-24
0.3040825480365834 6.89080187933281e-24
0.307605429592699 6.973242465504977e-24
0.31116912471913794 7.056730832064256e-24
0.314774106252553 7.141280228074827e-24
0.3184208525075418 7.226906112308359e-24
0.32210984734011094 7.313626080153097e-24
0.3258415802118749 7.401455516440111e-24
0.3296165462549964 7.490413785834378e-24
0.3334352463378849 7.580512241470196e-24
0.33729818713165005 7.671772697305193e-24
0.34120588117732853 7.764210091923849e-24
0.3451588469538885 7.857847625600938e-24
0.3491576089470223 7.952694161952536e-24
0.3532026977187367 8.048775336342487e-24
0.35729464997774596 8.14610907388689e-24
0.36143400865068737 8.244710007965853e-24
0.36562132295415484 8.344605620659449e-24
0.36985714846757034 8.445811695379578e-24
0.3741420472068993 8.548351246679337e-24
0.3784765876992204 8.652239760617662e-24
0.3828613450581554 8.757504090393738e-24
0.3872969010601812 8.864163595247678e-24
0.3917838442218173 8.972242545488325e-24
0.396322769877712 9.081764023956805e-24
0.4009142802596325 9.192748735443241e-24
0.40555898457636985 9.305222529214728e-24
0.4102574990945704 9.419210895680379e-24
0.4150104472204999 9.534735172983191e-24
0.419818459582763 9.651824805605398e-24
0.42468217411597264 9.770502592884046e-24
0.4296022361453931 9.890796827114811e-24
0.43457929847256266 1.0012732615514546e-23
0.4396140214619084 1.0136342294858065e-23
0.44470707312836544 1.0261650152110718e-23
0.4498591292260063 1.038868608885759e-23
0.4550708733377066 1.0517483241251864e-23
0.4603429969658404 1.0648067078860714e-23
0.46567619962403045 1.078047136842329e-23
0.471071188929961 1.0914727077109545e-23
0.47652868069926646 1.1050868934076955e-23
0.48204939904050303 1.1188927310528041e-23
0.4876340764512305 1.132893974984e-23
0.49328345391519735 1.1470939622971847e-23
0.49899828100065624 1.1614960874565477e-23
0.5047793159598184 1.1761044055758547e-23
0.5106273258294591 1.190922439511977e-23
0.5165430865326913 1.2059541384938218e-23
0.522527382981911 1.2212033982334082e-23
0.5285810091829479 1.2366742998893058e-23
0.5347047683404104 1.2523709194109566e-23
0.5408994729642576 1.2682977710021275e-23
0.5471659449776043 1.2844587841088224e-23
0.5535050158257748 1.300858725024986e-23
0.559917526586622 1.3175021922558313e-23
0.5664043280821177 1.3343937385347185e-23
0.5729662809912484 1.351538307664791e-23
0.5796042559642065 1.3689410327039114e-23
0.5863191337379112 1.3866066253091673e-23
0.5931118052528659 1.4045405163964515e-23
0.5999831717713704 1.4227478567405775e-23
0.6069341449970971 1.4412344498151954e-23
0.6139656471960652 1.4600055109610522e-23
0.6210786113190024 1.4790672377683902e-23
0.6282739811251326 1.498425072966903e-23
0.6355527113073947 1.518086063597381e-23
0.6429157676191126 1.5380552899625322e-23
0.650364127002135 1.5583397927820196e-23
0.6578987777164514 1.5789463520654455e-23
0.6655207194713245 1.5998811689619682e-23
0.6732309635579277 1.6211518524071356e-23
0.6810305329835259 1.6427651248993517e-23
0.6889204626072101 1.6647285510073062e-23
0.6969017992772037 1.6870498847159766e-23
0.7049756019697624 1.7097362705569433e-23
0.7131429419296733 1.7327962906392153e-23
0.7214049028123998 1.7562380522291573e-23
0.7297625808278555 1.780069848276642e-23
0.7382170848858538 1.8043005561690985e-23
0.7467695367432384 1.8289389507752558e-23
0.7554210711527228 1.8539944706938234e-23
0.7641728360134435 1.8794761615016683e-23
0.7730259925232751 1.905394125955314e-23
0.7819817153328937 1.931758253669252e-23
0.7910411927016324 1.958579100996696e-23
0.8002056266551422 1.985866865105588e-23
0.8094762331448778 2.0136326628581116e-23
0.8188542422094343 2.0418878415354275e-23
0.8283408981377433 2.070643922276778e-23
0.8379374596341781 2.0999127195481158e-23
0.8476451999855527 2.1297065509348678e-23
0.8574654072300661 2.1600377830104832e-23
0.8673993843282011 2.1909197327890998e-23
0.8774484493356022 2.2223658865667437e-23
0.8876139355779604 2.2543899233921084e-23
0.897897191827913 2.2870058653339736e-23
0.908299582484012 2.320228648321806e-23
0.9188224877517467 2.3540732201537473e-23
0.9294673038266745 2.3885550278956742e-23
0.9402354430796694 2.4236903351903038e-23
0.9511283342443179 2.4594953705416272e-23
0.9621474226064876 2.4959871959351046e-23
0.973294170196082 2.533183648183146e-23
0.9845700559810368 2.571102288205928e-23
0.995976576063544 2.6097619680628303e-23
1.0075152438785586 2.6491819524280916e-23
1.0191875903946042 2.689382241060973e-23
1.0309951643169053 2.730382984199247e-23
1.0429395322928647 2.772205392028374e-23
1.055022279119941 2.814870815397569e-23
1.0672450079559133 2.8584017943973566e-23
1.0796093405315925 2.9028216694066077e-23
1.0921169173659961 2.948153762045069e-23
1.1047693979840143 2.9944231703297565e-23
1.1175684611366001 3.041654696619002e-23
1.1305158050235005 3.089874788946252e-23
1.1436131475185893 3.1391104411013695e-23
1.1568622263977881 3.1893895378366403e-23
1.1702647995696402 3.2407401849252145e-23
1.1838226453085516 3.2931925631596875e-23
1.1975375624907363 3.3467768041535015e-23
1.2114113708328955 3.401524842037177e-23
1.2254459111336509 3.4574689974512274e-23
1.2396430455178005 3.5146427355297233e-23
1.2540046576833765 3.573080620555951e-23
1.2685326531515815 3.632818940539528e-23
1.2832289595196156 3.6938939069590806e-23
1.2980955267164345 3.756343798408564e-23
1.3131343272614604 3.820208226222256e-23
1.3283473565263133 3.8855273613757605e-23
1.3437366329995504 3.9523434639079296e-23
1.3593041985544845 4.020699487605836e-23
1.3750521187201032 4.090640246311492e-23
1.3909824829551263 4.1622117080719045e-23
1.4070974049252414 4.235461539445344e-23
1.423399022783537 4.310438878677598e-23
1.4398894994542129 4.3871941632245297e-23
1.4565710229195499 4.465780107336654e-23
1.4734458065102158 4.546250756873128e-23
1.4905160891989353 4.6286617927128376e-23
1.5077841358975597 4.713071224125993e-23
1.5252522377575817 4.7995377689072136e-23
1.5429227124741174 4.888123800119035e-23
1.560797904593439 4.978892844681464e-23
1.5788801858240427 5.0719097636460804e-23
1.597171955351331 5.1672426824139505e-23
1.6156756401559431 5.264961517985636e-23
1.6343936953357714 5.365138838799981e-23
1.6533286044316964 5.467848565033664e-23
1.6724828797571252 5.573168614992671e-23
1.6918590627313173 5.68117783870412e-23
1.7114597242165863 5.791958924004493e-23
1.731287464859406 5.905596461089182e-23
1.7513449154354697 6.022178422009841e-23
1.7716347371987469 6.141795474673125e-23
1.7921596222345701 6.264541079235673e-23
1.8129222938168459 6.390511740481653e-23
1.8339255067693685 6.519807746335362e-23
1.8551720478313383 6.652531890624715e-23
1.8766647360271103 6.78879094199816e-23
1.8984064230402269 6.928694876299284e-23
1.9203999935917873 7.072357672213128e-23
1.9426483658231823 7.219896532880482e-23
1.9651544916832995 7.371432831265042e-23
1.9879213573201786 7.527092018782193e-23
2.010951983477221 7.687003619285728e-23
2.034249425893987 7.851301573153365e-23
2.0578167757116415 8.02012389350501e-23
2.0816571598830724 8.19361343454225e-23
2.1057737415878064 8.371917819099505e-23
2.1301697206516876 8.555189468429425e-23
2.1548483339714393 8.743585805222237e-23
2.1798128559441405 8.937269595498971e-23
2.205066598901679 9.136408481367831e-23
2.2306129135502393 9.341176448222687e-23
2.2564551894148637 9.551752544549619e-23
2.282596855289205 9.768322286121275e-23
2.3090413796904485 9.99107702787133e-23
2.335792271319522 1.0220214519749642e-22
2.3628530795266367 1.0455938940902629e-22
2.3902273947822223 1.0698461418324503e-22
2.4179188491533194 1.0947999790903427e-22
2.4459311167854674 1.120477945553702e-22
2.474267914390228 1.1469032934889954e-22
2.5029330017383034 1.1741000618498585e-22
2.5319301821583906 1.2020930621218016e-22
2.5612633030418195 1.230907965979018e-22
2.590936256353024 1.260571232969789e-22
2.6209529791459434 1.2911102368918348e-22
2.6513174540863744 1.32255326204451e-22
2.68203370998043 1.3549294568599523e-22
2.713105822309065 1.3882690251758775e-22
2.7445379137688235 1.4226030832820163e-22
2.776334154818845 1.4579638312134127e-22
2.8084987642342134 1.4943844533146765e-22
2.841036009665687 1.5318993059427028e-22
2.87395020820597 1.5705438213312447e-22
2.9072457269624925 1.6103545741145716e-22
2.9409269836368472 1.6513694109309203e-22
2.9749984471109374 1.6936273474751046e-22
3.0094646380399173 1.7371687025978284e-22
3.044330129452003 1.782035081050881e-22
3.079599547355207 1.8282695127810403e-22
3.1152775713511587 1.8759164199467806e-22
3.1513689352559795 1.925021457926246e-22
3.187878427728376 1.975632146223619e-22
3.2248108929050088 2.0277972614220318e-22
3.26217123104322 2.0815672589524945e-22
3.299964399171212 2.1369941793743414e-22
3.3381954117457306 2.1941317972938325e-22
3.3768693413174264 2.2530356301365255e-22
3.415991319203865 2.313762943856227e-22
3.455566536170366 2.376372874702821e-22
3.4956002431187176 2.4409264415295e-22
3.5360977517838865 2.5074866579019055e-22
3.577064435438755 2.576118506296546e-22
3.6185057296071004 2.646889087144039e-22
3.6604271327847586 2.7198676366264725e-22
3.702834207169182 2.795125590657964e-22
3.7457325793974383 2.8727366963836236e-22
3.7891279412927643 2.952776975758089e-22
3.8330260506197713 3.0353247717417558e-22
3.877432731848364 3.1204612117047026e-22
3.9223538769265875 3.208269797266068e-22
3.9677954460623495 3.2988366259610514e-22
4.013763468514235 3.3922505234359997e-22
4.0602640433914825 3.488603125874785e-22
4.107303340463217 3.5879888962263543e-22
4.154887600977081 3.6905054084611313e-22
4.203023138487291 3.7962531312365087e-22
4.251716339692387 3.9053356149958557e-22
4.300973665282593 4.0178596194950067e-22
4.35080165079704 4.133935454388075e-22
4.401206907490909 4.253676545980293e-22
4.45219612321264 4.377199948059516e-22
4.50377606329124 4.504626224899476e-22
4.555953571433978 4.636079561533412e-22
4.608735570634381 4.771688250433517e-22
4.662129064090797 4.911584202497948e-22
4.7161411361355885 5.055903388544148e-22
4.770778953175095 5.204785787637554e-22
4.8260497646404925 5.358375749623306e-22
4.88196090394962 5.51682187684709e-22
4.938519789480046 5.680277290650514e-22
4.995733925553313 5.848899484548798e-22
5.053610903430633 6.02285090783251e-22
5.112158402320107 6.2022983083579485e-22
5.171384190395613 6.387414073458592e-22
5.231296125827513 6.5783751072416645e-22
5.291902157825243 6.775363486292127e-22
5.35321032769209 6.978566966216007e-22
5.415228769892084 7.188178201408057e-22
5.477965713129301 7.404395848192972e-22
5.541429481439657 7.627424035084786e-22
5.605628495295373 7.857472685830017e-22
5.6705712727221655 8.094757924994254e-22
5.736266430429501 8.339501741940896e-22
5.802722684953827 8.591932352165449e-22
5.869948853815112 8.85228486572545e-22
5.937953856686763 9.120799801668012e-22
6.006746716579105 9.397725609428164e-22
6.076336561036578 9.683316891813222e-22
6.146732623348747 9.97783529104859e-22
6.21794424377546 1.02815495635193e-21
6.289980870786084 1.059473564281487e-21
6.362852062313149 1.0917677176584584e-21
6.436567487020515 1.1250665357104741e-21
6.5111369255862215 1.1593998505602894e-21
6.58657027200022 1.1947983474749078e-21
6.662877534877064 1.2312934671269643e-21
6.7400688387839605 1.2689174941062391e-21
6.818154425584043 1.3077035320705683e-21
6.897144655795308 1.3476855263595075e-21
6.977050009965252 1.3888982890679969e-21
7.057881090061454 1.4313775220129838e-21
7.139648620878274 1.4751597398453257e-21
7.2223634514597785 1.5202825042358679e-21
7.30603655653929 1.566784149597954e-21
7.390679037995482 1.6147040214799711e-21
7.476302126325404 1.6640823777385285e-21
7.56291718213456 1.7149604756514493e-21
7.650535697644272 1.767380483739003e-21
7.739169298216416 1.8213856087606608e-21
7.828829743895997 1.8770200313959226e-21
7.919528930971415 1.934328907966893e-21
8.011278893552912 1.9933585077642013e-21
8.104091805169267 2.05415602218554e-21
8.197979980383002 2.1167697575224932e-21
8.292955876424317 2.181249059226786e-21
8.389032094843865 2.2476443004077647e-21
8.486221383184843 2.3160069522858826e-21
8.584536636674295 2.3863895937911467e-21
8.683990899934086 2.4588458158440738e-21
8.784597368711676 2.5334303307160194e-21
8.886369391630968 2.610198982604369e-21
8.989320471963424 2.6892086917684328e-21
9.09346426941964 2.7705175202986146e-21
9.19881460196184 2.854184541466539e-21
9.305385447637203 2.9402700632745527e-21
9.413190946432495 3.028835421977572e-21
9.522245402150194 3.1199431635660078e-21
9.632563284306363 3.2136567260506798e-21
9.744159230050398 3.3100409218114826e-21
9.85704804610724 3.409161658839004e-21
9.971244710741864 3.5110856995543305e-21
10.086764375746649 3.615881011757597e-21
10.203622368451729 3.7236168851487784e-21
10.321834193758658 3.834363404947901e-21
10.441415536197642 3.9481918400424124e-21
10.562382262008503 4.065174480915812e-21
10.684750421245958 4.185384797033091e-21
10.808536249909091 4.308897061561029e-21
10.933756172095581 4.4357868515460085e-21
11.06042680218089 4.566130470631857e-21
11.18856494702267 4.700005348776953e-21
11.318187608190755 4.837489967668497e-21
11.449311984222863 4.978663565778406e-21
11.581955472906664 5.123606328558273e-21
11.716135673588044 5.272399608243578e-21
11.851870389506253 5.4251251880248874e-21
11.989177630156053 5.5818660296906444e-21
12.128075613677277 5.742705875180039e-21
12.268582769271942 5.9077290435521686e-21
12.41071773964961 6.0770207197091105e-21
12.55449938350083 6.250667033321609e-21
12.699946777999372 6.428754345560572e-21
12.847079221333413 6.6113700980176916e-21
12.995916235266042 6.798601992843191e-21
13.146477567725482 6.990538574366122e-21
13.298783195425152 7.187268608860186e-21
13.45285332651438 7.388881593508788e-21
13.608708403259538 7.595467407267674e-21
13.76636910475639 7.807116618295381e-21
13.925856349673815 8.02391970960947e-21
14.087191299029337 8.245967112857396e-21
14.25039535899683 8.473350489393213e-21
14.415490183746604 8.706161172123268e-21
14.58249767831869 8.944490289283848e-21
14.751440001529117 9.188429916913498e-21
14.922339568910012 9.438072216909736e-21
15.095219055683721 9.693507848900092e-21
15.27010139977143 9.954829200776206e-21
15.447009804836483 1.0222127541923766e-20
15.625967743363253 1.0495494429259627e-20
15.806998959771397 1.0775021062959192e-20
15.990127473566332 1.1060798484214157e-20
16.175377582526174 1.135291699942971e-20
16.36277386592561 1.1651467445965589e-20
16.55234118779715 1.1956539446091215e-20
16.744104700229986 1.2268222543883477e-20
16.93808984670742 1.2586605700986272e-20
17.134322365482603 1.2911777268218957e-20
17.332828292993558 1.3243824965356633e-20
17.53363396731775 1.3582836220710738e-20
17.73676603166665 1.3928897383792314e-20
17.942251437920838 1.4282094144063875e-20
18.15011745020588 1.4642511172714168e-20
18.36039164850998 1.501023321117466e-20
18.573101932343214 1.538534325333232e-20
18.788276524439286 1.5767923650622524e-20
19.00594397450019 1.615805596699723e-20
19.226133162984222 1.6555820592832947e-20
19.44887330493792 1.696129735394917e-20
19.674193953872205 1.737456448643305e-20
19.90212500568383 1.7795699673739262e-20
20.13269670262184 1.8224779436610143e-20
20.365939637300226 1.866187896237457e-20
20.601884756756988 1.9107072550343858e-20
20.840563366560264 1.9560433292299497e-20
21.082007134961863 2.0022033503768428e-20
21.32624809709928 2.0491943630215543e-20
21.573318659246034 2.097023411299628e-20
21.823251603111387 2.1456972908888526e-20
22.076080090189908 2.1952228169243242e-20
22.33183766616136 2.24560658179473e-20
22.59055826534167 2.2968550773381727e-20
22.85227621518518 2.348974879653195e-20
23.11702624083956 2.4019721755347693e-20
23.38484346975299 2.455853152788811e-20
23.655763436334993 2.5106239581598152e-20
23.929822086671187 2.566290586306539e-20
24.207055783292667 2.622858843656966e-20
24.487501310000688 2.6803346548221576e-20
24.771195876747015 2.73872361336868e-20
25.05817712457127 2.7980313611796856e-20
25.348483130595028 2.858263418164256e-20
25.642152413073994 2.919425232614468e-20
25.939223936508657 2.9815222230886817e-20
26.239737116814222 3.0445595634334163e-20
26.54373182655016 3.1085425986404546e-20
26.851248400210878 3.173476383397386e-20
27.162327639577157 3.239366007109773e-20
27.47701081912984 3.3062165243293695e-20
27.79533969152621 3.3740329760171306e-20
28.117356493139773 3.442820274653091e-20
28.443103949664337 3.5125832971616244e-20
28.772625281782663 3.5833269999206775e-20
29.105964210901416 3.655056226701577e-20
29.44316496495195 3.72777579958673e-20
29.784272284258606 3.801490489120618e-20
30.129331427474924 3.876205319569494e-20
30.478388177588627 3.95192492754711e-20
30.83148884799625 4.028654252626807e-20
31.188680288647824 4.106398175718654e-20
31.550009892263365 4.185161554760167e-20
31.91552560062084 4.2649492605334813e-20
32.28527591091689 4.34576627016437e-20
32.65930988220224 4.427617591374622e-20
33.03767714188992 4.5105082756705714e-20
33.420427892341024 4.594443409440323e-20
33.80761291752449 4.679428224129025e-20
34.19928358975634 4.765467803206988e-20
34.595491876514856 4.852567776152917e-20
34.99629034733613 4.940733335880958e-20
35.401732180789466 5.0299699211273244e-20
35.81187117153227 5.1202834867231314e-20
36.22676173744867 5.2116793738784707e-20
36.646458926868675 5.304163582111674e-20
37.07101842587321 5.397741985905118e-20
37.500496565681615 5.492420774993916e-20
37.934950330126185 5.588206144308723e-20
38.37443736321335 5.685104325316825e-20
38.819015976770906 5.783121955770426e-20
39.26874515818612 5.882265435008421e-20
39.72368457823106 5.982541905141758e-20
40.183894598981055 6.083958218212038e-20
40.6494362818225 6.186521256250742e-20
41.12037139555508 6.290238737588179e-20
41.59676242458783 6.395117814768081e-20
42.0786725772285 6.501166305153178e-20
42.5661657940715 6.608392023305329e-20
43.05930675648025 6.716802988426902e-20
43.55816089517059 6.826407553895375e-20
44.062794398891015 6.937214020324307e-20
44.57327422320524 7.049231259253849e-20
45.08966809937648 7.162467930686928e-20
45.612044543352894 7.27693325218779e-20
46.14047286485984 7.392636457109881e-20
46.67502317659453 7.509587146922024e-20
47.21576640353019 7.627794969235539e-20
47.76277429232516 7.74726995894406e-20
48.316119420842924 7.868022472960989e-20
48.87587520778245 7.990062730489927e-20
49.442115922418125 8.113401616337111e-20
50.014916694455486 8.238050016036681e-20
50.594353523998194 8.364019053577697e-20
51.18050329163236 8.491320297551874e-20
51.77344376862792 8.619965360463056e-20
52.37325362725588 8.749966154169907e-20
52.980012451228426 8.881334971514074e-20
53.59380074625651 9.014084146820049e-20
54.214699950733184 9.14822670489891e-20
54.84279244653742 9.28377525847228e-20
55.47816156996539 9.420743377977668e-20
56.12089162278825 9.559144404877297e-20
56.77106788343593 9.698992233828145e-20
57.42877661831378 9.840300887754735e-20
58.094105093246725 9.983084738360547e-20
58.76714158505963 1.0127358405230467e-19
59.447975393288466 1.0273136799447972e-19
60.13669685202932 1.0420435052384286e-19
60.83339734192483 1.0569268803506548e-19
61.53816930228704 1.0719653779603109e-19
62.2511062433643 1.0871605851607178e-19
62.97230275874641 1.1025141507953663e-19
63.70185453791745 1.1180277283967007e-19
64.4398583789502 1.133703009858234e-19
65.18641220135027 1.1495417193666464e-19
65.94161505904894 1.1655456071308592e-19
66.70556715354404 1.1817164480852941e-19
67.47836984719687 1.1980560605781706e-19
68.26012567667904 1.2145662751632218e-19
69.05093836657933 1.231248965492683e-19
69.85091284316412 1.2481060295788364e-19
70.66015524830001 1.2651393997736097e-19
71.47877295353771 1.282351030105749e-19
72.30687457435631 1.2997429263699553e-19
73.14456998457683 1.3173170917622944e-19
73.99197033093812 1.3350755942816624e-19
74.84918804784634 1.353020510931229e-19
75.7163368722909 1.3711539587662917e-19
76.59353185893606 1.3894780899229934e-19
77.48088939538758 1.4079950794689897e-19
78.37852721763298 1.4267071346883866e-19
79.28656442566547 1.4456164966333663e-19
80.20512149928416 1.4647254702263598e-19
81.1343203140803 1.4840363284164326e-19
82.07428415760909 1.503551424789536e-19
83.02513774574527 1.5232731294777157e-19
83.98700723923326 1.543203852837411e-19
84.96002026042378 1.5633460383642457e-19
85.94430591020956 1.5837021488768073e-19
86.93999478515235 1.6042746830582543e-19
87.94721899481168 1.6250661779666932e-19
88.96611217927439 1.6460793015416733e-19
89.9968095268838 1.6673165652071543e-19
91.0394477921795 1.688780610627742e-19
92.09416531403929 1.710474160180304e-19
93.16110203403714 1.732399912371355e-19
94.24039951500828 1.7545605979214693e-19
95.33220095983299 1.776959036478335e-19
96.4366512304383 1.7995980277214033e-19
97.55389686701567 1.8224804275094756e-19
98.68408610746731 1.8456091430954146e-19
99.82736890707154 1.8689870879435865e-19
100.9838969583822 1.8926172446150954e-19
102.15382371135264 1.916502612459973e-19
103.33730439369698 1.9406462297352934e-19
104.53449603148712 1.9650511802446348e-19
105.74555746998438 1.9897205832236685e-19
106.97064939471862 2.014657597600906e-19
108.20993435280491 2.0398654144683434e-19
109.46357677451395 2.065347270804551e-19
110.73174299508591 2.0911064326998028e-19
112.01460127680129 2.1171462446016148e-19
113.31232183130767 2.1434700212685238e-19
114.62507684220046 2.170081197090536e-19
115.95304048787212 2.196983180834208e-19
117.29638896461871 2.224179457094744e-19
118.65530051002175 2.251673550614008e-19
120.02995542659357 2.279469015708889e-19
121.4205361057017 2.307569475905894e-19
122.82722705177025 2.3359785479089776e-19
124.2502149067568 2.364699962119895e-19
125.68968847492035 2.393737418512729e-19
127.14583874786811 2.423094653707772e-19
128.6188589299007 2.4527756660995162e-19
130.10894446364316 2.4827841427903497e-19
131.61629305597805 2.513124064263074e-19
133.14110470427923 2.543799390625613e-19
134.68358172294404 2.5748141088730343e-19
136.24392877024104 2.606172258571098e-19
137.82235287546047 2.6378780824307595e-19
139.41906346638496 2.669935559414153e-19
141.03427239707844 2.7023489503499497e-19
142.66819397599122 2.735122499018181e-19
144.32104499439941 2.7682605047640865e-19
145.99304475516448 2.801767304661437e-19
147.6844151018354 2.835647315413048e-19
149.39538044807904 2.869904973866787e-19
151.12616780745748 2.904544774579424e-19
152.87700682355046 2.9395712706122375e-19
154.64812980042035 2.974989062900066e-19
156.43977173343987 3.0108028294470123e-19
158.25217034046634 3.04701725219719e-19
160.0855660933877 3.083637140217719e-19
161.94020225002424 3.120667272898234e-19
163.81632488640616 3.15811254052894e-19
165.71418292942556 3.195977875180677e-19
167.63402818985955 3.234268268213208e-19
169.5761153957865 3.2729887663510523e-19
171.54070222637816 3.3121444750907183e-19
173.52804934609455 3.3517405590794774e-19
175.53842043926437 3.391782242534832e-19
177.57208224507323 3.4322748033848293e-19
179.62930459295703 3.4732235913329393e-19
181.71036043839854 3.5146340240793276e-19
183.81552589914915 3.556511550156842e-19
185.9450802918589 3.5988617065089067e-19
188.09930616914247 3.641690083973815e-19
190.27848935706353 3.685002354106165e-19
192.4829189930608 3.7288042294444204e-19
194.7128875643136 3.773101502432286e-19
196.96869094654414 3.8179000280325115e-19
199.25062844328087 3.863205725131802e-19
201.55900282556436 3.9090245943507792e-19
203.89412037212583 3.955362689769682e-19
206.25629091001898 4.0022261444499643e-19
208.64582785573072 4.049621153631798e-19
211.06304825676838 4.097553988367505e-19
213.50827283372013 4.1460309896664826e-19
215.98182602281548 4.1950585778132857e-19
218.484036018966 4.244643237520555e-19
221.01523481931338 4.294791534825945e-19
223.57575826728174 4.345510109153154e-19
226.165946097132 4.396805667075078e-19
228.78614197904528 4.448685019543684e-19
231.43669356471437 4.501155019497429e-19
234.1179525334782 4.554222616612937e-19
236.8302746389765 4.607894832023465e-19
239.57401975635463 4.662178812140636e-19
242.34955193001537 4.717081708348201e-19
245.15723942191397 4.772610804633347e-19
247.99745476042762 4.828773464383021e-19
250.8705747897752 4.885577122954624e-19
253.77698072002553 4.943029304171755e-19
256.7170581776699 5.001137625777596e-19
259.6911972567906 5.059909782687797e-19
262.6997925708223 5.119353575415484e-19
265.74324330490265 5.179476870051833e-19
268.8219532688454 5.240287632867942e-19
271.9363309507098 5.301793941257062e-19
275.08678957100824 5.364003929914609e-19
278.2737471375251 5.426925851668699e-19
281.4976265007822 5.490568048501001e-19
284.75885541014657 5.554938954842648e-19
288.05786657057695 5.620047105918075e-19
291.395097700045 5.685901131502229e-19
294.77099158760313 5.752509760906769e-19
298.1859961521437 5.819881838980583e-19
301.6405645018213 5.888026281763482e-19
305.13515499417576 5.956952132409755e-19
308.670231296951 6.026668526102105e-19
312.2462624496067 6.097184711040461e-19
315.8637229255614 6.168510037676544e-19
319.52309269513586 6.240653961002681e-19
323.22485728924687 6.313626053551036e-19
326.9695078638191 6.387435989297299e-19
330.7575412649561 6.462093554918036e-19
334.5894600948669 6.53760865617009e-19
338.46577277854266 6.6139913036460125e-19
342.386993631226 6.691251628329446e-19
346.3536429266403 6.769399839980421e-19
350.3662469660313 6.84844642172815e-19
354.42533814798816 6.928401734542436e-19
358.53145503908684 7.009276430314344e-19
362.6851424453524 7.091081228828286e-19
366.8869514845345 7.173826984737958e-19
371.13743965924243 7.257524670873398e-19
375.437170930905 7.342185393216946e-19
379.7867157946021 7.427820354604079e-19
384.1866513547638 7.514440984719829e-19
388.63756140173047 7.6020586610495555e-19
393.1400364892235 7.690685156021045e-19
397.6946740126884 7.780332101826946e-19
402.30207828857067 7.871011431470325e-19
406.9628606344865 7.962735134059301e-19
411.6776394503379 8.055515491672138e-19
416.44704030036814 8.149364696968416e-19
421.2716959961508 8.244295243389032e-19
426.15224668056584 8.340319703771217e-19
431.08933991272096 8.437450860647635e-19
436.0836307538846 8.535701558003748e-19
441.1357818543885 8.635084844033772e-19
446.2464635415539 8.735613901994723e-19
451.41635390863763 8.83730206940974e-19
456.6461389047896 8.940162836116778e-19
461.9365124260803 9.044209847498626e-19
467.2881764075532 9.14945691034992e-19
472.7018409163736 9.255917982549308e-19
478.17822424602826 9.363607191055191e-19
483.7180530116352 9.47253882102717e-19
489.3220622463582 9.582727324762076e-19
494.9909954989184 9.694187321048927e-19
500.7256049322652 9.80693359709513e-19
506.52665142335854 9.920981111148897e-19
512.3949046641396 1.0036344993045793e-18
518.33114326364 1.0153040547538912e-18
524.3361548512953 1.027108325918967e-18
530.4107361814553 1.039048878614185e-18
536.5556932390836 1.0511272976899047e-18
542.7718413467142 1.0633451847951172e-18
549.0600052726124 1.075704160663818e-18
555.4210193402242 1.0882058665833267e-18
561.8557275388595 1.1008519597215042e-18
568.3649836356811 1.1136441182822564e-18
574.9496512889906 1.1265840390664714e-18
581.6106041628036 1.1396734402113185e-18
588.3487260427881 1.1529140571687707e-18
595.1649109535092 1.1663076450431397e-18
602.0600632770573 1.1798559863155747e-18
609.0350978730504 1.193560872999244e-18
616.0909402000013 1.2074241256544165e-18
623.2285264381295 1.221447583043803e-18
630.4488036135543 1.2356331062264472e-18
637.7527297239686 1.2499825768793083e-18
645.1412738657291 1.264497899154215e-18
652.6154163624456 1.2791809986577581e-18
660.1761488950596 1.2940338233150047e-18
667.8244746334034 1.3090583450105442e-18
675.5614083693241 1.3242565557649998e-18
683.3879766513058 1.339630472485542e-18
691.3052179206957 1.3551821350083628e-18
699.3141826494663 1.3709136066305026e-18
707.4159334796027 1.3868269747107215e-18
715.6115453641038 1.4029243503797096e-18
723.9021057095887 1.4192078697989175e-18
732.2887145205987 1.4356796929877708e-18
740.7724845455241 1.452342005863809e-18
749.3545414242694 1.4691970187901856e-18
758.0360238375839 1.4862469682999346e-18
766.8180836581522 1.503494116475835e-18
775.7018861034364 1.5209407513323777e-18
784.688609890257 1.5385891886949616e-18
793.7794473912116 1.5564417691526602e-18
802.9756047928563 1.5745008616993392e-18
812.2783022557691 1.592768862408893e-18
821.6887740764207 1.6112481951297876e-18
831.2082688509523 1.6299413115975538e-18
840.8380496408514 1.6488506920827652e-18
850.5793941405135 1.6679788453994036e-18
860.4335948467954 1.6873283097702006e-18
870.4019592304783 1.7069016522226761e-18
880.4858099097731 1.7267014697029712e-18
890.686484825783 1.746730389296262e-18
901.0053374200336 1.7669910685725343e-18
911.4437368140606 1.787486195718871e-18
922.0030679910423 1.808218489912601e-18
932.6847319795899 1.829190701975493e-18
943.4901460396087 1.850405614517936e-18
954.420743850373 1.871866042376077e-18
965.4779757007212 1.8935748328982745e-18
976.6633086814948 1.9155348664251148e-18
987.9782268802054 1.9377490566450633e-18
999.4242315779188 1.9602203508651053e-18
1011.0028414484789 1.9829517308384348e-18
1022.7155927599792 2.0059462123431623e-18
1034.5640395786104 2.0292068463830725e-18
1046.5497539748671 2.0527367192130373e-18
1058.6743262321054 2.076538952754786e-18
1070.9393650575762 2.100616705196134e-18
1083.3464977958379 2.124973171110807e-18
1095.8973706447093 2.1496115822175814e-18
1108.5936488736593 2.1745352074886436e-18
1121.4370170447694 2.199747353863172e-18
1134.4291792362599 2.225251366514043e-18
1147.5718592685555 2.251050629319484e-18
1160.8668009330431 2.2771485653810832e-18
1174.3157682234025 2.3035486373801008e-18
1187.9205455696938 2.330254348135839e-18
1201.682938075085 2.3572692409652482e-18
1215.6047717553704 2.3845969002582078e-18
1229.687893781264 2.412240951828155e-18
1243.9341727234498 2.4402050636001022e-18
1258.345498800548 2.468492945914745e-18
1272.9237841298702 2.497108351932929e-18
1287.6709629811644 2.5260550784186974e-18
1302.5889920332195 2.555336965687408e-18
1317.679850633497 2.584957900107586e-18
1332.9455410607693 2.6149218105634028e-18
1348.3880887907485 2.6452326731818403e-18
1364.0095427648719 2.6758945091924353e-18
1379.8119756621159 2.706911387648278e-18
1395.7974841740463 2.7382874240213667e-18
1411.9681892829713 2.7700267803780604e-18
1428.3262365433736 2.8021336683816863e-18
1444.8737963666033 2.8346123480612385e-18
1461.613064308811 2.8674671287209864e-18
1478.546261362305 2.9007023695349535e-18
1495.675634250187 2.934322480269357e-18
1513.0034557245006 2.9683319215985617e-18
1530.5320248677406 3.0027352060595666e-18
1548.2636673979168 3.037536898239738e-18
1566.2007359771524 3.072741615682657e-18
1584.3456105237958 3.108354029463417e-18
1602.7006985282428 3.144378864634353e-18
1621.2684353723196 3.1808209010242945e-18
1640.0512846524346 3.2176849737985804e-18
1659.0517385064702 3.2549759742305614e-18
1678.2723179443985 3.2926988500770823e-18
1697.7155731828261 3.3308586064419915e-18
1717.3840839833056 3.369460306449966e-18
1737.2804599946785 3.408509071819418e-18
1757.407341099279 3.4480100836126972e-18
1777.7673977632173 3.4879685828751924e-18
1798.3633313907244 3.52838987135582e-18
1819.1978746825266 3.56927931221749e-18
1840.2737919984845 3.610642330726298e-18
1861.593879724312 3.652484414987454e-18
1883.1609666426662 3.6948111167024805e-18
1904.9779143084204 3.737628051682676e-18
1927.047617428364 3.780940900339966e-18
1949.3730042452992 3.8247554120681856e-18
1971.9570369265102 3.869077397422732e-18
1994.8027119568515 3.913912738090775e-18
2017.913060536262 3.9592673828833564e-18
2041.2911489820149 4.005147349555134e-18
2064.9400791355033 4.051558725499083e-18
2088.862988773822 4.098507668654906e-18
2113.0630520261193 4.146000408283377e-18
2137.543479794684 4.194043245795346e-18
2162.307520181044 4.24264255558213e-18
2187.3584589168568 4.2918047858812306e-18
2212.6996197999397 4.341536459605745e-18
2238.334365135212 4.391844175236593e-18
2264.266096180837 4.4427346076211575e-18
2290.4982535995355 4.494214509099336e-18
2317.0343179150336 4.546290710081282e-18
2343.8778099739366 4.598970120027666e-18
2371.0322914128083 4.652259728570507e-18
2398.5013651308077 4.7061666062607186e-18
2426.2886757676624 4.7606979055383e-18
2454.3979101872715 4.815860861717322e-18
2482.832797966917 4.871662793888133e-18
2511.5971118920374 4.9281111059424496e-18
2540.6946684568907 4.9852132875194175e-18
2570.1293283708474 5.042976915056668e-18
2599.9049970707215 5.1014096526884375e-18
2630.0256252388754 5.1605192533620526e-18
2660.4952093274333 5.220313559861744e-18
2691.3177920885705 5.2808005057658585e-18
2722.4974631108357 5.34198811657388e-18
2754.038359361851 5.4038845107587994e-18
2785.944665737135 5.466497900815058e-18
2818.2206156153943 5.52983659443027e-18
2850.8704914202476 5.593908995434216e-18
2883.8986251883466 5.6587236050678346e-18
2917.309399144248 5.724289023035415e-18
2951.1072462817615 5.790613948658744e-18
2985.2966509522194 5.857707182026147e-18
3019.882149459387 5.925577625187563e-18
3054.8683306613784 5.994234283289174e-18
3090.2598365795534 6.063686265801831e-18
3126.0613630143393 6.133942787723353e-18
3162.2776601683795 6.205013170799089e-18
