# %ECSV 1.0
# ---
# datatype:
# - {name: mx, unit: MeV, datatype: float64}
# - {name: sigma_6, unit: cm2, datatype: float64}
# schema: astropy-2.0
mx sigma_6
3.162277660168379e-07 9.936311011417782e-33
3.2360111549336787e-07 1.0178608687683326e-32
3.311463862505236e-07 1.0429206032725032e-32
3.388675869043115e-07 1.0688430931496857e-32
3.4676881953794695e-07 1.0956625726094071e-32
3.548542818811901e-07 1.123414659533455e-32
3.6312826954049566e-07 1.1521364669460136e-32
3.715951782811629e-07 1.1818669153708381e-32
3.8025950636269697e-07 1.2126472080969506e-32
3.89125856928623e-07 1.244521402833689e-32
3.9819894045202297e-07 1.2775369547985748e-32
4.0748357723809307e-07 1.311745117754767e-32
4.169846999850535e-07 1.3472011122447834e-32
4.2670735640476865e-07 1.38396402903989e-32
4.3665671190447213e-07 1.422096570171613e-32
4.4683805233101997e-07 1.461664747473689e-32
4.572567867791303e-07 1.502737764650364e-32
4.6791845046510194e-07 1.5453882243346998e-32
4.788287076675383e-07 1.589692722482216e-32
4.899933547366384e-07 1.635732729631373e-32
5.014183231736547e-07 1.6835955286213245e-32
5.131096827821533e-07 1.733374931658122e-32
5.250736448927506e-07 1.7851715849685995e-32
5.373165656630395e-07 1.839092870873694e-32
5.4984494945446e-07 1.89525263929266e-32
5.626654522879044e-07 1.9537711498687824e-32
5.757848853798981e-07 2.0147755149279087e-32
5.892102187612295e-07 2.0784007226254852e-32
6.029485849799565e-07 2.144790933055744e-32
6.17007282890752e-07 2.21410069850167e-32
6.313937815326057e-07 2.286495445183571e-32
6.461157240969403e-07 2.3621517250757775e-32
6.611809319882495e-07 2.4412571567233783e-32
6.765974089794179e-07 2.5240109042090116e-32
6.923733454639272e-07 2.610624852651942e-32
7.085171228072106e-07 2.7013252930833995e-32
7.250373177994646e-07 2.796354341107204e-32
7.419427072122865e-07 2.895970932747272e-32
7.592422724615558e-07 3.000451269688707e-32
7.769452043790388e-07 3.1100895022053715e-32
7.950609080952509e-07 3.225199119525227e-32
8.135990080361694e-07 3.346114920839253e-32
8.325693530364543e-07 3.473194939042691e-32
8.519820215718901e-07 3.606821854544375e-32
8.718473271138315e-07 3.7474041724800276e-32
8.921758236084957e-07 3.8953778012248755e-32
9.12978311084014e-07 4.0512083101462145e-32
9.342658413882192e-07 4.2153934314224807e-32
9.560497240602198e-07 4.388465282223012e-32
9.78341532338879e-07 4.570992406755471e-32
1.0011531093113902e-06 4.76358220384529e-32
1.0244965742052174e-06 4.966883917342127e-32
1.048384328826741e-06 5.181591794635805e-32
1.0728290641500308e-06 5.408448133729152e-32
1.0978437670592484e-06 5.648246494509496e-32
1.1234417272482566e-06 5.901835394243998e-32
1.149636544281106e-06 6.170122341008807e-32
1.1764421348171486e-06 6.454077990922317e-32
1.2038727400046132e-06 6.754740513607794e-32
1.2319429330465773e-06 7.073220417813152e-32
1.2606676269433496e-06 7.410705750763165e-32
1.2900620824153782e-06 7.768467579849186e-32
1.3201419160108953e-06 8.147865853731168e-32
1.3509231084026028e-06 8.550355748526995e-32
1.38242201287781e-06 8.97749445055825e-32
1.4146553640265304e-06 9.430948392021209e-32
1.447640286632156e-06 9.91250102525765e-32
1.4813943047694329e-06 1.0424061158327494e-31
1.5159353511145682e-06 1.0967671873018567e-31
1.5512817764724183e-06 1.1545520080932458e-31
1.587452359525819e-06 1.2159946770462804e-31
1.6244663168122348e-06 1.2813457976827473e-31
1.6623433129330315e-06 1.3508736540841577e-31
1.7011034710007933e-06 1.4248654706093573e-31
1.740767383330235e-06 1.503628761642516e-31
1.7813561223783898e-06 1.5874927778043576e-31
1.8228912519398869e-06 1.676810055584808e-31
1.8653948386032614e-06 1.7719580776962917e-31
1.908889463474389e-06 1.8733410521572588e-31
1.9533982341732686e-06 1.981391818532704e-31
1.9989447971105317e-06 2.096573890539236e-31
2.045553350050195e-06 2.2193836446362667e-31
2.0932486549653353e-06 2.3503526651766625e-31
2.1420560511935146e-06 2.4900502572714237e-31
2.192001468898943e-06 2.639086139312365e-31
2.2431114428485372e-06 2.7981133281097516e-31
2.2954131265091837e-06 2.96783123038268e-31
2.3489343064737076e-06 3.1489889553914677e-31
2.403703417223201e-06 3.342388864403516e-31
2.4597495562335635e-06 3.5488903742470097e-31
2.5171024994342686e-06 3.76941403268844e-31
2.575792717027583e-06 4.004945885706012e-31
2.635851389676631e-06 4.256542156737796e-31
2.6973104250709106e-06 4.525334261084244e-31
2.760202474878063e-06 4.812534178763305e-31
2.8245609520908932e-06 5.119440211908853e-31
2.8904200487788716e-06 5.447443154037141e-31
2.9578147542535346e-06 5.798032900579865e-31
3.026780873657441e-06 6.172805532625466e-31
3.097355046986562e-06 6.573470907277593e-31
3.1695747685562034e-06 7.0018607911480816e-31
3.2434784069208122e-06 7.459937575807208e-31
3.319105225258239e-06 7.949803616845129e-31
3.3964954022292982e-06 8.473711241202527e-31
3.4756900533236943e-06 9.03407347046181e-31
3.5567312527036693e-06 9.633475511444147e-31
3.6396620555569646e-06 1.0274687069040558e-30
3.7245265209709786e-06 1.0960675540092932e-30
3.811369735340273e-06 1.1694620151356181e-30
3.900237836319859e-06 1.2479927109024664e-30
3.991178037336996e-06 1.3320245832323599e-30
4.0842386526745176e-06 1.4219486348730211e-30
4.179469123139017e-06 1.5181837934097746e-30
4.2769200423275275e-06 1.6211789086095364e-30
4.376643183506652e-06 1.731414892752868e-30
4.478691527118417e-06 1.8494070140518737e-30
4.583119288927478e-06 1.975707354228972e-30
4.689981948824612e-06 2.110907441914492e-30
4.799336280301815e-06 2.2556410744758548e-30
4.911240380614659e-06 2.4105873418170758e-30
5.0257537016479225e-06 2.5764738664252276e-30
5.142937081500915e-06 2.7540802754092808e-30
5.262852776809252e-06 2.9442419207961825e-30
5.385564495820272e-06 3.147853866202635e-30
5.511137432239651e-06 3.365875158577635e-30
5.639638299867211e-06 3.599333405750188e-30
5.771135368040315e-06 3.849329681357119e-30
5.905698497903673e-06 4.117043780805107e-30
6.043399179524854e-06 4.4037398532426195e-30
6.184310569875183e-06 4.710772436433134e-30
6.32850753169624e-06 5.039592923420656e-30
6.47606667327258e-06 5.391756491927786e-30
6.627066389131828e-06 5.768929529225349e-30
6.781586901693754e-06 6.172897588478572e-30
6.939710303890459e-06 6.605573914012653e-30
7.101520602780329e-06 7.06900857658077e-30
7.267103764178904e-06 7.565398262039642e-30
7.436547758330399e-06 8.097096760195259e-30
7.609942606644117e-06 8.66662620394231e-30
7.787380429520604e-06 9.276689112208673e-30
7.968955495292936e-06 9.930181294409973e-30
8.15476427030917e-06 1.0630205677549529e-29
8.344905470182516e-06 1.1380087122396058e-29
8.539480112236516e-06 1.2183388299226589e-29
8.738591569173047e-06 1.3043926698665957e-29
8.942345623991688e-06 1.3965792859138806e-29
9.150850526189614e-06 1.4953369897344956e-29
9.364217049271877e-06 1.6011354435611908e-29
9.58255854960264e-06 1.7144779024866956e-29
9.805991026628606e-06 1.835903617106128e-29
1.0034633184506672e-05 1.9659904078959077e-29
1.0268606495168497e-05 2.105357423627553e-29
1.0508035262855554e-05 2.254668096928033e-29
1.07530466901589e-05 2.4146333110679744e-29
1.1003770945598772e-05 2.586014793103184e-29
1.1260341232779899e-05 2.769628749457825e-29
1.1522893861159297e-05 2.966349761302932e-29
1.1791568318464117e-05 3.177114958208033e-29
1.206650734479802e-05 3.4029284900313425e-29
1.2347857008475478e-05 3.644866318189779e-29
1.263576678362426e-05 3.904081349176641e-29
1.293038962959737e-05 4.1818089347730504e-29
1.3231882072236462e-05 4.479372764819916e-29
1.3540404287030327e-05 4.7981911811210854e-29
1.3856120184212054e-05 5.13978394170255e-29
1.4179197495840522e-05 5.505779468224157e-29
1.4509807864912299e-05 5.897922610545984e-29
1.484812693655133e-05 6.318082965429579e-29
1.5194334451324849e-05 6.768263788889318e-29
1.5548614340735104e-05 7.250611544208888e-29
1.5911154824937624e-05 7.767426131150947e-29
1.6282148512737936e-05 8.321171844749585e-29
1.6661792503919872e-05 8.914489115294813e-29
1.7050288493959805e-05 9.550207085670666e-29
1.7447842881182494e-05 1.0231357084639675e-28
1.785466687641539e-05 1.0961187060991162e-28
1.8270976615199758e-05 1.174317704543348e-28
1.869699327261814e-05 1.2581055714296223e-28
1.91329431807992e-05 1.3478818132459666e-28
1.957905794916243e-05 1.4440744760117778e-28
2.003557458746648e-05 1.5471421811733576e-28
2.0502735631726606e-05 1.657576306415165e-28
2.0980789273068064e-05 1.7759033216122283e-28
2.1469989489583918e-05 1.9026872908912104e-28
2.1970596181267336e-05 2.0385325525821977e-28
2.2482875308090033e-05 2.184086589647424e-28
2.3007099031300245e-05 2.340043104077385e-28
2.354354585801526e-05 2.507145309550236e-28
2.4092500789185385e-05 2.6861894579618077e-28
2.4654255471007912e-05 2.8780286161492643e-28
2.5229108349871537e-05 3.0835767105523956e-28
2.5817364830913554e-05 3.303812858676188e-28
2.641933744027406e-05 3.5397860075654364e-28
2.7035345991133382e-05 3.7926199008357348e-28
2.7665717753620915e-05 4.063518397409962e-28
2.8310787628685666e-05 4.3537711666829e-28
2.8970898326020842e-05 4.664759786523071e-28
2.964640054613707e-05 4.9979642722651e-28
3.033765316668089e-05 5.354970067031628e-28
3.104502343309761e-05 5.73747552569336e-28
3.176888715373972e-05 6.1472999265237675e-28
3.25096288995246e-05 6.586392048328635e-28
3.326764220824756e-05 7.056839351232604e-28
3.4043329793658724e-05 7.560877804434611e-28
3.483710375941493e-05 8.10090240500017e-28
3.5649385818020195e-05 8.679478436056188e-28
3.648060751487119e-05 9.299353515777506e-28
3.73312104575266e-05 9.963470491825117e-28
3.820164655032238e-05 1.0674981239522606e-27
3.90923782344573e-05 1.1437261426442745e-27
4.0003878733676586e-05 1.2253926309852914e-27
4.093663230568398e-05 1.312884763813389e-27
4.1891134499415887e-05 1.4066171731962325e-27
4.2867892418314344e-05 1.507033882594143e-27
4.386742498973848e-05 1.6146103757161106e-27
4.489026324065786e-05 1.729855809232888e-27
4.5936950579773975e-05 1.853315379134725e-27
4.700804308621986e-05 1.98557285120958e-27
4.8104109804991236e-05 2.127253266709163e-27
4.922573304926602e-05 2.2790258350606488e-27
5.0373508709772956e-05 2.4416070261763673e-27
5.154804657137365e-05 2.6157638758786905e-27
5.27499706370262e-05 2.8023175186272414e-27
5.397991945930254e-05 3.0021469625907635e-27
5.5238546479635675e-05 3.2161931235554073e-27
5.6526520375476976e-05 3.445463134345874e-27
5.784452541554797e-05 3.691034948335877e-27
5.9193261823375433e-05 3.9540622561809075e-27
6.057344614930286e-05 4.2357797362967306e-27
6.198581165117595e-05 4.537508660953536e-27
6.34311086839044e-05 4.860662880938502e-27
6.491010509810695e-05 5.206755213305858e-27
6.642358664805138e-05 5.577404258025651e-27
6.797235740910648e-05 5.9743416710863506e-27
6.955724020492732e-05 6.39941992291597e-27
7.117907704460117e-05 6.854620572797181e-27
7.283872956998614e-05 7.342063091727488e-27
7.453707951348025e-05 7.86401426785888e-27
7.627502916646401e-05 8.4228982304844e-27
7.805350185866558e-05 9.021307130940292e-27
7.987344244870308e-05 9.662012519906915e-27
8.173581782606456e-05 1.0347977463579573e-26
8.364161742479263e-05 1.108236944313536e-26
8.559185374914618e-05 1.1868574083438835e-26
8.758756291151902e-05 1.2710209760311385e-26
8.96298051829007e-05 1.3611143137027767e-26
9.17196655561724e-05 1.4575505683666813e-26
9.385825432253677e-05 1.5607711235355308e-26
9.604670766138824e-05 1.6712474647239718e-26
9.828618824393714e-05 1.7894831607217303e-26
0.00010057788585090809 1.916015966941308e-26
0.00010292301800464121 2.051420057446612e-26
0.00010532283061593165 2.1963083923505402e-26
0.00010777859864595113 2.3513352277471735e-26
0.00011029162678360347 2.517198775265354e-26
0.00011286325013867351 2.6946440188836755e-26
0.00011549483495113791 2.884465696496309e-26
0.00011818777931701482 3.0875114541815e-26
0.0001209435139311377 3.304685181055008e-26
0.00012376350284724815 3.536950532959596e-26
0.00012664924425581149 3.7853346530096283e-26
0.00012960227127996844 4.0509320974484983e-26
0.00013262415279004548 4.334908974902269e-26
0.00013571649423705693 4.6385073073921226e-26
0.0001388809385056415 4.963049621145133e-26
0.00014211916678688624 5.309943775139254e-26
0.00014543289947150178 5.680688035129819e-26
0.0001488238970638237 6.076876400388299e-26
0.00015229396111712465 6.500204190146355e-26
0.00015584493519073535 6.952473896014654e-26
0.00015947870582948208 7.43560130595383e-26
0.00016319720356596128 7.951621904621137e-26
0.00016700240394618395 8.502697554000058e-26
0.00017089632857913436 9.091123456618187e-26
0.000174881046210801 9.719335402754401e-26
0.00017895867382325032 1.038991730140645e-25
0.0001831313777593269 1.1105608992263799e-25
0.00018740137487357792 1.1869314334958057e-25
0.00019177093371001327 1.2684109568306111e-25
0.000196242375707327 1.3553251930346936e-25
0.00020081807643222024 1.4480188526579122e-25
0.00020550046684148122 1.5468565430164878e-25
0.0002102920345734925 1.6522236994478271e-25
0.0002151953252698519 1.7645275353663026e-25
0.00022021294392780895 1.8841980082169434e-25
0.00022534755628423554 2.0116887979280046e-25
0.0002306018902318662 2.147478293816553e-25
0.00023597873726856003 2.2920705853323965e-25
0.0002414809539803547 2.4459964512864456e-25
0.0002471114635590999 2.609814341454511e-25
0.00025287325735547713 2.784111343605251e-25
0.00025876939646823026 2.9695041281601237e-25
0.00026480301337045197 3.166639861662799e-25
0.000270977313573789 3.3761970792283244e-25
0.00027729557733145163 3.5988865050626182e-25
0.00028376116138093086 3.8354518089418093e-25
0.0002903775007273506 4.086670285271669e-25
0.00029714811046840066 4.353353440139889e-25
0.00030407658766182135 4.636347470302126e-25
0.00031116661323643183 4.93653361670309e-25
0.0003184219539477161 5.25482837366559e-25
0.00032584646437900766 5.592183533374068e-25
0.00033344408898933415 5.949586043844178e-25
0.0003412188642090111 6.328057656996834e-25
0.0003491749205840977 6.728654342103585e-25
0.0003573164849708539 7.152465438342592e-25
0.0003656478827813646 7.600612518994754e-25
0.0003741735402815245 8.074247938535544e-25
0.0003828979869426037 8.574553032819073e-25
0.000391825857847644 9.102735941797586e-25
0.000400961896153964 9.66002902349775e-25
0.0004103109556130814 1.0247685827802322e-24
0.0004198780031493915 1.0866977598548043e-24
0.00042966812149897106 1.1519189273077955e-24
0.000439686511909911 1.2205614949207276e-24
0.0004499384969056106 1.2927552791285703e-24
0.00046042952311250296 1.3686299349085189e-24
0.0004711651641537129 1.4483143266186788e-24
0.00048215112361018567 1.5319358358185351e-24
0.0004933932380508582 1.6196196045507641e-24
0.0005048974801334842 1.711487713102118e-24
0.0005166699617777604 1.8076582919034587e-24
0.0005287169374124361 1.9082445679471712e-24
0.0005410448072981404 2.013353846953006e-24
0.0005536601209276797 2.1230864334412808e-24
0.0005665695805056229 2.2375344919170945e-24
0.0005797800445090163 2.35678085350731e-24
0.0005932985313311235 2.4808977736227226e-24
0.000607132223010125 2.6099456475285676e-24
0.0006212884690447563 2.743971692086846e-24
0.0006357747902989163 2.8830086033648523e-24
0.0006505988829973161 3.027073201261121e-24
0.0006657686228142928 3.1761650737663267e-24
0.0006812920690579615 3.330265234915312e-24
0.0006971774689519261 3.489334811862733e-24
0.0007134332620168255 3.653313777800611e-24
0.0007300680845540431 3.822119748588346e-24
0.0007470907742339592 3.995646861931912e-24
0.0007645103747911887 4.173764758709154e-24
0.0007823361408292924 4.3563176865227465e-24
0.00080057754273752 4.543123745749865e-24
0.0008192442717221943 4.733974298200955e-24
0.0008383462449554094 4.928633557958076e-24
0.0008578936108437789 5.126838383022645e-24
0.0008778967544200344 5.328298285025527e-24
0.000898366302860337 5.53269567243608e-24
0.0009193131311302326 5.7396863404505145e-24
0.0009407483677622533 5.948900218045513e-24
0.000962683400768232 6.159942379586896e-24
0.000985129883689471 6.3723943249084856e-24
0.0010080997417879817 6.585815527984188e-24
0.0010316051783820807 6.799745250266564e-24
0.0010556586813297128 7.013704610531094e-24
0.0010802730296629402 7.227198898738929e-24
0.001105461300377127 7.439720117103258e-24
0.0011312368753784248 7.650749727318223e-24
0.0011576134485932472 7.859761578892981e-24
0.0011846050332435167 8.06622498982036e-24
0.0012122259692915415 8.269607947519793e-24
0.0012404909310584848 8.46938039519396e-24
0.0012694149350204683 8.665017566543419e-24
0.0012990133477864558 8.856003330229275e-24
0.0013293018942621524 9.041833504643284e-24
0.001360296666004259 9.22201910343991e-24
0.001392014129769518 9.396089472957586e-24
0.0014244711362630968 9.5635952840538e-24
0.0014576849290909482 9.724111343012956e-24
0.0014916731539209149 9.87723918897877e-24
0.0015264538678574353 1.0022609448762928e-23
0.0015620455490348386 1.0159883923798292e-23
0.0015984671064343198 1.0288757388338744e-23
0.0016357378899298156 1.0408959082662658e-23
0.0016738777005681136 1.0520253889883371e-23
0.0017129068010886602 1.0622443189903321e-23
0.0017528459266886532 1.0715365388968411e-23
0.00179371629603914 1.0798896128020418e-23
0.0018355396225579732 1.087294817760465e-23
0.0018783381259456144 1.0937471031262019e-23
0.0019221345439899109 1.0992450213196322e-23
0.001966952144646121 1.1037906319132695e-23
0.0020128147383986056 1.1073893812535411e-23
0.002059746690910748 1.1100499600010916e-23
0.0021077729359698315 1.1117841412074801e-23
0.0021569189887337423 1.1126066016163801e-23
0.002207210959286545 1.1125347289646132e-23
0.0022586755665101248 1.1115884180639379e-23
0.0023113401522792685 1.1097898584080068e-23
0.0023652326959877285 1.1071633159735411e-23
0.0024203818294129824 1.1037349117678947e-23
0.0024768168519275916 1.0995323995286508e-23
0.002534567746065232 1.0945849448092489e-23
0.0025936651934496745 1.0889229074836735e-23
0.0026541405910951734 1.0825776295110847e-23
0.0027160260680869266 1.0755812295637933e-23
0.0027793545026504624 1.0679664059159416e-23
0.002844159539619031 1.0597662487708709e-23
0.0029104756083082714 1.0510140629564796e-23
0.0029783379408076585 1.041743201778075e-23
0.0030477825906984404 1.0319869125337923e-23
0.0031188464522080173 1.0217781940817001e-23
0.0031915672798109355 1.0111496666427721e-23
0.0032659837082868936 1.0001334538790608e-23
0.003342135273246469 9.887610771481564e-24
0.0034200624321353945 9.770633617103207e-24
0.0034998065857286074 9.650703545672121e-24
0.0035814101001254554 9.528112535137453e-24
0.003664916329257761 9.40314346922423e-24
0.0037503696379226933 9.27606963707667e-24
0.0038378154253526898 9.147154328954145e-24
0.003927300149334948 9.016650521663739e-24
0.004018871350893299 8.884800647416498e-24
0.00411257767954558 8.75183643959781e-24
0.004208468919149921 8.617978848965294e-24
0.004306596014353682 8.48343802385132e-24
0.004407011097659079 8.348413348083897e-24
0.004509767517119906 8.21309353053881e-24
0.004614919864684026 8.077656740453364e-24
0.004722524005196735 7.942270782926704e-24
0.004832637106080367 7.807093309308009e-24
0.004945317667705937 7.672272057504011e-24
0.005060625554472947 7.537945117554607e-24
0.005178622026613854 7.404241218171458e-24
0.005299369772740128 7.27128003025844e-24
0.005422932943147155 7.139172483773618e-24
0.0055493771838957115 7.008021094608878e-24
0.00567876967168809 6.87792029847903e-24
0.005811179149557424 6.748956789142713e-24
0.0059466759633891655 6.621209858495718e-24
0.006085332099294114 6.4947517364470256e-24
0.006227221221852859 6.369647928657051e-24
0.006372418713251954 6.2459575505149625e-24
0.006521001713332612 6.1237336559262665e-24
0.006673049160573193 6.00302355970003e-24
0.006828641834027273 5.883869152509456e-24
0.006987862396239558 5.7663072075756084e-24
0.00715079543716245 5.65036967838025e-24
0.007317527519096606 5.536083986852695e-24
0.007488147222679345 5.423473301611838e-24
0.007662745193945353 5.312556805947776e-24
0.007841414192484688 5.2033499553410134e-24
0.008024249140723652 5.095864724395243e-24
0.008211347174354735 4.990109843149039e-24
0.008402807693942412 4.8860910227936564e-24
0.008598732417732204 4.783811170884586e-24
0.008799225435691074 4.6832705961881e-24
0.009004393264807849 4.584467203411007e-24
0.009214344905683071 4.487396677745545e-24
0.009429191900438323 4.392052660063895e-24
0.009649048391975805 4.2984269123441746e-24
0.009874031184619632 4.206509474173391e-24
0.010104259806171096 4.116288810187003e-24
0.01033985657141083 4.027751949308111e-24
0.010580946647081629 3.940884615482261e-24
0.010827658118386449 3.855671350722955e-24
0.011080122057036918 3.772095630565082e-24
0.011338472590888495 3.6901399723990316e-24
0.01160284697519928 3.60978603677451e-24
0.01187338566555036 3.53101472232388e-24
0.012150232392466372 3.453806254383651e-24
0.012433534237775993 3.378140267637101e-24
0.01272344171275288 3.3039958832288395e-24
0.013020108838078586 3.2313517805523916e-24
0.013323693225669961 3.1601862639500828e-24
0.013634356162414448 3.0904773246595044e-24
0.013952262695857842 3.0222026983289987e-24
0.014277581721889965 2.9553399181501042e-24
0.014610486074474885 2.889866364194124e-24
0.014951152617473332 2.8257593087963514e-24
0.015299762338606094 2.7629959585101157e-24
0.015656500445608335 2.7015534926940615e-24
0.016021556464625875 2.64140909897643e-24
0.016395124340905766 2.5825400058658497e-24
0.016777402541834602 2.5249235124725434e-24
0.017168594162379338 2.4685370158066347e-24
0.01756890703298664 2.413358035574456e-24
0.017978553829998065 2.3593642367815e-24
0.01839775218863974 2.306533450226407e-24
0.01882672481864659 2.2548436910130136e-24
0.01926569962258253 2.2042731752683576e-24
0.019714909816919448 2.1548003351294076e-24
0.020174594055939365 2.1064038321898315e-24
0.02064499655852557 2.0590625694158104e-24
0.021126367237910063 2.012755701745588e-24
0.021618961834446313 1.967462645385835e-24
0.02212304205147776 1.9231630859493066e-24
0.022638875694374342 1.879836985478262e-24
0.0231667368128109 1.8374645884869628e-24
0.02370690584636297 1.7960264270329385e-24
0.024259669773497434 1.7555033249586627e-24
0.024825322264037063 1.715876401310253e-24
0.025404163835180054 1.677127073035692e-24
0.025996502011157406 1.6392370569962603e-24
0.026602651486612925 1.6021883713636982e-24
0.027222934293792744 1.5659633364417138e-24
0.027857679973633073 1.5305445749661094e-24
0.02850722575083718 1.4959150119219558e-24
0.02917191671303455 1.4620578739249745e-24
0.029852105994117403 1.4289566881869806e-24
0.030548154961852016 1.396595281168605e-24
0.031260433409864494 1.3649577768305042e-24
0.031989319754103004 1.3340285946364572e-24
0.0327352012338808 1.303792447269507e-24
0.03349847411760691 1.2742343380921338e-24
0.034279543913313774 1.2453395584138788e-24
0.03507882558409363 1.217093684545256e-24
0.03589674376855814 1.189482574677462e-24
0.03673373300643846 1.1624923656097344e-24
0.037590237969445384 1.1361094693485897e-24
0.038466713697512506 1.1103205695773786e-24
0.03936362584054766 1.085112618027768e-24
0.04028145090582124 1.0604728307542354e-24
0.04122067651112274 1.036388684342931e-24
0.04218180164382002 1.0128479120711789e-24
0.043165336925959 9.898384999734139e-25
0.044171804885544536 9.673486828958052e-25
0.04520174023414663 9.453669405255863e-25
0.046255690150979495 9.23881993376839e-25
0.047334214573604344 9.028827987719956e-25
0.048437886495410414 8.8235854681835e-25
0.04956729227003216 8.622986563719072e-25
0.05072303192286451 8.426927710249916e-25
0.051905719469841495 8.23530755090437e-25
0.05311598324364777 8.048026896100017e-25
0.05435446622753626 7.864988683747099e-25
0.05562182639692926 7.686097939852242e-25
0.056918737068984544 7.511261739262371e-25
0.058245887260312136 7.340389166864624e-25
0.05960398205303182 7.173391279001521e-25
0.06099374296936585 7.01018106543153e-25
0.06241590835496589 6.850673411544351e-25
0.06387123377117784 6.694785061118167e-25
0.06536049239645289 6.542434579484769e-25
0.06688447543711816 6.39354231707194e-25
0.06844399254772507 6.248030373695376e-25
0.0700398722611988 6.105822562951977e-25
0.0716729624290174 5.9668443774828105e-25
0.07334413067165428 5.831022954512609e-25
0.07505426483952363 5.698287042023311e-25
0.07680427348467332 5.568566965398681e-25
0.07859508634347626 5.4417945946369595e-25
0.08042765483057629 5.3179033120742965e-25
0.08230295254435131 5.19682798065168e-25
0.08422197578416211 5.078504912732431e-25
0.08618574407966152 4.96287183942463e-25
0.08819530073244539 4.84986788046609e-25
0.09025171337033296 4.739433514655058e-25
0.09235607451457113 4.631510550794303e-25
0.09450950216026408 4.526042099162797e-25
0.09671314037033632 4.422972543537942e-25
0.09896815988334524 4.322247513721408e-25
0.10127575873546546 4.223813858608628e-25
0.10363716289697593 4.1276196197412046e-25
0.10605362692358762 4.033614005397e-25
0.10852643462295801 3.941747365175207e-25
0.11105689973674641 3.851971165081287e-25
0.11364636663857243 3.764237963099329e-25
0.11629621104824843 3.678501385271832e-25
0.1190078407626656 3.5947161022386567e-25
0.12178269640372161 3.5128378062491404e-25
0.12462225218368743 3.4328231886628847e-25
0.1275280166884199 3.354629917894078e-25
0.13050153367883624 3.2782166178154054e-25
0.1335443829110759 3.2035428466048164e-25
0.13665818097578622 3.1305690760389746e-25
0.13984458215697693 3.059256671212421e-25
0.14310527931090045 2.9895678706782703e-25
0.14644200476542463 2.9214657670226887e-25
0.14985653124037576 2.854914287848662e-25
0.15335067278934078 2.789878177135657e-25
0.1569262857634292 2.7263229770244276e-25
0.1605852697975066 2.664215009981473e-25
0.16432956881942368 2.6035213613623224e-25
0.16816117208277714 2.544209862313999e-25
0.172082115223751 2.4862490730759184e-25
0.1760944813425998 2.4296082666328535e-25
0.1802004021103484 2.3742574127191554e-25
0.18440205890129596 2.32016716217979e-25
0.18870168395192646 2.2673088316590043e-25
0.1931015615468407 2.2156543886341147e-25
0.1976040292323402 2.1651764367689217e-25
0.20221147905830805 2.1158482015967176e-25
0.20692635884904578 2.0676435165081312e-25
0.21175117350374192 2.0205368090533532e-25
0.2166884863272632 1.9745030875446584e-25
0.22174092039197504 1.9295179279541e-25
0.22691115993131514 1.8855574611011057e-25
0.23220195176586036 1.842598360123295e-25
0.2376161067626448 1.800617828227869e-25
0.24315650132850383 1.759593586708401e-25
0.24882607893823822 1.719503863234987e-25
0.25462785169840935 1.6803273804011784e-25
0.2605649019475973 1.6420433445273324e-25
0.26664038389397104 1.6046314347071045e-25
0.27285752529104135 1.5680717921183828e-25
0.2792196291524867 1.532345009541825e-25
0.2857300755069626 1.497432121145195e-25
0.2923923231938275 1.4633145924715392e-25
0.2992099117007387 1.4299743106726293e-25
0.3061864630440946 1.3973935749381885e-25
0.31332568369332287 1.365555087169957e-25
0.32063136654003577 1.3344419428254787e-25
0.3281073929131 1.3040376220162534e-25
0.3357577346406907 1.2743259807552226e-25
0.343586456160426 1.2452912424438411e-25
0.3515977166787018 1.2169179895227677e-25
0.359795772380376 1.1891911553235349e-25
0.368184978689974 1.1620960161036833e-25
0.3767697925856183 1.1356181832521275e-25
0.38555477496691104 1.1097435956860098e-25
0.394544593078027 1.0844585124001464e-25
0.4037440229873054 1.0597495052046145e-25
0.4131579521246571 1.0356034516076075e-25
0.42279138187813525 1.012007527875228e-25
0.43264943025104924 9.88949202236035e-26
0.4427373345810337 9.664162282464942e-26
0.4530604543225162 9.443966383043773e-26
0.4636242738940635 9.228787373076856e-26
0.47443440559211736 9.018510964590669e-26
0.48549659257266914 8.813025472097577e-26
0.4968167119024568 8.612221753403967e-26
0.5084007776813051 8.415993151765165e-26
0.5202549442372687 8.224235439349029e-26
0.5323855093962742 8.036846761974385e-26
0.5447989178279997 7.853727585125629e-26
0.557501764469769 7.674780641153431e-26
0.5705007980302781 7.499910877716229e-26
0.5838029245750183 7.329025407351985e-26
0.5974152111952977 7.162033458231652e-26
0.6113448897628128 6.998846325989967e-26
0.6255993607717623 6.839377326698334e-26
0.6401861972705483 6.683541750847258e-26
0.6551131488851486 6.531256818438973e-26
0.6703881459363026 6.382441635037731e-26
0.686019303652694 6.23701714886591e-26
0.7020149264823721 6.094906108848456e-26
0.7183835125046995 5.95603302361791e-26
0.7351337579451718 5.820324121459013e-26
0.7522745617955077 5.687707311144822e-26
0.7698150305414633 5.558112143689057e-26
0.7877644830008832 5.43146977493846e-26
0.8061324552745581 5.307712929045795e-26
0.8249287058125218 5.186775862745127e-26
0.8441632205984669 5.068594330464094e-26
0.8638462184550629 4.953105550210383e-26
0.8839881564729563 4.840248170246723e-26
0.9045997355663667 4.729962236518381e-26
0.9256919061582187 4.6221891608217135e-26
0.9472758739978306 4.5168716896990444e-26
0.9693631061142522 4.41395387403978e-26
0.9919653369084147 4.313381039373243e-26
1.0150945743873274 4.2150997568380976e-26
1.0387631065436362 4.1190578148119714e-26
1.0629835078839296 4.025204191186379e-26
1.0877686461092637 3.933489026274727e-26
1.1131316889514546 3.843863596332612e-26
1.1390861111687691 3.756280287686752e-26
1.16564570170473 3.670692571446474e-26
1.1928245710138414 3.5870549787971555e-26
1.2206371585581264 3.5053230768494886e-26
1.2490982404784545 3.425453445045937e-26
1.2782229374447416 3.347403652096362e-26
1.3080267226891875 3.271132233446581e-26
1.3385254302268237 3.1965986692533434e-26
1.369735263267732 3.123763362865152e-26
1.4016728028254128 3.052587619791323e-26
1.4343550165258654 2.983033627149374e-26
1.4677992676220706 2.915064433582766e-26
1.5020233242186567 2.8486439296324466e-26
1.5370453687116559 2.783736828559488e-26
1.5728840074483612 2.720308647600096e-26
1.6095582806124205 2.658325689651888e-26
1.6470876723394143 2.5977550253731697e-26
1.6854921210682972 2.5385644756934308e-26
1.7247920301341966 2.480722594719342e-26
1.7650082786082029 2.4241986530320478e-26
1.8061622323899016 2.368962621363859e-26
1.848275755558551 2.3149851546469624e-26
1.8913712219889245 2.2622375764256452e-26
1.935471527238 2.2106918636233991e-26
1.9806001007088037 2.1603206316569582e-26
2.0267809180978715 2.111097119889552e-26
2.0740385141329463 2.0629951774153778e-26
2.1223979956076717 2.0159892491679926e-26
2.171885054720213 1.970054362345139e-26
2.222525982722885 1.925166113142571e-26
2.274347683890048 1.8813006537906122e-26
2.327377689811681 1.8384346798852475e-26
2.3816441740202396 1.7965454180087576e-26
2.437175966958554 1.7556106136312851e-26
2.4940025712967335 1.7156085192891477e-26
2.552154177606206 1.6765178830313785e-26
2.611661680399223 1.6383179371303993e-26
2.6725566945423505 1.6009883870491512e-26
2.7348715720526675 1.564509400660043e-26
2.7986394192855935 1.5288615977093281e-26
2.863894114523477 1.4940260395214217e-26
2.9306703259742912 1.4599842189380326e-26
2.999003530189995 1.4267180504861354e-26
3.068930030914351 1.3942098607703833e-26
3.1404869783702067 1.3624423790839206e-26
3.21371238899649 1.3313987282335875e-26
3.2886451656454048 1.3010624155736956e-26
3.3653251182505572 1.2714173242444943e-26
3.443792984976987 1.2424477046098875e-26
3.5240904538643507 1.2141381658905266e-26
3.6062601849747473 1.1864736679873109e-26
3.6903458330569543 1.1594395134912839e-26
3.77639207073912 1.1330213398755521e-26
3.8644446122622242 1.1072051118650926e-26
3.9545502377669295 1.0819771139803942e-26
4.046756818146711 1.0573239432509902e-26
4.141113340480481 1.0332325020950094e-26
4.237669934058216 1.00968999136095e-26
4.336477897013409 9.866839035280064e-27
4.437589723576497 9.642020160612644e-27
4.541059131963759 9.422323849183789e-27
4.646941092916466 9.207633382041016e-27
4.755291858905486 8.997834699694847e-27
4.866168994016832 8.792816341522351e-27
4.979631404534034 8.592469386552951e-27
5.0957393702336 8.396687395601806e-27
5.214554576410165 8.205366354722719e-27
5.336140146648369 8.018404619948983e-27
5.4605606763588606 7.835702863293262e-27
5.587882267096237 7.65716401997815e-27
5.718172561677172 7.482693236868484e-27
5.851500780117376 7.312197822079386e-27
5.987937756406471 7.145587195731574e-27
6.127555976140354 6.982772841829607e-27
6.270429615030991 6.823668261235663e-27
6.416634578314149 6.668188925715592e-27
6.566248541075969 6.516252233031401e-27
6.719350989519823 6.367777463057432e-27
6.87602326319537 6.222685734895984e-27
7.036348598212252 6.080899964970382e-27
7.200412171461376 5.942344826072751e-27
7.368301145867304 5.8069467073448305e-27
7.540104716695753 5.6746336751707185e-27
7.715914158940838 5.545335434960643e-27
7.8958228758172275 5.418983293805417e-27
8.07992644838296 5.295510123981914e-27
8.2683226863193 5.174850327289972e-27
8.461111679894604 5.056939800201968e-27
8.658395853139817 4.941715899806419e-27
8.860280018263818 4.8291174105274316e-27
9.066871431337571 4.719084511602775e-27
9.278279849276613 4.611558745302549e-27
9.494617588152204 4.506482985872388e-27
9.715999582862075 4.403801409183924e-27
9.942543448192506 4.3034594630771314e-27
10.17436954130415 4.205403838378096e-27
10.411601025674827 4.109582440577391e-27
10.654363936533231 4.0159443621535965e-27
10.902787247818345 3.924439855527516e-27
11.157002940700098 3.8350203066326584e-27
11.417146073697703 3.7476382090878e-27
11.683354854432924 3.662247138958175e-27
11.955770713056356 3.578801730091615e-27
12.234538377385784 3.4972576500167554e-27
12.519805949796487 3.417571576390289e-27
12.811724985904382 3.339701173981006e-27
13.110450575083778 3.263605072178155e-27
13.416141422862523 3.1892428430123345e-27
13.72895993523834 3.1165749796771444e-27
14.04907230496112 3.0455628755402455e-27
14.37664859982702 2.9761688036326805e-27
14.711862853031292 2.908355896605475e-27
15.054893155627816 2.8420881271429847e-27
15.405921751144481 2.7773302888225052e-27
15.765135132404664 2.714047977409992e-27
16.132724140606275 2.6522075725819945e-27
16.50888406671095 2.5917762200640126e-27
16.89381475519735 2.5327218141758866e-27
17.287720710233557 2.475012980774832e-27
17.690811204325115 2.4186190605871936e-27
18.103300389496336 2.363510092919932e-27
18.52540741106398 2.309656799743263e-27
18.957356524063755 2.257030570135996e-27
19.399377212391464 2.205603445085275e-27
19.85170431072216 2.155348102632653e-27
20.314578129271972 2.1062378433586354e-27
20.788244581469023 2.0582465761979403e-27
21.272955314601134 2.0113488045779818e-27
21.76896784350983 1.9655196128731874e-27
22.27654568740161 1.9207346531679382e-27
22.79595850984919 1.8769701323211528e-27
23.327482262057103 1.834202799325571e-27
23.871399329467756 1.7924099329550855e-27
24.427998681785848 1.7515693296935277e-27
24.997576026500827 1.7116592919384915e-27
25.580433965988984 1.6726586164739337e-27
26.176882158278623 1.6345465832054515e-27
26.787237481563718 1.5973029441522028e-27
27.411824202553472 1.5609079126896654e-27
28.050974148747212 1.5253421530374956e-27
28.705026884726152 1.4905867699869092e-27
29.374329892555654 1.456623298862135e-27
30.05923875639388 1.4234336957105826e-27
30.760117351404876 1.3910003277165525e-27
31.477338037076432 1.3593059638333507e-27
32.21128185504559 1.3283337656288646e-27
32.962338731536356 1.2980672783397372e-27
33.730907684518286 1.2684904221293356e-27
34.51739703569462 1.2395874835449532e-27
35.322224627433556 1.2113431071696379e-27
36.14581804475762 1.1837422874642356e-27
36.98861484250899 1.1567703607953307e-27
37.851062777811606 1.1304129976448146e-27
38.733620047953465 1.104656194996967e-27
39.63675553381552 1.0794862688990076e-27
40.5609490489765 1.0548898471911485e-27
41.506691594626034 1.0308538624022997e-27
42.47448562042145 1.007365544807638e-27
43.46484529142686 9.844124156443843e-28
44.4782967612764 9.619822804821304e-28
45.515378451706574 9.400632227442496e-28
46.576641338606535 9.186435973769145e-28
47.66264924473788 8.977120246623653e-28
48.773979139279795 8.772573841731507e-28
49.911221444358546 8.572688088641195e-28
51.07498034872413 8.377356792990262e-28
52.265874128740876 8.186476180086928e-28
53.48453547686238 7.999944839777118e-28
54.731611837765406 7.817663672567791e-28
56.00776575232122 7.6395358369777965e-28
57.31367520958723 7.465466698088452e-28
58.650034007005786 7.295363777266279e-28
60.017552119001664 7.129136703031454e-28
61.416956074173925 6.96669716304567e-28
62.84898934128261 6.80795885719393e-28
64.31441272423535 6.652837451735492e-28
65.81400476628369 6.501250534499404e-28
67.34856216364385 6.353117571100965e-28
68.91890018876182 6.208359862155793e-28
70.52585312344742 6.066900501468819e-28
72.17027470210763 5.92866433517587e-28
73.8530385653146 5.793577921816338e-28
75.57503872394936 5.6615694933155175e-28
77.33719003416762 5.5325689168560075e-28
79.14042868344033 5.406507657617884e-28
80.98571268792693 5.28331874236784e-28
82.87402240144569 5.162936723877958e-28
84.80636103631147 5.045297646155242e-28
86.78375519631766 4.930339010463341e-28
88.80725542214539 4.817999742118549e-28
90.8779367494899 4.7082201580423075e-28
92.99689928020044 4.600941935053083e-28
95.16526876673713 4.496108078880701e-28
97.38419721025556 4.393662893886674e-28
99.6548634726365 4.29355195347452e-28
101.97847390278609 4.195722071174234e-28
104.35626297753925 4.100121272385641e-28
106.78949395750668 4.0066987667655685e-28
109.27945955821409 3.915404921244197e-28
111.82748263689002 3.8261912336562326e-28
114.43491689526716 3.739010306972919e-28
117.10314759877073 3.6538158241211407e-28
119.8335923124757 3.5705625233763292e-28
122.62770165422418 3.489206174316027e-28
125.4869600653028 3.409703554321344e-28
128.41288659908975 3.3320124256138473e-28
131.40703572809028 3.256091512815693e-28
134.4709981697896 3.181900481021018e-28
137.6064017317617 3.1093999143670105e-28
140.8149121764835 3.0385512950932257e-28
144.09823410631301 2.969316983078072e-28
147.45811186910282 2.901660195841522e-28
150.89633048492877 2.8355449890034977e-28
154.41471659442715 2.7709362371875165e-28
158.01513942924367 2.707799615359441e-28
161.6995118051102 2.646101580591428e-28
165.46979113807643 2.5858093542414134e-28
169.32798048443664 2.526890904538622e-28
173.27612960490418 2.4693149295658803e-28
177.3163360535986 2.413050840629681e-28
181.45074629242436 2.358068746009164e-28
185.68155683143308 2.3043394350753904e-28
190.01101539577502 2.2518343627724487e-28
194.44142211985996 2.2005256344521703e-28
198.9751307693619 2.1503859910544055e-28
203.61454999171644 2.101388794624945e-28
208.36214459577587 2.0535080141634387e-28
213.2204368613011 2.0067182117937635e-28
218.19200787898666 1.960994529249514e-28
223.27949892173046 1.9163126746674118e-28
228.48561284787684 1.872648909681652e-28
233.81311553717836 1.829980036812283e-28
239.2648373602396 1.788283387140959e-28
244.8436746822229 1.7475368082675118e-28
250.55259140161598 1.7077186525409246e-28
256.3946205248776 1.6688077655584632e-28
262.37286577779935 1.6307834749268733e-28
268.49050325443824 1.5936255792796432e-28
274.7507831044972 1.5573143375445185e-28
281.15703126004934 1.5218304584555593e-28
287.7126512025234 1.4871550903041642e-28
294.4211257708895 1.4532698109236225e-28
301.2860190120053 1.420156617901878e-28
308.3109780741064 1.387797919017284e-28
315.4997351444457 1.3561765228923007e-28
322.8561094321127 1.325275629860128e-28
330.38400919708465 1.295078823039468e-28
338.08743382658884 1.265570059612638e-28
345.970475959878 1.2367336623024144e-28
354.0373236625486 1.208554311043089e-28
362.2922626515567 1.1810170348412924e-28
370.7396785721134 1.154107203822273e-28
379.3840593276699 1.127810521457411e-28
388.22999746422977 1.1021130169688226e-28
397.28219261025527 1.0770010379070322e-28
406.54545397346374 1.05246124289776e-28
416.02470289584096 1.0284805945539838e-28
425.7249754682287 1.0050463525494958e-28
435.6514252058753 9.821460668502811e-29
445.8093257863709 9.597675711001196e-29
456.2040738514225 9.378989761569081e-29
466.841191873956 9.165286637762479e-29
477.72633109207 8.956452804389586e-29
488.86527451139875 8.752377313192352e-29
500.26393997748045 8.552951743902405e-29
511.92838331976236 8.358070146640029e-29
523.8648015689132 8.167628985625651e-29
536.079536249153 7.981527084173789e-29
548.5790767473477 7.799665570940402e-29
561.3700637606607 7.621947827394989e-29
574.4592928245908 7.448279436489527e-29
587.8537179232724 7.278568132497069e-29
601.560455183956 7.112723751993198e-29
615.5867866576306 6.950658185954437e-29
629.940164187797 6.792285332948127e-29
644.6282133694491 6.637521053388836e-29
659.6587376003637 6.486283124837076e-29
675.039722226853 6.338491198316564e-29
690.7793387861822 6.194066755626791e-29
706.885949347905 6.052933067628232e-29
723.368110956425 5.915015153478059e-29
740.2345801771418 5.780239740794679e-29
757.4943177485981 5.648535226729904e-29
775.1564933430986 5.519831639928144e-29
793.2304904383309 5.394060603352359e-29
811.7259113025749 5.271155297957003e-29
830.6525820961508 5.151050427188728e-29
850.0205580918159 5.033682182295962e-29
869.8401290168822 4.918988208428852e-29
890.1218245198946 4.8069075715117077e-29
910.8764197647733 4.697380725870212e-29
932.1149411553916 4.590349482596276e-29
953.848672193633 4.4857569786337226e-29
976.0891594740359 4.3835476465683497e-29
998.8482188182152 4.2836671851062934e-29
1022.1379415523157 4.186062530225165e-29
1045.9707009308356 4.090681826982375e-29
1070.3591587102305 3.9974744019659317e-29
1095.3162718757928 3.906390736372888e-29
1120.8552995253765 3.8173824397012156e-29
1146.98980991363 3.730402224041159e-29
1173.7336876604738 3.645403878952297e-29
1201.1011411276565 3.562342246913109e-29
1229.1067099673062 3.4811731993298796e-29
1257.7652728464884 3.4018536130922754e-29
1287.0920553518754 3.3243413476631006e-29
1317.1026380787234 3.248595222690063e-29
1347.812964908458 3.174574996127686e-29
1379.239351479266 3.102241342857686e-29
1411.3984938541882 3.0315558337965225e-29
1444.3074773913293 2.9624809154789607e-29
1477.9837858208825 2.894979890106854e-29
1512.445310533807 2.829016896052509e-29
1547.71036008708 2.7645568888062853e-29
1583.797669930582 2.7015656223583155e-29
1620.7264123607779 2.640009631004439e-29
1658.5162067064848 2.579856211566715e-29
1697.1871297521373 2.5210734060190094e-29
1736.7597264040865 2.46362998450851e-29
1777.255020605602 2.407495428764056e-29
1818.6945265063737 2.3526399158825487e-29
1861.1002598924472 2.2990343024847712e-29
1904.4947498826687 2.2466501092322296e-29
1948.9010508978479 2.195459505696792e-29
1994.3427549090043 2.1454352955750652e-29
2040.8440039711966 2.0965509022396693e-29
2088.4295030496014 2.0487803546197312e-29
2137.124533144652 2.002098273403097e-29
2186.9549647232075 1.956479857552935e-29
2237.947271462894 1.911900871131546e-29
2290.1285443169163 1.868337630424426e-29
2343.5265059068115 1.8257669913576734e-29
2398.169525250793 1.784166337202125e-29
2454.086632835509 1.7435135665576502e-29
2511.3075360392254 1.7037870816112147e-29
2569.8626349146184 1.6649657766624966e-29
2629.783038339575 1.627029026910954e-29
2691.100580544569 1.5899566774983758e-29
2753.8478380254037 1.5537290328011018e-29
2818.0581468502987 1.5183268459662245e-29
2883.7656203705187 1.4837313086862126e-29
2951.0051673439552 1.4499240412065228e-29
3019.812510481288 1.4168870825608856e-29
3090.2242054245785 1.3846028810290935e-29
3162.2776601683795 1.3530542848122017e-29
