# %ECSV 1.0
# ---
# datatype:
# - {name: mx, unit: MeV, datatype: float64}
# - {name: sigma_6, unit: cm2, datatype: float64}
# schema: astropy-2.0
mx sigma_6
3.162277660168379e-07 2.288677145001806e-28
3.2360111549336787e-07 2.5097159265944305e-28
3.311463862505236e-07 2.7521024739545827e-28
3.388675869043115e-07 3.0178985388579526e-28
3.4676881953794695e-07 3.3093649955125524e-28
3.548542818811901e-07 3.628981071718376e-28
3.6312826954049566e-07 3.9794654372120607e-28
3.715951782811629e-07 4.363799328982223e-28
3.8025950636269697e-07 4.785251909545595e-28
3.89125856928623e-07 5.247408074895734e-28
3.9819894045202297e-07 5.754198947385133e-28
4.0748357723809307e-07 6.30993531445538e-28
4.169846999850535e-07 6.919344296285451e-28
4.2670735640476865e-07 7.58760955445305e-28
4.3665671190447213e-07 8.320415385103595e-28
4.4683805233101997e-07 9.123995069209036e-28
4.572567867791303e-07 1.0005183893520458e-27
4.6791845046510194e-07 1.0971477291509527e-27
4.788287076675383e-07 1.203109459955912e-27
4.899933547366384e-07 1.3193048973024927e-27
5.014183231736547e-07 1.4467224048925034e-27
5.131096827821533e-07 1.5864458019777468e-27
5.250736448927506e-07 1.739663582137056e-27
5.373165656630395e-07 1.9076790229244506e-27
5.4984494945446e-07 2.091921271325453e-27
5.626654522879044e-07 2.293957500183797e-27
5.757848853798981e-07 2.515506238828827e-27
5.892102187612295e-07 2.7584519907596515e-27
6.029485849799565e-07 3.0248612633760643e-27
6.17007282890752e-07 3.3170001457106674e-27
6.313937815326057e-07 3.63735358400961e-27
6.461157240969403e-07 3.988646518509036e-27
6.611809319882495e-07 4.373867062159435e-27
6.765974089794179e-07 4.796291917409781e-27
6.923733454639272e-07 5.259514248178615e-27
7.085171228072106e-07 5.7674742431168315e-27
7.250373177994646e-07 6.324492630901386e-27
7.419427072122865e-07 6.93530743321227e-27
7.592422724615558e-07 7.605114265837353e-27
7.769452043790388e-07 8.339610532500969e-27
7.950609080952509e-07 9.145043887837063e-27
8.135990080361694e-07 1.0028265379649711e-26
8.325693530364543e-07 1.0996787724387217e-26
8.519820215718901e-07 1.2058849210564218e-26
8.718473271138315e-07 1.322348377202262e-26
8.921758236084957e-07 1.4500597834857002e-26
9.12978311084014e-07 1.5901054576742677e-26
9.342658413882192e-07 1.7436766333321615e-26
9.560497240602198e-07 1.912079592242883e-26
9.78341532338879e-07 2.0967467758060775e-26
1.0011531093113902e-06 2.2992489690780573e-26
1.0244965742052174e-06 2.521308662513987e-26
1.048384328826741e-06 2.7648147029419085e-26
1.0728290641500308e-06 3.03183835988939e-26
1.0978437670592484e-06 3.324650945109387e-26
1.1234417272482566e-06 3.6457431305735836e-26
1.149636544281106e-06 3.997846135407054e-26
1.1764421348171486e-06 4.3839549569583974e-26
1.2038727400046132e-06 4.8073538471509345e-26
1.2319429330465773e-06 5.271644247347172e-26
1.2606676269433496e-06 5.780775422076447e-26
1.2900620824153782e-06 6.33907805270552e-26
1.3201419160108953e-06 6.951301072444282e-26
1.3509231084026028e-06 7.622652062115136e-26
1.38242201287781e-06 8.358841544693241e-26
1.4146553640265304e-06 9.166131559832314e-26
1.447640286632156e-06 1.0051388927894748e-25
1.4813943047694329e-06 1.102214365958518e-25
1.5159353511145682e-06 1.2086653005032041e-25
1.5512817764724183e-06 1.3253971689493488e-25
1.587452359525819e-06 1.4534028933374059e-25
1.6244663168122348e-06 1.5937712912151202e-25
1.6623433129330315e-06 1.7476963362483968e-25
1.7011034710007933e-06 1.9164873152063575e-25
1.740767383330235e-06 2.101579963314615e-25
1.7813561223783898e-06 2.304548678296601e-25
1.8228912519398869e-06 2.52711991046152e-25
1.8653948386032614e-06 2.771186848166071e-25
1.908889463474389e-06 3.0388255218879737e-25
1.9533982341732686e-06 3.332312461860532e-25
1.9989447971105317e-06 3.6541440625968095e-25
2.045553350050195e-06 4.007057816582591e-25
2.0932486549653353e-06 4.394055598157827e-25
2.1420560511935146e-06 4.8184292005848215e-25
2.192001468898943e-06 5.283788330336085e-25
2.2431114428485372e-06 5.794091315177654e-25
2.2954131265091837e-06 6.353678771588403e-25
2.3489343064737076e-06 6.967310524453733e-25
2.403703417223201e-06 7.64020609475132e-25
2.4597495562335635e-06 8.378089095098513e-25
2.5171024994342686e-06 9.187235914064907e-25
2.575792717027583e-06 1.0074529100541047e-24
2.635851389676631e-06 1.1047515908734937e-24
2.6973104250709106e-06 1.2114472489366682e-24
2.760202474878063e-06 1.3284474288229264e-24
2.8245609520908932e-06 1.4567473234387274e-24
2.8904200487788716e-06 1.5974382395986696e-24
2.9578147542535346e-06 1.7517168796128453e-24
3.026780873657441e-06 1.9208955209542483e-24
3.097355046986562e-06 2.1064131770231383e-24
3.1695747685562034e-06 2.30984783781292e-24
3.2434784069208122e-06 2.5329298916417485e-24
3.319105225258239e-06 2.7775568424618602e-24
3.3964954022292982e-06 3.045809450238578e-24
3.4756900533236943e-06 3.339969428321256e-24
3.5567312527036693e-06 3.6625388505506045e-24
3.6396620555569646e-06 4.0162614356316986e-24
3.7245265209709786e-06 4.404145878313037e-24
3.811369735340273e-06 4.8294914439012814e-24
3.900237836319859e-06 5.295916032552434e-24
3.991178037336996e-06 5.8073869436431904e-24
4.0842386526745176e-06 6.368254624808668e-24
4.179469123139017e-06 6.983289673768643e-24
4.2769200423275275e-06 7.657723412577393e-24
4.376643183506652e-06 8.397292381630316e-24
4.478691527118417e-06 9.208287131163237e-24
4.583119288927478e-06 1.0097605727957249e-23
4.689981948824612e-06 1.1072812416637824e-23
4.799336280301815e-06 1.2142201958412096e-23
4.911240380614659e-06 1.3314870185701013e-23
5.0257537016479225e-06 1.4600791353054086e-23
5.142937081500915e-06 1.6010902974036126e-23
5.262852776809252e-06 1.755719884538406e-23
5.385564495820272e-06 1.925283105273929e-23
5.511137432239651e-06 2.1112221825536387e-23
5.639638299867211e-06 2.315118619333686e-23
5.771135368040315e-06 2.538706650590929e-23
5.905698497903673e-06 2.783887990108395e-23
6.043399179524854e-06 3.052748006380761e-23
6.184310569875183e-06 3.3475734557764467e-23
6.32850753169624e-06 3.670871930542053e-23
6.47606667327258e-06 4.025393186213941e-23
6.627066389131828e-06 4.4141525270944806e-23
6.781586901693754e-06 4.840456442621251e-23
6.939710303890459e-06 5.307930739838921e-23
7.101520602780329e-06 5.820551360306105e-23
7.267103764178904e-06 6.382678211079647e-23
7.436547758330399e-06 6.999092222091886e-23
7.609942606644117e-06 7.67503601450074e-23
7.787380429520604e-06 8.416258487080124e-23
7.968955495292936e-06 9.229063684022578e-23
8.15476427030917e-06 1.0120364424754517e-22
8.344905470182516e-06 1.1097741065196715e-22
8.539480112236516e-06 1.2169505969203365e-22
8.738591569173047e-06 1.3344774190613225e-22
8.942345623991688e-06 1.463354096772156e-22
9.150850526189614e-06 1.6046766724024948e-22
9.364217049271877e-06 1.7596470254298782e-22
9.58255854960264e-06 1.9295830912330727e-22
9.805991026628606e-06 2.1159300693077834e-22
1.0034633184506672e-05 2.320272705703716e-22
1.0268606495168497e-05 2.5443487717912976e-22
1.0508035262855554e-05 2.7900638351895165e-22
1.07530466901589e-05 3.0595074625980104e-22
1.1003770945598772e-05 3.354970983067278e-22
1.1260341232779899e-05 3.6789669647229094e-22
1.1522893861159297e-05 4.034250580338118e-22
1.1791568318464117e-05 4.423843024361925e-22
1.206650734479802e-05 4.851057192586638e-22
1.2347857008475478e-05 5.319525847149504e-22
1.263576678362426e-05 5.833232495371014e-22
1.293038962959737e-05 6.396545242966019e-22
1.3231882072236462e-05 7.014253924599264e-22
1.3540404287030327e-05 7.691610817238108e-22
1.3856120184212054e-05 8.434375267049839e-22
1.4179197495840522e-05 9.248862649583965e-22
1.4509807864912299e-05 1.0141998022847444e-21
1.484812693655133e-05 1.1121374991137168e-21
1.5194334451324849e-05 1.219532019651975e-21
1.5548614340735104e-05 1.3372964146461445e-21
1.5911154824937624e-05 1.4664318690430432e-21
1.6282148512737936e-05 1.6080362139024104e-21
1.6661792503919872e-05 1.763313254314074e-21
1.7050288493959805e-05 1.933582991797758e-21
1.7447842881182494e-05 2.120292840175931e-21
1.785466687641539e-05 2.325029919329308e-21
1.8270976615199758e-05 2.5495345322696204e-21
1.869699327261814e-05 2.7957149493282174e-21
1.91329431807992e-05 3.0656636119964348e-21
1.957905794916243e-05 3.3616749034458024e-21
2.003557458746648e-05 3.686264622186625e-21
2.0502735631726606e-05 4.042191353588819e-21
2.0980789273068064e-05 4.432479879271219e-21
2.1469989489583918e-05 4.860446853047178e-21
2.1970596181267336e-05 5.329728962715899e-21
2.2482875308090033e-05 5.844313780139673e-21
2.3007099031300245e-05 6.4085736097845245e-21
2.354354585801526e-05 7.027302595196663e-21
2.4092500789185385e-05 7.70575736006477e-21
2.4654255471007912e-05 8.449701648168047e-21
2.5229108349871537e-05 9.265455187748619e-21
2.5817364830913554e-05 1.0159947279801806e-20
2.641933744027406e-05 1.1140775548305767e-20
2.7035345991133382e-05 1.22162704098817e-20
2.7665717753620915e-05 1.3395565629249134e-20
2.8310787628685666e-05 1.468867576288049e-20
2.8970898326020842e-05 1.6106581058223346e-20
2.964640054613707e-05 1.7661320405317254e-20
3.033765316668089e-05 1.9366093401016684e-20
3.104502343309761e-05 2.1235372167774016e-20
3.176888715373972e-05 2.3285023707923993e-20
3.25096288995246e-05 2.553244450956182e-20
3.326764220824756e-05 2.7996707674664824e-20
3.4043329793658724e-05 3.0698724203850386e-20
3.483710375941493e-05 3.3661420102497526e-20
3.5649385818020195e-05 3.6909930236382343e-20
3.648060751487119e-05 4.04718107168911e-20
3.73312104575266e-05 4.4377272153242164e-20
3.820164655032238e-05 4.865943467332689e-20
3.90923782344573e-05 5.335460769525766e-20
4.0003878733676586e-05 5.850259713870366e-20
4.093663230568398e-05 6.414704072464124e-20
4.1891134499415887e-05 7.033577676482184e-20
4.2867892418314344e-05 7.71212477883458e-20
4.386742498973848e-05 8.45609424679184e-20
4.489026324065786e-05 9.27178804917181e-20
4.5936950579773975e-05 1.0166114361523501e-19
4.700804308621986e-05 1.11466457720435e-19
4.8104109804991236e-05 1.2221682962631209e-19
4.922573304926602e-05 1.3400324680826442e-19
5.0373508709772956e-05 1.46925440563509e-19
5.154804657137365e-05 1.6109272715350194e-19
5.27499706370262e-05 1.766249239174088e-19
5.397991945930254e-05 1.9365335588439572e-19
5.5238546479635675e-05 2.1232195908754257e-19
5.6526520375476976e-05 2.3278848458386603e-19
5.784452541554797e-05 2.5522582479025127e-19
5.9193261823375433e-05 2.7982345661082697e-19
6.057344614930286e-05 3.067890299526896e-19
6.198581165117595e-05 3.3635010361021343e-19
6.34311086839044e-05 3.6875604523088693e-19
6.491010509810695e-05 4.0428011550514093e-19
6.642358664805138e-05 4.432217437298625e-19
6.797235740910648e-05 4.859090249946101e-19
6.955724020492732e-05 5.327014510220524e-19
7.117907704460117e-05 5.839928999478521e-19
7.283872956998614e-05 6.402149055581153e-19
7.453707951348025e-05 7.018402434805165e-19
7.627502916646401e-05 7.693868405326155e-19
7.805350185866558e-05 8.4342207474717465e-19
7.987344244870308e-05 9.245674524613729e-19
8.173581782606456e-05 1.0135037437286403e-18
8.364161742479263e-05 1.1109765990062242e-18
8.559185374914618e-05 1.2178026796776078e-18
8.758756291151902e-05 1.3348763776270142e-18
8.96298051829007e-05 1.463177147570453e-18
9.17196655561724e-05 1.6037775269559223e-18
9.385825432253677e-05 1.75785191437897e-18
9.604670766138824e-05 1.9266861537282584e-18
9.828618824393714e-05 2.1116879869891586e-18
0.00010057788585090809 2.3143985313078345e-18
0.00010292301800464121 2.536504747001058e-18
0.00010532283061593165 2.7798530879847983e-18
0.00010777859864595113 3.046464427007289e-18
0.00011029162678360347 3.3385503368318316e-18
0.00011286325013867351 3.658530805666296e-18
0.00011549483495113791 4.0090536375965704e-18
0.00011818777931701482 4.39301563782175e-18
0.0001209435139311377 4.8135856017986715e-18
0.00012376350284724815 5.274229532386354e-18
0.00012664924425581149 5.778737993976629e-18
0.00012960227127996844 6.331256097209419e-18
0.00013262415279004548 6.936315843351848e-18
0.00013571649423705693 7.59887178196488e-18
0.0001388809385056415 8.324339586276432e-18
0.00014211916678688624 9.1186378692246e-18
0.00014543289947150178 9.988234184298659e-18
0.0001488238970638237 1.0940194479843769e-17
0.00015229396111712465 1.198223737205166e-17
0.00015584493519073535 1.3122792691971456e-17
0.00015947870582948208 1.43710653572885e-17
0.00016319720356596128 1.5737104713652722e-17
0.00016700240394618395 1.723187974807432e-17
0.00017089632857913436 1.8867360159298204e-17
0.000174881046210801 2.065660543321333e-17
0.00017895867382325032 2.2613860177818225e-17
0.0001831313777593269 2.4754657832566687e-17
0.00018740137487357792 2.7095933012563496e-17
0.00019177093371001327 2.9656142545594535e-17
0.000196242375707327 3.245539751229097e-17
0.00020081807643222024 3.551560275620374e-17
0.00020550046684148122 3.886061204504371e-17
0.0002102920345734925 4.2516391808493536e-17
0.0002151953252698519 4.651119697413984e-17
0.00022021294392780895 5.087576493950785e-17
0.00022534755628423554 5.564351715893636e-17
0.0002306018902318662 6.085078502539637e-17
0.00023597873726856003 6.653703781417059e-17
0.0002414809539803547 7.27451453268058e-17
0.0002471114635590999 7.952164257206705e-17
0.00025287325735547713 8.691702433065215e-17
0.00025876939646823026 9.49860490533862e-17
0.00026480301337045197 1.0378807366817405e-16
0.000270977313573789 1.133874037825915e-16
0.00027729557733145163 1.2385366446274683e-16
0.00028376116138093086 1.3526219816888517e-16
0.0002903775007273506 1.476944821930315e-16
0.00029714811046840066 1.6123857180067354e-16
0.00030407658766182135 1.7598956925458953e-16
0.00031116661323643183 1.9205010334568767e-16
0.0003184219539477161 2.0953086327771829e-16
0.00032584646437900766 2.2855112010120605e-16
0.00033344408898933415 2.4923929190799836e-16
0.0003412188642090111 2.7173353966489626e-16
0.0003491749205840977 2.961823585084572e-16
0.0003573164849708539 3.2274520786009133e-16
0.0003656478827813646 3.5159315162287866e-16
0.0003741735402815245 3.8290952479439906e-16
0.0003828979869426037 4.16890597386666e-16
0.000391825857847644 4.537462386589299e-16
0.000400961896153964 4.937006103033157e-16
0.0004103109556130814 5.369928782772202e-16
0.0004198780031493915 5.838777788611414e-16
0.00042966812149897106 6.346264192529492e-16
0.000439686511909911 6.895268362011797e-16
0.0004499384969056106 7.488845505317647e-16
0.00046042952311250296 8.130232385283975e-16
0.0004711651641537129 8.822851968575556e-16
0.00048215112361018567 9.57031756416949e-16
0.0004933932380508582 1.0376437754068492e-15
0.0005048974801334842 1.1245217786258876e-15
0.0005166699617777604 1.2180862764941104e-15
0.0005287169374124361 1.3187777744177707e-15
0.0005410448072981404 1.4270567252430308e-15
0.0005536601209276797 1.5434033683095918e-15
0.0005665695805056229 1.6683172374771427e-15
0.0005797800445090163 1.802316750037366e-15
0.0005932985313311235 1.9459383580163403e-15
0.000607132223010125 2.0997356205914024e-15
0.0006212884690447563 2.2642780271303723e-15
0.0006357747902989163 2.44014948151529e-15
0.0006505988829973161 2.627946648505025e-15
0.0006657686228142928 2.8282770516123e-15
0.0006812920690579615 3.04175664553177e-15
0.0006971774689519261 3.2690075026832614e-15
0.0007134332620168255 3.5106547414163882e-15
0.0007300680845540431 3.7673235427479985e-15
0.0007470907742339592 4.039635663018076e-15
0.0007645103747911887 4.328206175280826e-15
0.0007823361408292924 4.63363862258537e-15
0.00080057754273752 4.956521887188765e-15
0.0008192442717221943 5.2974250777699674e-15
0.0008383462449554094 5.656892998887818e-15
0.0008578936108437789 6.035441734626837e-15
0.0008778967544200344 6.433553445626323e-15
0.000898366302860337 6.851671482416589e-15
0.0009193131311302326 7.290195389905978e-15
0.0009407483677622533 7.749476630219191e-15
0.000962683400768232 8.229812858494693e-15
0.000985129883689471 8.731443321634577e-15
0.0010080997417879817 9.254545337230493e-15
0.0010316051783820807 9.799228556930384e-15
0.0010556586813297128 1.0365532170197994e-14
0.0010802730296629402 1.095342356920029e-14
0.001105461300377127 1.1562789858818901e-14
0.0011312368753784248 1.2193440814064491e-14
0.0011576134485932472 1.2845105625627891e-14
0.0011846050332435167 1.3517429380702548e-14
0.0012122259692915415 1.4209975717778301e-14
0.0012404909310584848 1.492222490342183e-14
0.0012694149350204683 1.5653575200755014e-14
0.0012990133477864558 1.6403345990735004e-14
0.0013293018942621524 1.717077715490124e-14
0.001360296666004259 1.795503306232565e-14
0.001392014129769518 1.8755209893284905e-14
0.0014244711362630968 1.95703342421519e-14
0.0014576849290909482 2.039937047840741e-14
0.0014916731539209149 2.12412289741862e-14
0.0015264538678574353 2.2094764730828448e-14
0.0015620455490348386 2.2958791715285705e-14
0.0015984671064343198 2.3832088951564982e-14
0.0016357378899298156 2.4713396279990064e-14
0.0016738777005681136 2.5601438955241776e-14
0.0017129068010886602 2.6494918933694862e-14
0.0017528459266886532 2.739253346269457e-14
0.00179371629603914 2.8292977351469936e-14
0.0018355396225579732 2.919494635163652e-14
0.0018783381259456144 3.009715392124307e-14
0.0019221345439899109 3.0998326701058495e-14
0.001966952144646121 3.1897221097219524e-14
0.0020128147383986056 3.279261790170521e-14
0.002059746690910748 3.3683338781229724e-14
0.0021077729359698315 3.456824576148509e-14
0.0021569189887337423 3.544624153184876e-14
0.002207210959286545 3.631628417413265e-14
0.0022586755665101248 3.717738082102659e-14
0.0023113401522792685 3.802859270612362e-14
0.0023652326959877285 3.886903905455634e-14
0.0024203818294129824 3.969790393322659e-14
0.0024768168519275916 4.051442348450508e-14
0.002534567746065232 4.1317901964517036e-14
0.0025936651934496745 4.210770913871469e-14
0.0026541405910951734 4.2883255899624004e-14
0.0027160260680869266 4.364403987453141e-14
0.0027793545026504624 4.4389612056383096e-14
0.002844159539619031 4.5119564976054913e-14
0.0029104756083082714 4.583357517438388e-14
0.0029783379408076585 4.6531353740676556e-14
0.0030477825906984404 4.7212680498661e-14
0.0031188464522080173 4.7877374123427663e-14
0.0031915672798109355 4.8525313757136726e-14
0.0032659837082868936 4.9156420301426456e-14
0.003342135273246469 4.97706600855299e-14
0.0034200624321353945 5.036803437605554e-14
0.0034998065857286074 5.094858717886769e-14
0.0035814101001254554 5.151240910107551e-14
0.003664916329257761 5.2059620579479e-14
0.0037503696379226933 5.259035162072073e-14
0.0038378154253526898 5.310477871272885e-14
0.003927300149334948 5.3603119630656814e-14
0.004018871350893299 5.40855851621463e-14
0.00411257767954558 5.4552406224643757e-14
0.004208468919149921 5.500387551666583e-14
0.004306596014353682 5.54402526159351e-14
0.004407011097659079 5.586184216965293e-14
0.004509767517119906 5.626893831055219e-14
0.004614919864684026 5.6661866313085754e-14
0.004722524005196735 5.704093855826785e-14
0.004832637106080367 5.74065028233248e-14
0.004945317667705937 5.77588885743458e-14
0.005060625554472947 5.809842278620168e-14
0.005178622026613854 5.842547174053441e-14
0.005299369772740128 5.874038031539137e-14
0.005422932943147155 5.904347591450773e-14
0.0055493771838957115 5.933510685851986e-14
0.00567876967168809 5.96156254347993e-14
0.005811179149557424 5.988535218391809e-14
0.0059466759633891655 6.014466806782891e-14
0.006085332099294114 6.039385789680242e-14
0.006227221221852859 6.063327833522154e-14
0.006372418713251954 6.08632474689852e-14
0.006521001713332612 6.108407446342424e-14
0.006673049160573193 6.129607144256352e-14
0.006828641834027273 6.149954589622486e-14
0.006987862396239558 6.169482017165261e-14
0.00715079543716245 6.188214129578909e-14
0.007317527519096606 6.20618362513249e-14
0.007488147222679345 6.223416847685543e-14
0.007662745193945353 6.239940212659417e-14
0.007841414192484688 6.255782334920385e-14
0.008024249140723652 6.270964499921629e-14
0.008211347174354735 6.28551595602963e-14
0.008402807693942412 6.29945912313711e-14
0.008598732417732204 6.312816430636806e-14
0.008799225435691074 6.325611645343884e-14
0.009004393264807849 6.337867973499006e-14
0.009214344905683071 6.349605443049482e-14
0.009429191900438323 6.360844073768695e-14
0.009649048391975805 6.37160281977019e-14
0.009874031184619632 6.381905843795778e-14
0.010104259806171096 6.39176455049838e-14
0.01033985657141083 6.40120238614161e-14
0.010580946647081629 6.410235156637138e-14
0.010827658118386449 6.418876338271043e-14
0.011080122057036918 6.427148921626575e-14
0.011338472590888495 6.435057920336192e-14
0.01160284697519928 6.442628219269751e-14
0.01187338566555036 6.449869796161892e-14
0.012150232392466372 6.456794400571183e-14
0.012433534237775993 6.46341923915578e-14
0.01272344171275288 6.469754528652819e-14
0.013020108838078586 6.47581062811955e-14
0.013323693225669961 6.481605151083802e-14
0.013634356162414448 6.487146204783357e-14
0.013952262695857842 6.49244010948278e-14
0.014277581721889965 6.497507098447859e-14
0.014610486074474885 6.502349346952882e-14
0.014951152617473332 6.506974608607138e-14
0.015299762338606094 6.511402985481385e-14
0.015656500445608335 6.515630883615178e-14
0.016021556464625875 6.519671995255026e-14
0.016395124340905766 6.523538469334269e-14
0.016777402541834602 6.527232685930373e-14
0.017168594162379338 6.530765671091025e-14
0.01756890703298664 6.534133877770245e-14
0.017978553829998065 6.537360779171802e-14
0.01839775218863974 6.540441025054344e-14
0.01882672481864659 6.543388266141507e-14
0.01926569962258253 6.546197933031987e-14
0.019714909816919448 6.548890878683746e-14
0.020174594055939365 6.551458026674247e-14
0.02064499655852557 6.553909778780162e-14
0.021126367237910063 6.556254556616651e-14
0.021618961834446313 6.55849722503447e-14
0.02212304205147776 6.560633291372195e-14
0.022638875694374342 6.562680454120294e-14
0.0231667368128109 6.564633550240562e-14
0.02370690584636297 6.56650148428737e-14
0.024259669773497434 6.568285861590524e-14
0.024825322264037063 6.56999186111935e-14
0.025404163835180054 6.571620277230043e-14
0.025996502011157406 6.573173722131739e-14
0.026602651486612925 6.574660815818234e-14
0.027222934293792744 6.5760758438216e-14
0.027857679973633073 6.577430746255024e-14
0.02850722575083718 6.578731133112381e-14
0.02917191671303455 6.579964815347055e-14
0.029852105994117403 6.581147340546838e-14
0.030548154961852016 6.58227332443865e-14
0.031260433409864494 6.583353601646665e-14
0.031989319754103004 6.584384961305572e-14
0.0327352012338808 6.585365218109219e-14
0.03349847411760691 6.586305999692295e-14
0.034279543913313774 6.587205980427647e-14
0.03507882558409363 6.588058761248177e-14
0.03589674376855814 6.588878186909852e-14
0.03673373300643846 6.589659400734606e-14
0.037590237969445384 6.590409827397439e-14
0.038466713697512506 6.591127728959286e-14
0.03936362584054766 6.591807989567115e-14
0.04028145090582124 6.592449339835656e-14
0.04122067651112274 6.593073507026731e-14
0.04218180164382002 6.593668156200348e-14
0.043165336925959 6.594234504579699e-14
0.044171804885544536 6.594774358525273e-14
0.04520174023414663 6.595296979595097e-14
0.046255690150979495 6.59578490655698e-14
0.047334214573604344 6.596251166119482e-14
0.048437886495410414 6.596703545493695e-14
0.04956729227003216 6.597138040357752e-14
0.05072303192286451 6.59755819131939e-14
0.051905719469841495 6.597935548850248e-14
0.05311598324364777 6.598306715589956e-14
0.05435446622753626 6.598670551823008e-14
0.05562182639692926 6.599022716455089e-14
0.056918737068984544 6.59934615699059e-14
0.058245887260312136 6.599653085260284e-14
0.05960398205303182 6.599944655557056e-14
0.06099374296936585 6.600243494093352e-14
0.06241590835496589 6.600507136588598e-14
0.06387123377117784 6.600759919484888e-14
0.06536049239645289 6.601017716026016e-14
0.06688447543711816 6.601247003356604e-14
0.06844399254772507 6.601468470739852e-14
0.0700398722611988 6.601699627159042e-14
0.0716729624290174 6.601892783823714e-14
0.07334413067165428 6.602099649356389e-14
0.07505426483952363 6.602289327740764e-14
0.07680427348467332 6.602448502851784e-14
0.07859508634347626 6.602624904836959e-14
0.08042765483057629 6.602797532377533e-14
0.08230295254435131 6.602939695605059e-14
0.08422197578416211 6.603104364083716e-14
0.08618574407966152 6.603252520300018e-14
0.08819530073244539 6.603376207054333e-14
0.09025171337033296 6.603492615707047e-14
0.09235607451457113 6.603640955188093e-14
0.09450950216026408 6.60376220760889e-14
0.09671314037033632 6.603861667475755e-14
0.09896815988334524 6.603970333574253e-14
0.10127575873546546 6.604082975998262e-14
0.10363716289697593 6.604197908732855e-14
0.10605362692358762 6.604269131999973e-14
0.10852643462295801 6.60433777985015e-14
0.11105689973674641 6.604453043460985e-14
0.11364636663857243 6.604526293309918e-14
0.11629621104824843 6.60462487358275e-14
0.1190078407626656 6.604667465403828e-14
0.12178269640372161 6.604756547793817e-14
0.12462225218368743 6.604818747023462e-14
0.1275280166884199 6.604865639726584e-14
0.13050153367883624 6.604958394517415e-14
0.1335443829110759 6.605022192850463e-14
0.13665818097578622 6.605059379895369e-14
0.13984458215697693 6.605125171629822e-14
0.14310527931090045 6.605161551962982e-14
0.14644200476542463 6.605223375359871e-14
0.14985653124037576 6.605262134847585e-14
0.15335067278934078 6.605308755451676e-14
0.1569262857634292 6.605361992318826e-14
0.1605852697975066 6.60542037453174e-14
0.16432956881942368 6.605447512966723e-14
0.16816117208277714 6.605469396260848e-14
0.172082115223751 6.605502929278091e-14
0.1760944813425998 6.605539871040887e-14
0.1802004021103484 6.605563199386452e-14
0.18440205890129596 6.605601371601767e-14
0.18870168395192646 6.60563193828855e-14
0.1931015615468407 6.605668487937227e-14
0.1976040292323402 6.605686291380069e-14
0.20221147905830805 6.605705977788462e-14
0.20692635884904578 6.605710842034233e-14
0.21175117350374192 6.60574104783523e-14
0.2166884863272632 6.605797943071077e-14
0.22174092039197504 6.605800618754493e-14
0.22691115993131514 6.605847211450679e-14
0.23220195176586036 6.605841313267001e-14
0.2376161067626448 6.605878049925702e-14
0.24315650132850383 6.605885737199068e-14
0.24882607893823822 6.605899744167244e-14
0.25462785169840935 6.605912362705612e-14
0.2605649019475973 6.605946182521231e-14
0.26664038389397104 6.605935029303604e-14
0.27285752529104135 6.605969490695275e-14
0.2792196291524867 6.60597519852089e-14
0.2857300755069626 6.605990245463595e-14
0.2923923231938275 6.605991892796276e-14
0.2992099117007387 6.60596213910438e-14
0.3061864630440946 6.606044932036811e-14
0.31332568369332287 6.606087044410067e-14
0.32063136654003577 6.60605278804656e-14
0.3281073929131 6.606031935084525e-14
0.3357577346406907 6.606017719100484e-14
0.343586456160426 6.606104822200242e-14
0.3515977166787018 6.60605912912564e-14
0.359795772380376 6.606071210379653e-14
0.368184978689974 6.606085526978902e-14
0.3767697925856183 6.606115767354164e-14
0.38555477496691104 6.606124453375316e-14
0.394544593078027 6.606185709286214e-14
0.4037440229873054 6.606142521828541e-14
0.4131579521246571 6.606178184730149e-14
0.42279138187813525 6.606096272147085e-14
0.43264943025104924 6.606139353275028e-14
0.4427373345810337 6.606131555542159e-14
0.4530604543225162 6.60610958601559e-14
0.4636242738940635 6.606193477077892e-14
0.47443440559211736 6.606145961805393e-14
0.48549659257266914 6.606087475542743e-14
0.4968167119024568 6.606183235150185e-14
0.5084007776813051 6.606169844790489e-14
0.5202549442372687 6.606229030808053e-14
0.5323855093962742 6.606238701995273e-14
0.5447989178279997 6.606182151627206e-14
0.557501764469769 6.606149244260862e-14
0.5705007980302781 6.606227360234032e-14
0.5838029245750183 6.606196436381159e-14
0.5974152111952977 6.606182420752623e-14
0.6113448897628128 6.606257271663985e-14
0.6255993607717623 6.606191635022841e-14
0.6401861972705483 6.60619566645132e-14
0.6551131488851486 6.606139216203618e-14
0.6703881459363026 6.606243193693678e-14
0.686019303652694 6.606295038953385e-14
0.7020149264823721 6.606324429565697e-14
0.7183835125046995 6.6062208362808e-14
0.7351337579451718 6.606107595199687e-14
0.7522745617955077 6.606215346634478e-14
0.7698150305414633 6.606274826826707e-14
0.7877644830008832 6.606149754006437e-14
0.8061324552745581 6.606341877741985e-14
0.8249287058125218 6.606062117266433e-14
0.8441632205984669 6.606194024856742e-14
0.8638462184550629 6.606282841663467e-14
0.8839881564729563 6.606282973437469e-14
0.9045997355663667 6.606229235404538e-14
0.9256919061582187 6.606285435638254e-14
0.9472758739978306 6.606180738992146e-14
0.9693631061142522 6.606255745800574e-14
0.9919653369084147 6.606216886938446e-14
1.0150945743873274 6.606309566329818e-14
1.0387631065436362 6.606175367579675e-14
1.0629835078839296 6.6063975273201e-14
1.0877686461092637 6.606242429810655e-14
1.1131316889514546 6.60617277002746e-14
1.1390861111687691 6.606367674109594e-14
1.16564570170473 6.606189829112943e-14
1.1928245710138414 6.606221561437345e-14
1.2206371585581264 6.606292415409176e-14
1.2490982404784545 6.606355537865689e-14
1.2782229374447416 6.606418047851537e-14
1.3080267226891875 6.606265108275852e-14
1.3385254302268237 6.606101640112043e-14
1.369735263267732 6.606226209718873e-14
1.4016728028254128 6.60625382401698e-14
1.4343550165258654 6.606351906827267e-14
1.4677992676220706 6.606445001492357e-14
1.5020233242186567 6.606485884608473e-14
1.5370453687116559 6.606237617754482e-14
1.5728840074483612 6.606313129580453e-14
1.6095582806124205 6.606466944318552e-14
1.6470876723394143 6.606398243836602e-14
1.6854921210682972 6.605995671891116e-14
1.7247920301341966 6.605944084203802e-14
1.7650082786082029 6.606169676565052e-14
1.8061622323899016 6.606443556281125e-14
1.848275755558551 6.606108923817762e-14
1.8913712219889245 6.606042269016683e-14
1.935471527238 6.606090343118835e-14
1.9806001007088037 6.606216709942586e-14
2.0267809180978715 6.606138413862836e-14
2.0740385141329463 6.606214969867397e-14
2.1223979956076717 6.606204527219643e-14
2.171885054720213 6.60611422603456e-14
2.222525982722885 6.606244995083935e-14
2.274347683890048 6.606207032967129e-14
2.327377689811681 6.606484850381384e-14
2.3816441740202396 6.605973187542163e-14
2.437175966958554 6.606202285076037e-14
2.4940025712967335 6.606296509207472e-14
2.552154177606206 6.606289147034018e-14
2.611661680399223 6.606216611641495e-14
2.6725566945423505 6.606246856294223e-14
2.7348715720526675 6.606321382726145e-14
2.7986394192855935 6.606434576609374e-14
2.863894114523477 6.606456137007126e-14
2.9306703259742912 6.60646014095812e-14
2.999003530189995 6.606795504124628e-14
3.068930030914351 6.606481604036118e-14
3.1404869783702067 6.606296381066038e-14
3.21371238899649 6.605917912069261e-14
3.2886451656454048 6.606449932706804e-14
3.3653251182505572 6.606215348057756e-14
3.443792984976987 6.606400507658564e-14
3.5240904538643507 6.606398100615879e-14
3.6062601849747473 6.60595049889095e-14
3.6903458330569543 6.606376928407776e-14
3.77639207073912 6.606004998267982e-14
3.8644446122622242 6.606546036088137e-14
3.9545502377669295 6.60643134521963e-14
4.046756818146711 6.606295392720231e-14
4.141113340480481 6.606183750110389e-14
4.237669934058216 6.606485838815418e-14
4.336477897013409 6.605588347671483e-14
4.437589723576497 6.605782912857174e-14
4.541059131963759 6.606633571121415e-14
4.646941092916466 6.606521234260473e-14
4.755291858905486 6.606067029958069e-14
4.866168994016832 6.606364425865172e-14
4.979631404534034 6.605925094167149e-14
5.0957393702336 6.6071123708497e-14
5.214554576410165 6.60714346588505e-14
5.336140146648369 6.606157468787061e-14
5.4605606763588606 6.606038502935081e-14
5.587882267096237 6.605501641646844e-14
5.718172561677172 6.606759806321292e-14
5.851500780117376 6.606621126696744e-14
5.987937756406471 6.606606607631433e-14
6.127555976140354 6.606682988406166e-14
6.270429615030991 6.605891963135152e-14
6.416634578314149 6.606955151571598e-14
6.566248541075969 6.606341212768185e-14
6.719350989519823 6.605927234362032e-14
6.87602326319537 6.606667055080633e-14
7.036348598212252 6.606094126788079e-14
7.200412171461376 6.606491094273442e-14
7.368301145867304 6.605504633915351e-14
7.540104716695753 6.607451544557347e-14
7.715914158940838 6.606195793284769e-14
7.8958228758172275 6.606617398296956e-14
8.07992644838296 6.606809539422417e-14
8.2683226863193 6.607806498981277e-14
8.461111679894604 6.607240415364232e-14
8.658395853139817 6.6048050099957e-14
8.860280018263818 6.608374790533298e-14
9.066871431337571 6.605063566816016e-14
9.278279849276613 6.606341620751626e-14
9.494617588152204 6.606488863335012e-14
9.715999582862075 6.608079174270198e-14
9.942543448192506 6.60664545139565e-14
10.17436954130415 6.605408476903816e-14
10.411601025674827 6.606684215518977e-14
10.654363936533231 6.605921396615989e-14
10.902787247818345 6.606337875606013e-14
11.157002940700098 6.606927883817983e-14
11.417146073697703 6.605021707779046e-14
11.683354854432924 6.605177181683866e-14
11.955770713056356 6.605361344229691e-14
12.234538377385784 6.606031924315516e-14
12.519805949796487 6.605261122726249e-14
12.811724985904382 6.605875096250209e-14
13.110450575083778 6.604449451048237e-14
13.416141422862523 6.607099214252685e-14
13.72895993523834 6.607350003459419e-14
14.04907230496112 6.606694827861692e-14
14.37664859982702 6.607481816537015e-14
14.711862853031292 6.607120983131785e-14
15.054893155627816 6.607014834282938e-14
15.405921751144481 6.606118578303178e-14
15.765135132404664 6.607580890358219e-14
16.132724140606275 6.608678183139648e-14
16.50888406671095 6.605635961775385e-14
16.89381475519735 6.608433958224105e-14
17.287720710233557 6.609228923469217e-14
17.690811204325115 6.60358471387665e-14
18.103300389496336 6.608188562594802e-14
18.52540741106398 6.604441548237317e-14
18.957356524063755 6.607849338203289e-14
19.399377212391464 6.607068924578035e-14
19.85170431072216 6.606116668058378e-14
20.314578129271972 6.603775777849859e-14
20.788244581469023 6.607338573821037e-14
21.272955314601134 6.606125440694702e-14
21.76896784350983 6.608445532066543e-14
22.27654568740161 6.608956886631304e-14
22.79595850984919 6.605299759206162e-14
23.327482262057103 6.605969355874999e-14
23.871399329467756 6.607144098737765e-14
24.427998681785848 6.606310235075528e-14
24.997576026500827 6.605197968762348e-14
25.580433965988984 6.60791862611371e-14
26.176882158278623 6.608434307160029e-14
26.787237481563718 6.608832109514627e-14
27.411824202553472 6.606735049624932e-14
28.050974148747212 6.603604591615883e-14
28.705026884726152 6.605684086924042e-14
29.374329892555654 6.60291081954114e-14
30.05923875639388 6.609326763529683e-14
30.760117351404876 6.608244204023137e-14
31.477338037076432 6.613618028590546e-14
32.21128185504559 6.599526620250113e-14
32.962338731536356 6.60284711121542e-14
33.730907684518286 6.612164003623471e-14
34.51739703569462 6.609451254843812e-14
35.322224627433556 6.600553248202944e-14
36.14581804475762 6.605061447952379e-14
36.98861484250899 6.60221058354584e-14
37.851062777811606 6.600521873098497e-14
38.733620047953465 6.609254758286297e-14
39.63675553381552 6.60831540350972e-14
40.5609490489765 6.606858564835029e-14
41.506691594626034 6.607710486577276e-14
42.47448562042145 6.609134711994993e-14
43.46484529142686 6.602855853277534e-14
44.4782967612764 6.606240917865955e-14
45.515378451706574 6.597321058000681e-14
46.576641338606535 6.613085131491155e-14
47.66264924473788 6.604181311320792e-14
48.773979139279795 6.609352476996372e-14
49.911221444358546 6.605336664121158e-14
51.07498034872413 6.600211577905424e-14
52.265874128740876 6.610151937945837e-14
53.48453547686238 6.607657480552236e-14
54.731611837765406 6.610711303887992e-14
56.00776575232122 6.609966404342744e-14
57.31367520958723 6.60756269344874e-14
58.650034007005786 6.607593640940996e-14
60.017552119001664 6.596107013301759e-14
61.416956074173925 6.603463900933839e-14
62.84898934128261 6.61618902185452e-14
64.31441272423535 6.608961934577781e-14
65.81400476628369 6.603793885029007e-14
67.34856216364385 6.600025334566021e-14
68.91890018876182 6.603976428351601e-14
70.52585312344742 6.604550327301565e-14
72.17027470210763 6.600118564956985e-14
73.8530385653146 6.600714518557297e-14
75.57503872394936 6.6090807788349e-14
77.33719003416762 6.605223780979267e-14
79.14042868344033 6.608307545932186e-14
80.98571268792693 6.604584070711173e-14
82.87402240144569 6.605084788260559e-14
84.80636103631147 6.609572949700153e-14
86.78375519631766 6.602316521524312e-14
88.80725542214539 6.599801688658787e-14
90.8779367494899 6.618920193767186e-14
92.99689928020044 6.606316696214037e-14
95.16526876673713 6.62342638945862e-14
97.38419721025556 6.60536285549706e-14
99.6548634726365 6.62312737393871e-14
101.97847390278609 6.610537378035218e-14
104.35626297753925 6.616551552309831e-14
106.78949395750668 6.611238890386901e-14
109.27945955821409 6.609488085937918e-14
111.82748263689002 6.597973145800006e-14
114.43491689526716 6.588639396758493e-14
117.10314759877073 6.595775527331838e-14
119.8335923124757 6.586055826064964e-14
122.62770165422418 6.60485924058695e-14
125.4869600653028 6.611626512911589e-14
128.41288659908975 6.610696153423563e-14
131.40703572809028 6.630197780957134e-14
134.4709981697896 6.621194792432367e-14
137.6064017317617 6.591406255608202e-14
140.8149121764835 6.587070838800149e-14
144.09823410631301 6.598663912277303e-14
147.45811186910282 6.631084654496967e-14
150.89633048492877 6.596450198336504e-14
154.41471659442715 6.609845952923989e-14
158.01513942924367 6.61014311640268e-14
161.6995118051102 6.593940635103162e-14
165.46979113807643 6.607421445957401e-14
169.32798048443664 6.612246438398042e-14
173.27612960490418 6.609898636410065e-14
177.3163360535986 6.652295798874395e-14
181.45074629242436 6.614152264401793e-14
185.68155683143308 6.586483154480418e-14
190.01101539577502 6.600664623247949e-14
194.44142211985996 6.616961770196585e-14
198.9751307693619 6.588407597636038e-14
203.61454999171644 6.594069987319734e-14
208.36214459577587 6.593474080603444e-14
213.2204368613011 6.604905171678768e-14
218.19200787898666 6.611549654998205e-14
223.27949892173046 6.607046694492056e-14
228.48561284787684 6.617551732929774e-14
233.81311553717836 6.595395217774145e-14
239.2648373602396 6.614407935749414e-14
244.8436746822229 6.617505293231141e-14
250.55259140161598 6.614683390539102e-14
256.3946205248776 6.602069919070758e-14
262.37286577779935 6.61220140237742e-14
268.49050325443824 6.605045289689943e-14
274.7507831044972 6.618810348212046e-14
281.15703126004934 6.60758386274364e-14
287.7126512025234 6.599673027273088e-14
294.4211257708895 6.631211802504385e-14
301.2860190120053 6.569578245188992e-14
308.3109780741064 6.658109727138161e-14
315.4997351444457 6.59693062157471e-14
322.8561094321127 6.585512817060878e-14
330.38400919708465 6.647598288795754e-14
338.08743382658884 6.591465622444351e-14
345.970475959878 6.630131787683157e-14
354.0373236625486 6.601851252970706e-14
362.2922626515567 6.61432690687889e-14
370.7396785721134 6.621336341590415e-14
379.3840593276699 6.63490489684259e-14
388.22999746422977 6.603784934652605e-14
397.28219261025527 6.588729685369081e-14
406.54545397346374 6.613554547826863e-14
416.02470289584096 6.607141068353126e-14
425.7249754682287 6.640018086558275e-14
435.6514252058753 6.632942323345294e-14
445.8093257863709 6.594289821746783e-14
456.2040738514225 6.606862708843897e-14
466.841191873956 6.575412973818817e-14
477.72633109207 6.679844396672347e-14
488.86527451139875 6.539638820074849e-14
500.26393997748045 6.612304961614838e-14
511.92838331976236 6.500038505805227e-14
523.8648015689132 6.605314609619662e-14
536.079536249153 6.649792736580956e-14
548.5790767473477 6.594530757651291e-14
561.3700637606607 6.682619391413509e-14
574.4592928245908 6.530585400563643e-14
587.8537179232724 6.647449690791915e-14
601.560455183956 6.598160135427492e-14
615.5867866576306 6.63278458470463e-14
629.940164187797 6.701243946320579e-14
644.6282133694491 6.587718614347963e-14
659.6587376003637 6.522087290882462e-14
675.039722226853 6.62513445230354e-14
690.7793387861822 6.63823365940036e-14
706.885949347905 6.529838693424388e-14
723.368110956425 6.633458235791709e-14
740.2345801771418 6.551582900992178e-14
757.4943177485981 6.676529228848833e-14
775.1564933430986 6.531645379831511e-14
793.2304904383309 6.543861138333884e-14
811.7259113025749 6.665235300747208e-14
830.6525820961508 6.608028698037452e-14
850.0205580918159 6.649510345022219e-14
869.8401290168822 6.590575615817685e-14
890.1218245198946 6.686794379613931e-14
910.8764197647733 6.657468402281173e-14
932.1149411553916 6.487150319012149e-14
953.848672193633 6.685940464866543e-14
976.0891594740359 6.612015203802505e-14
998.8482188182152 6.459443150324566e-14
1022.1379415523157 6.628622009129755e-14
1045.9707009308356 6.666941085934303e-14
1070.3591587102305 6.780636786036243e-14
1095.3162718757928 6.6800000722259e-14
1120.8552995253765 6.52758330415417e-14
1146.98980991363 6.503451115181477e-14
1173.7336876604738 6.602143323267632e-14
1201.1011411276565 6.472282499718757e-14
1229.1067099673062 6.661845360328324e-14
1257.7652728464884 6.560267427337945e-14
1287.0920553518754 6.634433375730595e-14
1317.1026380787234 6.527596580322575e-14
1347.812964908458 6.870791067834647e-14
1379.239351479266 6.706388251421794e-14
1411.3984938541882 6.739363172249376e-14
1444.3074773913293 6.653105954836059e-14
1477.9837858208825 6.411732008104969e-14
1512.445310533807 6.635688845483996e-14
1547.71036008708 6.640721294932973e-14
1583.797669930582 6.584919323173224e-14
1620.7264123607779 6.558757152964096e-14
1658.5162067064848 6.673055256549412e-14
1697.1871297521373 6.539597527009406e-14
1736.7597264040865 6.791323733333843e-14
1777.255020605602 6.366068269207555e-14
1818.6945265063737 6.453050783424225e-14
1861.1002598924472 6.669691895689193e-14
1904.4947498826687 6.86496392384232e-14
1948.9010508978479 6.868023534518004e-14
1994.3427549090043 6.837080335045592e-14
2040.8440039711966 6.755773810395188e-14
2088.4295030496014 6.679357932287301e-14
2137.124533144652 6.451521577774102e-14
2186.9549647232075 6.524524707045355e-14
2237.947271462894 6.594934016933384e-14
2290.1285443169163 6.560288404035906e-14
2343.5265059068115 6.471041881746514e-14
2398.169525250793 6.547382003945296e-14
2454.086632835509 6.613159854283882e-14
2511.3075360392254 6.734011876183794e-14
2569.8626349146184 6.557935868438122e-14
2629.783038339575 6.489857368150571e-14
2691.100580544569 6.688737782215803e-14
2753.8478380254037 6.514838784009367e-14
2818.0581468502987 6.709685175581166e-14
2883.7656203705187 6.407280684725942e-14
2951.0051673439552 6.670175389258413e-14
3019.812510481288 6.871458708784809e-14
3090.2242054245785 6.943762842125049e-14
3162.2776601683795 6.524291409399467e-14
