# %ECSV 1.0
# ---
# datatype:
# - {name: mx, unit: MeV, datatype: float64}
# - {name: sigma_9, unit: cm2, datatype: float64}
# schema: astropy-2.0
mx sigma_9
3.162277660168379e-07 9.265452925622433e-32
3.2360111549336787e-07 1.0107223138752184e-31
3.311463862505236e-07 1.1022905980362286e-31
3.388675869043115e-07 1.2018636944655208e-31
3.4676881953794695e-07 1.3101012494794718e-31
3.548542818811901e-07 1.427711817321078e-31
3.6312826954049566e-07 1.5554557536027529e-31
3.715951782811629e-07 1.694148180322585e-31
3.8025950636269697e-07 1.844662008711903e-31
3.89125856928623e-07 2.007931004135385e-31
3.9819894045202297e-07 2.184952873411712e-31
4.0748357723809307e-07 2.3767923527958746e-31
4.169846999850535e-07 2.584584270286688e-31
4.2670735640476865e-07 2.8095365528396616e-31
4.3665671190447213e-07 3.0529331456244434e-31
4.4683805233101997e-07 3.3161368049007312e-31
4.572567867791303e-07 3.600591723639354e-31
4.6791845046510194e-07 3.907825943170849e-31
4.788287076675383e-07 4.239453500651281e-31
4.899933547366384e-07 4.59717625830735e-31
5.014183231736547e-07 4.9827853525638665e-31
5.131096827821533e-07 5.398162204276581e-31
5.250736448927506e-07 5.845279018844194e-31
5.373165656630395e-07 6.326198709684029e-31
5.4984494945446e-07 6.843074168546088e-31
5.626654522879044e-07 7.3981468106951054e-31
5.757848853798981e-07 7.993744318246198e-31
5.892102187612295e-07 8.63227750377658e-31
6.029485849799565e-07 9.31623622130671e-31
6.17007282890752e-07 1.0048184250832076e-30
6.313937815326057e-07 1.083075308894743e-30
6.461157240969403e-07 1.1666634580968731e-30
6.611809319882495e-07 1.2558572342313528e-30
6.765974089794179e-07 1.3509351920393617e-30
6.923733454639272e-07 1.4521789665763104e-30
7.085171228072106e-07 1.5598720289391193e-30
7.250373177994646e-07 1.6742983103734664e-30
7.419427072122865e-07 1.7957406962245304e-30
7.592422724615558e-07 1.924479392447508e-30
7.769452043790388e-07 2.0607901706224502e-30
7.950609080952509e-07 2.2049424993236763e-30
8.135990080361694e-07 2.3571975714773004e-30
8.325693530364543e-07 2.5178062408439752e-30
8.519820215718901e-07 2.687006882563544e-30
8.718473271138315e-07 2.8650231950931087e-30
8.921758236084957e-07 3.052061965363058e-30
9.12978311084014e-07 3.248310816243087e-30
9.342658413882192e-07 3.453935964711511e-30
9.560497240602198e-07 3.669080013675866e-30
9.78341532338879e-07 3.893859807273882e-30
1.0011531093113902e-06 4.128364376716268e-30
1.0244965742052174e-06 4.37265300864277e-30
1.048384328826741e-06 4.6267534614084825e-30
1.0728290641500308e-06 4.8906603610882154e-30
1.0978437670592484e-06 5.16433380669847e-30
1.1234417272482566e-06 5.447698203280054e-30
1.149636544281106e-06 5.740641356812254e-30
1.1764421348171486e-06 6.0430138438436534e-30
1.2038727400046132e-06 6.354628679006738e-30
1.2319429330465773e-06 6.675261289270328e-30
1.2606676269433496e-06 7.004649808603861e-30
1.2900620824153782e-06 7.342495698381485e-30
1.3201419160108953e-06 7.688464688521634e-30
1.3509231084026028e-06 8.042188042299434e-30
1.38242201287781e-06 8.403264128598956e-30
1.4146553640265304e-06 8.77126029245064e-30
1.447640286632156e-06 9.145715001017585e-30
1.4813943047694329e-06 9.52614024513549e-30
1.5159353511145682e-06 9.912024166637432e-30
1.5512817764724183e-06 1.0302833883632143e-29
1.587452359525819e-06 1.069801848079853e-29
1.6244663168122348e-06 1.1097012129788486e-29
1.6623433129330315e-06 1.1499237295046781e-29
1.7011034710007933e-06 1.1904108009322946e-29
1.740767383330235e-06 1.231103315110651e-29
1.7813561223783898e-06 1.2719419724672802e-29
1.8228912519398869e-06 1.3128676066294086e-29
1.8653948386032614e-06 1.3538214977782208e-29
1.908889463474389e-06 1.3947456744194744e-29
1.9533982341732686e-06 1.4355831998421523e-29
1.9989447971105317e-06 1.476278442382687e-29
2.045553350050195e-06 1.51677732615332e-29
2.0932486549653353e-06 1.5570275607839275e-29
2.1420560511935146e-06 1.5969788504919295e-29
2.192001468898943e-06 1.6365830766873606e-29
2.2431114428485372e-06 1.6757944601213494e-29
2.2954131265091837e-06 1.7145696966115666e-29
2.3489343064737076e-06 1.752868068881717e-29
2.403703417223201e-06 1.7906515351265043e-29
2.4597495562335635e-06 1.8278847936473806e-29
2.5171024994342686e-06 1.8645353253416796e-29
2.575792717027583e-06 1.9005734144577777e-29
2.635851389676631e-06 1.9359721501647313e-29
2.6973104250709106e-06 1.970707407868287e-29
2.760202474878063e-06 2.0047578147412968e-29
2.8245609520908932e-06 2.0381046980867603e-29
2.8904200487788716e-06 2.0707320216270098e-29
2.9578147542535346e-06 2.1026263071382257e-29
3.026780873657441e-06 2.1337765475786706e-29
3.097355046986562e-06 2.1641741086113002e-29
3.1695747685562034e-06 2.1938126249147094e-29
3.2434784069208122e-06 2.222687889091937e-29
3.319105225258239e-06 2.2507977354535876e-29
3.3964954022292982e-06 2.2781419219992374e-29
3.4756900533236943e-06 2.3047220087712281e-29
3.5567312527036693e-06 2.3305412358416844e-29
3.6396620555569646e-06 2.355604403152234e-29
3.7245265209709786e-06 2.3799177459493457e-29
3.811369735340273e-06 2.4034888183468494e-29
3.900237836319859e-06 2.4263263775424518e-29
3.991178037336996e-06 2.448440266462101e-29
4.0842386526745176e-06 2.4698413067113329e-29
4.179469123139017e-06 2.4905411922854427e-29
4.2769200423275275e-06 2.510552387500681e-29
4.376643183506652e-06 2.5298880302455945e-29
4.478691527118417e-06 2.5485618402794516e-29
4.583119288927478e-06 2.5665880333154415e-29
4.689981948824612e-06 2.5839812368462744e-29
4.799336280301815e-06 2.6007564146304303e-29
4.911240380614659e-06 2.6169287963893956e-29
5.0257537016479225e-06 2.6325138089032107e-29
5.142937081500915e-06 2.647527015578291e-29
5.262852776809252e-06 2.6619840595725657e-29
5.385564495820272e-06 2.675900611345779e-29
5.511137432239651e-06 2.689292320620943e-29
5.639638299867211e-06 2.702174772783915e-29
5.771135368040315e-06 2.714563451564348e-29
5.905698497903673e-06 2.726473700714719e-29
6.043399179524854e-06 2.7379206951019113e-29
6.184310569875183e-06 2.748919410347045e-29
6.32850753169624e-06 2.759484598449405e-29
6.47606667327258e-06 2.7696307673580284e-29
6.627066389131828e-06 2.779372162042717e-29
6.781586901693754e-06 2.788722744034586e-29
6.939710303890459e-06 2.797696186070125e-29
7.101520602780329e-06 2.806305850299358e-29
7.267103764178904e-06 2.814564789613843e-29
7.436547758330399e-06 2.822485730559193e-29
7.609942606644117e-06 2.8300810739111716e-29
7.787380429520604e-06 2.8373628916364095e-29
7.968955495292936e-06 2.844342917558174e-29
8.15476427030917e-06 2.8510325544034636e-29
8.344905470182516e-06 2.8574428668525216e-29
8.539480112236516e-06 2.863584587040728e-29
8.738591569173047e-06 2.8694681163515645e-29
8.942345623991688e-06 2.875103525799773e-29
9.150850526189614e-06 2.8805005625996123e-29
9.364217049271877e-06 2.885668652833756e-29
9.58255854960264e-06 2.8906169061247684e-29
9.805991026628606e-06 2.8953541249393755e-29
1.0034633184506672e-05 2.899888802946331e-29
1.0268606495168497e-05 2.90422913886784e-29
1.0508035262855554e-05 2.9083830382534974e-29
1.07530466901589e-05 2.9123581230557517e-29
1.1003770945598772e-05 2.9161617371327614e-29
1.1260341232779899e-05 2.919800951479796e-29
1.1522893861159297e-05 2.9232825767951654e-29
1.1791568318464117e-05 2.9266131667874493e-29
1.206650734479802e-05 2.929799024464223e-29
1.2347857008475478e-05 2.9328462126614246e-29
1.263576678362426e-05 2.935760561020097e-29
1.293038962959737e-05 2.938547670295517e-29
1.3231882072236462e-05 2.9412129220876165e-29
1.3540404287030327e-05 2.943761487331241e-29
1.3856120184212054e-05 2.9461983286793394e-29
1.4179197495840522e-05 2.948528213213331e-29
1.4509807864912299e-05 2.950755713533435e-29
1.484812693655133e-05 2.9528852199348596e-29
1.5194334451324849e-05 2.954920937647033e-29
1.5548614340735104e-05 2.9568669129455986e-29
1.5911154824937624e-05 2.958727013785455e-29
1.6282148512737936e-05 2.9605049514309447e-29
1.6661792503919872e-05 2.9622042874110405e-29
1.7050288493959805e-05 2.9638284314923086e-29
1.7447842881182494e-05 2.9653806529906576e-29
1.785466687641539e-05 2.966864084684791e-29
1.8270976615199758e-05 2.9682817243184266e-29
1.869699327261814e-05 2.969636445385881e-29
1.91329431807992e-05 2.970930999654328e-29
1.957905794916243e-05 2.9721680241229213e-29
2.003557458746648e-05 2.973350038570725e-29
2.0502735631726606e-05 2.9744794608700074e-29
2.0980789273068064e-05 2.9755586026957114e-29
2.1469989489583918e-05 2.976589674536846e-29
2.1970596181267336e-05 2.977574796529508e-29
2.2482875308090033e-05 2.9785159930999066e-29
2.3007099031300245e-05 2.979415202992763e-29
2.354354585801526e-05 2.980274285154638e-29
2.4092500789185385e-05 2.9810950076413305e-29
2.4654255471007912e-05 2.981879071961628e-29
2.5229108349871537e-05 2.9826281045062944e-29
2.5817364830913554e-05 2.983343657398387e-29
2.641933744027406e-05 2.984027210601623e-29
2.7035345991133382e-05 2.9846801897767824e-29
2.7665717753620915e-05 2.9853039507831727e-29
2.8310787628685666e-05 2.9858997908857183e-29
2.8970898326020842e-05 2.986468956978901e-29
2.964640054613707e-05 2.98701263125607e-29
3.033765316668089e-05 2.987531949746324e-29
3.104502343309761e-05 2.988028005397636e-29
3.176888715373972e-05 2.9885018221164274e-29
3.25096288995246e-05 2.988954397403381e-29
3.326764220824756e-05 2.9893866839090924e-29
3.4043329793658724e-05 2.9897995798849305e-29
3.483710375941493e-05 2.990193953226337e-29
3.5649385818020195e-05 2.990570635019348e-29
3.648060751487119e-05 2.990930409194567e-29
3.73312104575266e-05 2.9912740390737916e-29
3.820164655032238e-05 2.991602245285359e-29
3.90923782344573e-05 2.991915708347527e-29
4.0003878733676586e-05 2.9922151018689155e-29
4.093663230568398e-05 2.992501048029882e-29
4.1891134499415887e-05 2.992774148394142e-29
4.2867892418314344e-05 2.993034983404544e-29
4.386742498973848e-05 2.993284098783863e-29
4.489026324065786e-05 2.9935220178642035e-29
4.5936950579773975e-05 2.9937492424209543e-29
4.700804308621986e-05 2.9939662583392926e-29
4.8104109804991236e-05 2.9941735162609513e-29
4.922573304926602e-05 2.994371465697099e-29
5.0373508709772956e-05 2.9945605056213895e-29
5.154804657137365e-05 2.9947410500356863e-29
5.27499706370262e-05 2.9949134767938705e-29
5.397991945930254e-05 2.995078144396647e-29
5.5238546479635675e-05 2.9952354128939536e-29
5.6526520375476976e-05 2.995385598753389e-29
5.784452541554797e-05 2.9955290380665306e-29
5.9193261823375433e-05 2.9956660229632147e-29
6.057344614930286e-05 2.99579684290792e-29
6.198581165117595e-05 2.9959217779004937e-29
6.34311086839044e-05 2.9960410876259894e-29
6.491010509810695e-05 2.996155034240418e-29
6.642358664805138e-05 2.996263853541774e-29
6.797235740910648e-05 2.996367775087155e-29
6.955724020492732e-05 2.9964670193921295e-29
7.117907704460117e-05 2.996561799753775e-29
7.283872956998614e-05 2.9966523093229055e-29
7.453707951348025e-05 2.9967387498018195e-29
7.627502916646401e-05 2.99682129039903e-29
7.805350185866558e-05 2.9969001239317414e-29
7.987344244870308e-05 2.996975411558552e-29
8.173581782606456e-05 2.997047305915521e-29
8.364161742479263e-05 2.997115964808544e-29
8.559185374914618e-05 2.997181528963373e-29
8.758756291151902e-05 2.9972441440179034e-29
8.96298051829007e-05 2.997303943537283e-29
9.17196655561724e-05 2.9973610462238647e-29
9.385825432253677e-05 2.997415575528578e-29
9.604670766138824e-05 2.9974676561624966e-29
9.828618824393714e-05 2.99751738304094e-29
0.00010057788585090809 2.997564877227314e-29
0.00010292301800464121 2.9976102376622803e-29
0.00010532283061593165 2.997653548114587e-29
0.00010777859864595113 2.9976949019355464e-29
0.00011029162678360347 2.997734405247053e-29
0.00011286325013867351 2.997772132617552e-29
0.00011549483495113791 2.9978081524503074e-29
0.00011818777931701482 2.9978425567656215e-29
0.0001209435139311377 2.9978754047964856e-29
0.00012376350284724815 2.997906774293008e-29
0.00012664924425581149 2.9979367219411764e-29
0.00012960227127996844 2.9979653419321394e-29
0.00013262415279004548 2.9979926601193895e-29
0.00013571649423705693 2.9980187414345724e-29
0.0001388809385056415 2.998043665324719e-29
0.00014211916678688624 2.998067453170584e-29
0.00014543289947150178 2.998090177778575e-29
0.0001488238970638237 2.998111870729625e-29
0.00015229396111712465 2.998132593820716e-29
0.00015584493519073535 2.9981523831571205e-29
0.00015947870582948208 2.998171273258521e-29
0.00016319720356596128 2.998189311201563e-29
0.00016700240394618395 2.998206558451205e-29
0.00017089632857913436 2.998223010048065e-29
0.000174881046210801 2.9982387212710914e-29
0.00017895867382325032 2.9982537277993115e-29
0.0001831313777593269 2.9982680552291795e-29
0.00018740137487357792 2.99828173911259e-29
0.00019177093371001327 2.99829479144462e-29
0.000196242375707327 2.998307296330482e-29
0.00020081807643222024 2.99831920586802e-29
0.00020550046684148122 2.9983305786203095e-29
0.0002102920345734925 2.9983414724814765e-29
0.0002151953252698519 2.998351842828232e-29
0.00022021294392780895 2.998361765405974e-29
0.00022534755628423554 2.99837119297565e-29
0.0002306018902318662 2.9983802732379836e-29
0.00023597873726856003 2.9983888856707926e-29
0.0002414809539803547 2.9983971275003845e-29
0.0002471114635590999 2.998404983422566e-29
0.00025287325735547713 2.9984125281489567e-29
0.00025876939646823026 2.9984197139620584e-29
0.00026480301337045197 2.998426560810252e-29
0.000270977313573789 2.998433108652885e-29
0.00027729557733145163 2.998439354451273e-29
0.00028376116138093086 2.998445319566985e-29
0.0002903775007273506 2.998451012310296e-29
0.00029714811046840066 2.9984564449823195e-29
0.00030407658766182135 2.998461675873908e-29
0.00031116661323643183 2.998466616895054e-29
0.0003184219539477161 2.998471365729303e-29
0.00032584646437900766 2.998475910513809e-29
0.00033344408898933415 2.9984802103793727e-29
0.0003412188642090111 2.99848433680404e-29
0.0003491749205840977 2.9984882874946006e-29
0.0003573164849708539 2.9984920604358124e-29
0.0003656478827813646 2.998495634831878e-29
0.0003741735402815245 2.998499051499778e-29
0.0003828979869426037 2.9985023517436227e-29
0.000391825857847644 2.998505489455608e-29
0.000400961896153964 2.99850843952277e-29
0.0004103109556130814 2.998511374384082e-29
0.0004198780031493915 2.998514043765919e-29
0.00042966812149897106 2.998516609602933e-29
0.000439686511909911 2.998519161721127e-29
0.0004499384969056106 2.9985215343290763e-29
0.00046042952311250296 2.9985237925507804e-29
0.0004711651641537129 2.998525980740461e-29
0.00048215112361018567 2.9985280035143867e-29
0.0004933932380508582 2.998530006617458e-29
0.0005048974801334842 2.9985318823156434e-29
0.0005166699617777604 2.998533675993789e-29
0.0005287169374124361 2.9985353869674416e-29
0.0005410448072981404 2.998537006629936e-29
0.0005536601209276797 2.9985386107047875e-29
0.0005665695805056229 2.998540112292763e-29
0.0005797800445090163 2.998541555802956e-29
0.0005932985313311235 2.998542923984143e-29
0.000607132223010125 2.998544214964076e-29
0.0006212884690447563 2.99854546512407e-29
0.0006357747902989163 2.9985466464744694e-29
0.0006505988829973161 2.998547743324077e-29
0.0006657686228142928 2.998548823691784e-29
0.0006812920690579615 2.998549837702132e-29
0.0006971774689519261 2.9985508621599863e-29
0.0007134332620168255 2.998551850951992e-29
0.0007300680845540431 2.998552781112328e-29
0.0007470907742339592 2.99855358447461e-29
0.0007645103747911887 2.9985544557701706e-29
0.0007823361408292924 2.998555184131002e-29
0.00080057754273752 2.9985559183094696e-29
0.0008192442717221943 2.998556659753112e-29
0.0008383462449554094 2.998557341630287e-29
0.0008578936108437789 2.998558019106569e-29
0.0008778967544200344 2.9985586792825683e-29
0.000898366302860337 2.9985592843672995e-29
0.0009193131311302326 2.998559765058303e-29
0.0009407483677622533 2.998560281216929e-29
0.000962683400768232 2.998560830599099e-29
0.000985129883689471 2.9985613158606833e-29
0.0010080997417879817 2.998561872874706e-29
0.0010316051783820807 2.9985623273846015e-29
0.0010556586813297128 2.998562571840308e-29
0.0010802730296629402 2.9985631169767073e-29
0.001105461300377127 2.99856348889006e-29
0.0011312368753784248 2.9985637921879185e-29
0.0011576134485932472 2.9985642360980855e-29
0.0011846050332435167 2.9985645912212357e-29
0.0012122259692915415 2.9985649662448924e-29
0.0012404909310584848 2.998565312647103e-29
0.0012694149350204683 2.9985655569443745e-29
0.0012990133477864558 2.998565889039258e-29
0.0013293018942621524 2.998566196231644e-29
0.001360296666004259 2.9985662938895086e-29
0.001392014129769518 2.998566526592266e-29
0.0014244711362630968 2.9985667853696314e-29
0.0014576849290909482 2.9985669586810674e-29
0.0014916731539209149 2.998567326276204e-29
0.0015264538678574353 2.9985674933439495e-29
0.0015620455490348386 2.998567560396734e-29
0.0015984671064343198 2.9985679601089486e-29
0.0016357378899298156 2.9985680409467433e-29
0.0016738777005681136 2.998568300981549e-29
0.0017129068010886602 2.9985683923793313e-29
0.0017528459266886532 2.9985685017696405e-29
0.00179371629603914 2.9985687458773935e-29
0.0018355396225579732 2.9985688066285455e-29
0.0018783381259456144 2.99856898637611e-29
0.0019221345439899109 2.998569046418634e-29
0.001966952144646121 2.998569258039158e-29
0.0020128147383986056 2.998569307982536e-29
0.002059746690910748 2.99856936380221e-29
0.0021077729359698315 2.9985695399692144e-29
0.0021569189887337423 2.9985695560675643e-29
0.002207210959286545 2.998569677799464e-29
0.0022586755665101248 2.99856986919499e-29
0.0023113401522792685 2.9985700010891796e-29
0.0023652326959877285 2.998569983062809e-29
0.0024203818294129824 2.998570141515345e-29
0.0024768168519275916 2.998570137902945e-29
0.002534567746065232 2.998570140996131e-29
0.0025936651934496745 2.998570569482807e-29
0.0026541405910951734 2.9985703725470205e-29
0.0027160260680869266 2.998570327978833e-29
0.0027793545026504624 2.9985706904469786e-29
0.002844159539619031 2.99857053119549e-29
0.0029104756083082714 2.9985707088471966e-29
0.0029783379408076585 2.9985706592817924e-29
0.0030477825906984404 2.998570799711191e-29
0.0031188464522080173 2.998570724478991e-29
0.0031915672798109355 2.9985707424833e-29
0.0032659837082868936 2.998570839825817e-29
0.003342135273246469 2.99857107665357e-29
0.0034200624321353945 2.998571115144376e-29
0.0034998065857286074 2.998570858995994e-29
0.0035814101001254554 2.998570820482432e-29
0.003664916329257761 2.9985712766431195e-29
0.0037503696379226933 2.998571279000213e-29
0.0038378154253526898 2.998570945408147e-29
0.003927300149334948 2.9985712598100845e-29
0.004018871350893299 2.998571495029247e-29
0.00411257767954558 2.9985709110967077e-29
0.004208468919149921 2.998571149989795e-29
0.004306596014353682 2.9985711262490667e-29
0.004407011097659079 2.9985714441848924e-29
0.004509767517119906 2.9985714780235654e-29
0.004614919864684026 2.9985717201165197e-29
0.004722524005196735 2.99857152038234e-29
0.004832637106080367 2.9985717327565754e-29
0.004945317667705937 2.998571959792712e-29
0.005060625554472947 2.9985714816959696e-29
0.005178622026613854 2.9985714777756684e-29
0.005299369772740128 2.9985719372977184e-29
0.005422932943147155 2.9985719488816805e-29
0.0055493771838957115 2.9985717144097317e-29
0.00567876967168809 2.9985717152577734e-29
0.005811179149557424 2.998570960174427e-29
0.0059466759633891655 2.998571650616515e-29
0.006085332099294114 2.998571372773273e-29
0.006227221221852859 2.9985715304474436e-29
0.006372418713251954 2.9985718543378976e-29
0.006521001713332612 2.9985719129054063e-29
0.006673049160573193 2.9985717153613243e-29
0.006828641834027273 2.9985713501427704e-29
0.006987862396239558 2.998571944967965e-29
0.00715079543716245 2.998571293055148e-29
0.007317527519096606 2.998571414341952e-29
0.007488147222679345 2.9985715874127945e-29
0.007662745193945353 2.998571481478739e-29
0.007841414192484688 2.998572174253444e-29
0.008024249140723652 2.9985715803342255e-29
0.008211347174354735 2.9985717850834535e-29
0.008402807693942412 2.9985719552438435e-29
0.008598732417732204 2.998571618313029e-29
0.008799225435691074 2.998571285135309e-29
0.009004393264807849 2.9985715386865657e-29
0.009214344905683071 2.998571793557191e-29
0.009429191900438323 2.9985717964301915e-29
0.009649048391975805 2.9985711198526555e-29
0.009874031184619632 2.998572105684961e-29
0.010104259806171096 2.998571408528747e-29
0.01033985657141083 2.9985716498229797e-29
0.010580946647081629 2.9985721600264083e-29
0.010827658118386449 2.998571476262638e-29
0.011080122057036918 2.998572865551173e-29
0.011338472590888495 2.9985714773470656e-29
0.01160284697519928 2.9985720011137983e-29
0.01187338566555036 2.998572434149881e-29
0.012150232392466372 2.998571858114544e-29
0.012433534237775993 2.998572134699417e-29
0.01272344171275288 2.998572115249139e-29
0.013020108838078586 2.998570950765521e-29
0.013323693225669961 2.998571373021634e-29
0.013634356162414448 2.998571924323818e-29
0.013952262695857842 2.9985705337121046e-29
0.014277581721889965 2.998571757253822e-29
0.014610486074474885 2.9985720022823955e-29
0.014951152617473332 2.998570443339689e-29
0.015299762338606094 2.998572122725815e-29
0.015656500445608335 2.9985713366709285e-29
0.016021556464625875 2.9985705126538e-29
0.016395124340905766 2.9985715225242e-29
0.016777402541834602 2.998571900015348e-29
0.017168594162379338 2.9985733022350486e-29
0.01756890703298664 2.9985708373537106e-29
0.017978553829998065 2.9985721538193635e-29
0.01839775218863974 2.998571801997134e-29
0.01882672481864659 2.9985731761667054e-29
0.01926569962258253 2.99857143983258e-29
0.019714909816919448 2.998573521288364e-29
0.020174594055939365 2.9985727507819457e-29
0.02064499655852557 2.998571487893778e-29
0.021126367237910063 2.998571285725292e-29
0.021618961834446313 2.9985721676764016e-29
0.02212304205147776 2.9985699749035944e-29
0.022638875694374342 2.9985707839402164e-29
0.0231667368128109 2.998570308145491e-29
0.02370690584636297 2.9985707732262415e-29
0.024259669773497434 2.998571149943976e-29
0.024825322264037063 2.99857211770769e-29
0.025404163835180054 2.998572427856251e-29
0.025996502011157406 2.998571732401499e-29
0.026602651486612925 2.9985724908642283e-29
0.027222934293792744 2.9985706886816334e-29
0.027857679973633073 2.998570424808247e-29
0.02850722575083718 2.9985729685560097e-29
0.02917191671303455 2.998571533582679e-29
0.029852105994117403 2.998572030257895e-29
0.030548154961852016 2.998570880853962e-29
0.031260433409864494 2.9985719469101864e-29
0.031989319754103004 2.9985727384160203e-29
0.0327352012338808 2.998571279215081e-29
0.03349847411760691 2.99857192627487e-29
0.034279543913313774 2.9985731790706694e-29
0.03507882558409363 2.998571268402834e-29
0.03589674376855814 2.9985716777638307e-29
0.03673373300643846 2.998571414267626e-29
0.037590237969445384 2.998573109036537e-29
0.038466713697512506 2.998575256748201e-29
0.03936362584054766 2.998574847872315e-29
0.04028145090582124 2.998570653960551e-29
0.04122067651112274 2.998571934963662e-29
0.04218180164382002 2.998572484797387e-29
0.043165336925959 2.998572288670408e-29
0.044171804885544536 2.998571624967403e-29
0.04520174023414663 2.9985741857062123e-29
0.046255690150979495 2.998571536228079e-29
0.047334214573604344 2.998569125883631e-29
0.048437886495410414 2.9985700419170036e-29
0.04956729227003216 2.9985720314158703e-29
0.05072303192286451 2.9985762905433173e-29
0.051905719469841495 2.998569495062323e-29
0.05311598324364777 2.998567904055619e-29
0.05435446622753626 2.998570638859577e-29
0.05562182639692926 2.9985753824705637e-29
0.056918737068984544 2.9985740580505264e-29
0.058245887260312136 2.9985719013413684e-29
0.05960398205303182 2.998569137304365e-29
0.06099374296936585 2.998575759239748e-29
0.06241590835496589 2.9985722013789777e-29
0.06387123377117784 2.9985692593726253e-29
0.06536049239645289 2.998573894352764e-29
0.06688447543711816 2.9985706398034394e-29
0.06844399254772507 2.998568666715452e-29
0.0700398722611988 2.9985757104887587e-29
0.0716729624290174 2.9985699025784166e-29
0.07334413067165428 2.998574531248941e-29
0.07505426483952363 2.998575374181278e-29
0.07680427348467332 2.998566203262249e-29
0.07859508634347626 2.9985685231480416e-29
0.08042765483057629 2.998572630565266e-29
0.08230295254435131 2.9985662473259923e-29
0.08422197578416211 2.99857327803663e-29
0.08618574407966152 2.9985758600552057e-29
0.08819530073244539 2.998570243129259e-29
0.09025171337033296 2.998564103088756e-29
0.09235607451457113 2.99857511875094e-29
0.09450950216026408 2.998576371335774e-29
0.09671314037033632 2.9985701512668837e-29
0.09896815988334524 2.998570425068797e-29
0.10127575873546546 2.998574713668177e-29
0.10363716289697593 2.998582151935853e-29
0.10605362692358762 2.9985717592550935e-29
0.10852643462295801 2.9985621217390313e-29
0.11105689973674641 2.9985754866632097e-29
0.11364636663857243 2.998571531074262e-29
0.11629621104824843 2.9985807517028173e-29
0.1190078407626656 2.9985661533113005e-29
0.12178269640372161 2.998574190341121e-29
0.12462225218368743 2.9985714817679436e-29
0.1275280166884199 2.998563217935494e-29
0.13050153367883624 2.998577106105874e-29
0.1335443829110759 2.9985791192737314e-29
0.13665818097578622 2.998570265191231e-29
0.13984458215697693 2.998575556266787e-29
0.14310527931090045 2.998568602193275e-29
0.14644200476542463 2.998574255697464e-29
0.14985653124037576 2.9985704483440896e-29
0.15335067278934078 2.998571173708992e-29
0.1569262857634292 2.9985758231844726e-29
0.1605852697975066 2.9985836875030425e-29
0.16432956881942368 2.9985782079837854e-29
0.16816117208277714 2.998571144665677e-29
0.172082115223751 2.998570135430334e-29
0.1760944813425998 2.998571404734187e-29
0.1802004021103484 2.9985671924662533e-29
0.18440205890129596 2.998570385262699e-29
0.18870168395192646 2.998570762282806e-29
0.1931015615468407 2.9985744632414435e-29
0.1976040292323402 2.998570235215101e-29
0.20221147905830805 2.9985674164537145e-29
0.20692635884904578 2.9985583989561944e-29
0.21175117350374192 2.9985613905408385e-29
0.2166884863272632 2.9985769801556363e-29
0.22174092039197504 2.9985684189481526e-29
0.22691115993131514 2.998580233328562e-29
0.23220195176586036 2.998568641150428e-29
0.2376161067626448 2.998576803671823e-29
0.24315650132850383 2.9985721634220493e-29
0.24882607893823822 2.998570758072992e-29
0.25462785169840935 2.998569072218705e-29
0.2605649019475973 2.9985773440476163e-29
0.26664038389397104 2.998565520612063e-29
0.27285752529104135 2.998574707111382e-29
0.2792196291524867 2.998571132662681e-29
0.2857300755069626 2.99857207514914e-29
0.2923923231938275 2.998567200558544e-29
0.2992099117007387 2.9985483258608477e-29
0.3061864630440946 2.9985807796497713e-29
0.31332568369332287 2.998594998834718e-29
0.32063136654003577 2.99857477377542e-29
0.3281073929131 2.998560843376076e-29
0.3357577346406907 2.998550126751939e-29
0.343586456160426 2.9985855921270667e-29
0.3515977166787018 2.9985609632356037e-29
0.359795772380376 2.9985627339225835e-29
0.368184978689974 2.998565686522242e-29
0.3767697925856183 2.998576026805885e-29
0.38555477496691104 2.998576735907972e-29
0.394544593078027 2.998601452562675e-29
0.4037440229873054 2.9985789006501845e-29
0.4131579521246571 2.9985922723570376e-29
0.42279138187813525 2.998552402595382e-29
0.43264943025104924 2.998569389489584e-29
0.4427373345810337 2.998563397816502e-29
0.4530604543225162 2.998551083972288e-29
0.4636242738940635 2.998586926329512e-29
0.47443440559211736 2.9985632233935245e-29
0.48549659257266914 2.998534636886749e-29
0.4968167119024568 2.9985761551987314e-29
0.5084007776813051 2.998568217550666e-29
0.5202549442372687 2.998593306401228e-29
0.5323855093962742 2.998596000249446e-29
0.5447989178279997 2.998568712328883e-29
0.557501764469769 2.9985522290295137e-29
0.5705007980302781 2.99858620923977e-29
0.5838029245750183 2.998570762468256e-29
0.5974152111952977 2.998563053939242e-29
0.6113448897628128 2.998595742818377e-29
0.6255993607717623 2.9985647220177606e-29
0.6401861972705483 2.9985653790334027e-29
0.6551131488851486 2.9985386361434e-29
0.6703881459363026 2.998584762158322e-29
0.686019303652694 2.998607273424641e-29
0.7020149264823721 2.9986196385034625e-29
0.7183835125046995 2.998571685948966e-29
0.7351337579451718 2.998519396248984e-29
0.7522745617955077 2.998567455343724e-29
0.7698150305414633 2.998593642349128e-29
0.7877644830008832 2.998536097126728e-29
0.8061324552745581 2.9986225625257455e-29
0.8249287058125218 2.998494872728261e-29
0.8441632205984669 2.9985540711368703e-29
0.8638462184550629 2.9985937409584233e-29
0.8839881564729563 2.9985931856302895e-29
0.9045997355663667 2.998568206520499e-29
0.9256919061582187 2.99859315486103e-29
0.9472758739978306 2.9985450973673894e-29
0.9693631061142522 2.9985786314057906e-29
0.9919653369084147 2.9985605048776477e-29
1.0150945743873274 2.998602105556941e-29
1.0387631065436362 2.998540747313925e-29
1.0629835078839296 2.9986411601036536e-29
1.0877686461092637 2.998570355178974e-29
1.1131316889514546 2.9985383486976444e-29
1.1390861111687691 2.9986264450828043e-29
1.16564570170473 2.9985453675730887e-29
1.1928245710138414 2.998559433020888e-29
1.2206371585581264 2.998591270974632e-29
1.2490982404784545 2.9986196141314126e-29
1.2782229374447416 2.9986476931368943e-29
1.3080267226891875 2.9985779930855844e-29
1.3385254302268237 2.998503526715391e-29
1.369735263267732 2.9985598125370616e-29
1.4016728028254128 2.998572101993327e-29
1.4343550165258654 2.998616388032262e-29
1.4677992676220706 2.9986584204624195e-29
1.5020233242186567 2.998676764215904e-29
1.5370453687116559 2.9985638727157146e-29
1.5728840074483612 2.9985979531211695e-29
1.6095582806124205 2.998667583905589e-29
1.6470876723394143 2.9986362236467524e-29
1.6854921210682972 2.998453327570859e-29
1.7247920301341966 2.99842975038684e-29
1.7650082786082029 2.998531992188802e-29
1.8061622323899016 2.99865615846205e-29
1.848275755558551 2.9985041285328307e-29
1.8913712219889245 2.998473739631875e-29
1.935471527238 2.9984954320981825e-29
1.9806001007088037 2.998552667299412e-29
2.0267809180978715 2.998517011769183e-29
2.0740385141329463 2.9985516486990557e-29
2.1223979956076717 2.998546802140716e-29
2.171885054720213 2.998505712674946e-29
2.222525982722885 2.998564971200723e-29
2.274347683890048 2.9985476473259303e-29
2.327377689811681 2.9986736594619014e-29
2.3816441740202396 2.998441331763636e-29
2.437175966958554 2.9985452378787254e-29
2.4940025712967335 2.998587928754156e-29
2.552154177606206 2.998584513290243e-29
2.611661680399223 2.9985515191235275e-29
2.6725566945423505 2.998565179813307e-29
2.7348715720526675 2.998598943055511e-29
2.7986394192855935 2.998650260132134e-29
2.863894114523477 2.9986599877384176e-29
2.9306703259742912 2.99866174916406e-29
2.999003530189995 2.9988139165131677e-29
3.068930030914351 2.9986713867200625e-29
3.1404869783702067 2.9985872655843135e-29
3.21371238899649 2.9984154326210863e-29
3.2886451656454048 2.9986568714706564e-29
3.3653251182505572 2.9985503514528323e-29
3.443792984976987 2.9986343545369534e-29
3.5240904538643507 2.998633223269366e-29
3.6062601849747473 2.998430020571276e-29
3.6903458330569543 2.998623541022771e-29
3.77639207073912 2.998454688793384e-29
3.8644446122622242 2.998700232837957e-29
3.9545502377669295 2.998648144111912e-29
4.046756818146711 2.998586406097488e-29
4.141113340480481 2.9985357036464533e-29
4.237669934058216 2.998672794358786e-29
4.336477897013409 2.9982653992187896e-29
4.437589723576497 2.9983536875935854e-29
4.541059131963759 2.998739776528379e-29
4.646941092916466 2.99868876492657e-29
4.755291858905486 2.998482581001851e-29
4.866168994016832 2.998617548285096e-29
4.979631404534034 2.9984181169187064e-29
5.0957393702336 2.99895700130487e-29
5.214554576410165 2.9989710975404885e-29
5.336140146648369 2.9985235383636507e-29
5.4605606763588606 2.998469523746656e-29
5.587882267096237 2.998225827850194e-29
5.718172561677172 2.9987968921141293e-29
5.851500780117376 2.9987339314146914e-29
5.987937756406471 2.998727328039932e-29
6.127555976140354 2.998761984259607e-29
6.270429615030991 2.9984029269814534e-29
6.416634578314149 2.998885494692536e-29
6.566248541075969 2.998606817715334e-29
6.719350989519823 2.9984189032493865e-29
6.87602326319537 2.9987546962823383e-29
7.036348598212252 2.9984946353696975e-29
7.200412171461376 2.998674809016659e-29
7.368301145867304 2.998227047495002e-29
7.540104716695753 2.999110738344983e-29
7.715914158940838 2.998540747144506e-29
7.8958228758172275 2.99873210490902e-29
8.07992644838296 2.9988193103295583e-29
8.2683226863193 2.999271821320788e-29
8.461111679894604 2.999014870288312e-29
8.658395853139817 2.9979094377078315e-29
8.860280018263818 2.999529748583679e-29
9.066871431337571 2.998026784230018e-29
9.278279849276613 2.998606885180514e-29
9.494617588152204 2.998673713054271e-29
9.715999582862075 2.9993955471075645e-29
9.942543448192506 2.9987447779459725e-29
10.17436954130415 2.998183312752435e-29
10.411601025674827 2.998762363904186e-29
10.654363936533231 2.998416117481039e-29
10.902787247818345 2.9986051524944615e-29
11.157002940700098 2.998872952268547e-29
11.417146073697703 2.998007738847828e-29
11.683354854432924 2.9980783042301023e-29
11.955770713056356 2.998161892228986e-29
12.234538377385784 2.9984662643997403e-29
12.519805949796487 2.9981163956181955e-29
12.811724985904382 2.9983950742061446e-29
13.110450575083778 2.997747973484291e-29
13.416141422862523 2.9989506936620957e-29
13.72895993523834 2.9990645238505177e-29
14.04907230496112 2.9987671380466243e-29
14.37664859982702 2.9991243488849806e-29
14.711862853031292 2.99896056489069e-29
15.054893155627816 2.998912382144447e-29
15.405921751144481 2.9985055710334165e-29
15.765135132404664 2.9991693099618706e-29
16.132724140606275 2.999667367475107e-29
16.50888406671095 2.998286506828963e-29
16.89381475519735 2.999556510792481e-29
17.287720710233557 2.999917342431126e-29
17.690811204325115 2.997355443973129e-29
18.103300389496336 2.99944512146139e-29
18.52540741106398 2.997744357071742e-29
18.957356524063755 2.9992911453119244e-29
19.399377212391464 2.9989369154489154e-29
19.85170431072216 2.9985046872565696e-29
20.314578129271972 2.997442159865516e-29
20.788244581469023 2.9990593055842277e-29
21.272955314601134 2.99850866572814e-29
21.76896784350983 2.9995617501276936e-29
22.27654568740161 2.9997938517766e-29
22.79595850984919 2.998133887200605e-29
23.327482262057103 2.9984378152723977e-29
23.871399329467756 2.998971027735835e-29
24.427998681785848 2.9985925378986674e-29
24.997576026500827 2.998087681841034e-29
25.580433965988984 2.999322582074949e-29
26.176882158278623 2.9995566482912746e-29
26.787237481563718 2.99973720955907e-29
27.411824202553472 2.9987853571286654e-29
28.050974148747212 2.9973644471613036e-29
28.705026884726152 2.998308325525252e-29
29.374329892555654 2.9970495442288144e-29
30.05923875639388 2.999961728884529e-29
30.760117351404876 2.999470356879004e-29
31.477338037076432 3.0019095256006304e-29
32.21128185504559 2.995513459733216e-29
32.962338731536356 2.9970206243397666e-29
33.730907684518286 3.0012495442826925e-29
34.51739703569462 3.0000182325397643e-29
35.322224627433556 2.995979443121136e-29
36.14581804475762 2.9980257058056166e-29
36.98861484250899 2.996731704220817e-29
37.851062777811606 2.9959652001547426e-29
38.733620047953465 2.99992904124295e-29
39.63675553381552 2.999502669594279e-29
40.5609490489765 2.998841413153893e-29
41.506691594626034 2.999228098649951e-29
42.47448562042145 2.9998745507734365e-29
43.46484529142686 2.9970245884906593e-29
44.4782967612764 2.998561063668987e-29
45.515378451706574 2.9945123537868156e-29
46.576641338606535 3.001667637994717e-29
47.66264924473788 2.9976262101822114e-29
48.773979139279795 2.9999733934983966e-29
49.911221444358546 2.9981506234021145e-29
51.07498034872413 2.9958243544178204e-29
52.265874128740876 3.0003362672489505e-29
53.48453547686238 2.9992040363278e-29
54.731611837765406 3.000590161111834e-29
56.00776575232122 3.0002520523413984e-29
57.31367520958723 2.999161012328881e-29
58.650034007005786 2.9991750591920004e-29
60.017552119001664 2.993961298820229e-29
61.416956074173925 2.997300577860153e-29
62.84898934128261 3.0030764874233805e-29
64.31441272423535 2.9997961243016856e-29
65.81400476628369 2.997450356434604e-29
67.34856216364385 2.9957398179422714e-29
68.91890018876182 2.997533213185037e-29
70.52585312344742 2.997793703878045e-29
72.17027470210763 2.995782134315504e-29
73.8530385653146 2.996052638087803e-29
75.57503872394936 2.9998500673992314e-29
77.33719003416762 2.9980993834394506e-29
79.14042868344033 2.999499098838064e-29
80.98571268792693 2.997809019488831e-29
82.87402240144569 2.998036294143599e-29
84.80636103631147 3.0000734632405917e-29
86.78375519631766 2.9967797826003836e-29
88.80725542214539 2.9956383039839167e-29
90.8779367494899 3.004316159430056e-29
92.99689928020044 2.998595454973772e-29
95.16526876673713 3.0063615122529763e-29
97.38419721025556 2.998162507599009e-29
99.6548634726365 3.00622578997561e-29
101.97847390278609 3.0005112148039186e-29
104.35626297753925 3.003241038290713e-29
106.78949395750668 3.000829630897172e-29
109.27945955821409 3.0000349433451794e-29
111.82748263689002 2.994808332116477e-29
114.43491689526716 2.9905717606046665e-29
117.10314759877073 2.993810836826115e-29
119.8335923124757 2.989399081771201e-29
122.62770165422418 2.9979339165419916e-29
125.4869600653028 3.001005572818816e-29
128.41288659908975 3.0005832847014654e-29
131.40703572809028 3.009435034987915e-29
134.4709981697896 3.005348593396726e-29
137.6064017317617 2.991827630904386e-29
140.8149121764835 2.989859792969669e-29
144.09823410631301 2.995121869636324e-29
147.45811186910282 3.009837584457043e-29
150.89633048492877 2.994117067243849e-29
154.41471659442715 3.000197375822629e-29
158.01513942924367 3.000332259952728e-29
161.6995118051102 2.992977980209411e-29
165.46979113807643 2.9990968991798805e-29
169.32798048443664 3.0012869518368946e-29
173.27612960490418 3.0002212902921387e-29
177.3163360535986 3.019465285234113e-29
181.45074629242436 3.0021520014129435e-29
185.68155683143308 2.989593044174086e-29
190.01101539577502 2.99602998976172e-29
194.44142211985996 3.003427231109162e-29
198.9751307693619 2.990466545835949e-29
203.61454999171644 2.993036696192771e-29
208.36214459577587 2.9927662143028454e-29
213.2204368613011 2.99795476471571e-29
218.19200787898666 3.000970685297058e-29
223.27949892173046 2.998926800430387e-29
228.48561284787684 3.0036950153632303e-29
233.81311553717836 2.993638215044633e-29
239.2648373602396 3.002268054218848e-29
244.8436746822229 3.003673938069899e-29
250.55259140161598 3.002393082511716e-29
256.3946205248776 2.9966678515445903e-29
262.37286577779935 3.001266506101471e-29
268.49050325443824 2.998018364586903e-29
274.7507831044972 3.004266300246327e-29
281.15703126004934 2.999170615896766e-29
287.7126512025234 2.995579904093534e-29
294.4211257708895 3.0098952969261234e-29
301.2860190120053 2.981919937429266e-29
308.3109780741064 3.02210422051841e-29
315.4997351444457 2.9943351321564433e-29
322.8561094321127 2.9891526127857307e-29
330.38400919708465 3.0173330918297586e-29
338.08743382658884 2.991854577994467e-29
345.970475959878 3.009405075663507e-29
354.0373236625486 2.9965686004467163e-29
362.2922626515567 3.002231267618288e-29
370.7396785721134 3.0054128467483145e-29
379.3840593276699 3.0115715886350295e-29
388.22999746422977 2.997446290161728e-29
397.28219261025527 2.9906127413598347e-29
406.54545397346374 3.001880702157823e-29
416.02470289584096 2.9989696325876295e-29
425.7249754682287 3.013892451910297e-29
435.6514252058753 3.010680780250572e-29
445.8093257863709 2.9931364785795144e-29
456.2040738514225 2.998843281133517e-29
466.841191873956 2.9845683101642156e-29
477.72633109207 3.0319695444840765e-29
488.86527451139875 2.9683304880322327e-29
500.26393997748045 3.0013135214543654e-29
511.92838331976236 2.950355973967005e-29
523.8648015689132 2.998140609093837e-29
536.079536249153 3.018329152005096e-29
548.5790767473477 2.993245843256562e-29
561.3700637606607 3.033229109211297e-29
574.4592928245908 2.9642211563133693e-29
587.8537179232724 3.017265643603226e-29
601.560455183956 2.9948932022028114e-29
615.5867866576306 3.010609182483772e-29
629.940164187797 3.0416827596508783e-29
644.6282133694491 2.990153825539875e-29
659.6587376003637 2.9603638726303366e-29
675.039722226853 3.0071367993949056e-29
690.7793387861822 3.0130825006922556e-29
706.885949347905 2.963882216925408e-29
723.368110956425 3.0109149476320227e-29
740.2345801771418 2.9737518830104027e-29
757.4943177485981 3.030464791645207e-29
775.1564933430986 2.964702288488672e-29
793.2304904383309 2.9702469857222215e-29
811.7259113025749 3.025338503586624e-29
830.6525820961508 2.999372527276005e-29
850.0205580918159 3.0182009716749594e-29
869.8401290168822 2.9914506118530943e-29
890.1218245198946 3.035124133450604e-29
910.8764197647733 3.021813117975069e-29
932.1149411553916 2.944506044428226e-29
953.848672193633 3.0347365309526275e-29
976.0891594740359 3.0011819894886816e-29
998.8482188182152 2.9319298208080367e-29
1022.1379415523157 3.0087197901351075e-29
1045.9707009308356 3.026112751655481e-29
1070.3591587102305 3.077719027611851e-29
1095.3162718757928 3.032040210034151e-29
1120.8552995253765 2.9628585005321893e-29
1146.98980991363 2.951904944999304e-29
1173.7336876604738 2.9967011690233403e-29
1201.1011411276565 2.937757591070105e-29
1229.1067099673062 3.023799826360791e-29
1257.7652728464884 2.977693782717316e-29
1287.0920553518754 3.011357555858092e-29
1317.1026380787234 2.9628645374279327e-29
1347.812964908458 3.1186398846768754e-29
1379.239351479266 3.044017766874083e-29
1411.3984938541882 3.0589850191719934e-29
1444.3074773913293 3.019833010705714e-29
1477.9837858208825 2.910273819287405e-29
1512.445310533807 3.011927413643655e-29
1547.71036008708 3.014211635335837e-29
1583.797669930582 2.988883213292816e-29
1620.7264123607779 2.9770082639757273e-29
1658.5162067064848 3.0288879537160597e-29
1697.1871297521373 2.968311764146699e-29
1736.7597264040865 3.082569801580507e-29
1777.255020605602 2.889547121748761e-29
1818.6945265063737 2.9290283468945775e-29
1861.1002598924472 3.0273613492623723e-29
1904.4947498826687 3.1159950079774333e-29
1948.9010508978479 3.117383714383943e-29
1994.3427549090043 3.1033386342531067e-29
2040.8440039711966 3.0664337568154924e-29
2088.4295030496014 3.031748721830651e-29
2137.124533144652 2.928334232894861e-29
2186.9549647232075 2.961470228407663e-29
2237.947271462894 2.9934288921192816e-29
2290.1285443169163 2.9777033008107597e-29
2343.5265059068115 2.937194438823848e-29
2398.169525250793 2.9718451078021374e-29
2454.086632835509 3.0017015381256276e-29
2511.3075360392254 3.056556010590674e-29
2569.8626349146184 2.976635472811628e-29
2629.783038339575 2.945734794597999e-29
2691.100580544569 3.036006266118513e-29
2753.8478380254037 2.957073802080996e-29
2818.0581468502987 3.0455142134021757e-29
2883.7656203705187 2.9082533641156163e-29
2951.0051673439552 3.027580812909205e-29
3019.812510481288 3.118942918832649e-29
3090.2242054245785 3.151761632726044e-29
3162.2776601683795 2.9613644210379004e-29
