# %ECSV 1.0
# ---
# datatype:
# - {name: mx, unit: MeV, datatype: float64}
# - {name: sigma_9, unit: cm2, datatype: float64}
# schema: astropy-2.0
mx sigma_9
3.162277660168379e-07 6.133180490623401e-40
3.2360111549336787e-07 6.4336658393467636e-40
3.311463862505236e-07 6.7506559257454216e-40
3.388675869043115e-07 7.085008839894791e-40
3.4676881953794695e-07 7.437614969510371e-40
3.548542818811901e-07 7.80939667890843e-40
3.6312826954049566e-07 8.201307767315878e-40
3.715951782811629e-07 8.614332678589877e-40
3.8025950636269697e-07 9.049485440397376e-40
3.89125856928623e-07 9.507808303836225e-40
3.9819894045202297e-07 9.990370056325891e-40
4.0748357723809307e-07 1.049826397791214e-39
4.169846999850535e-07 1.1032605412183031e-39
4.2670735640476865e-07 1.1594528918126712e-39
4.3665671190447213e-07 1.218518497381304e-39
4.4683805233101997e-07 1.2805736197851035e-39
4.572567867791303e-07 1.3457353059691836e-39
4.6791845046510194e-07 1.4141209045422904e-39
4.788287076675383e-07 1.4858475255974348e-39
4.899933547366384e-07 1.561031441083332e-39
5.014183231736547e-07 1.6397874238765493e-39
5.131096827821533e-07 1.72222802455655e-39
5.250736448927506e-07 1.8084627845787598e-39
5.373165656630395e-07 1.8985973868049986e-39
5.4984494945446e-07 1.9927327437847098e-39
5.626654522879044e-07 2.0909640257263477e-39
5.757848853798981e-07 2.1933796307987308e-39
5.892102187612295e-07 2.3000601014463765e-39
6.029485849799565e-07 2.411076991028175e-39
6.17007282890752e-07 2.526491686946028e-39
6.313937815326057e-07 2.646354196468999e-39
6.461157240969403e-07 2.7707019042389922e-39
6.611809319882495e-07 2.8995583110883183e-39
6.765974089794179e-07 3.0329317653920514e-39
6.923733454639272e-07 3.1708142006629796e-39
7.085171228072106e-07 3.3131798937424565e-39
7.250373177994646e-07 3.459984259361476e-39
7.419427072122865e-07 3.6111626981362755e-39
7.592422724615558e-07 3.766629515401163e-39
7.769452043790388e-07 3.926276928808764e-39
7.950609080952509e-07 4.089974183586523e-39
8.135990080361694e-07 4.257566793369662e-39
8.325693530364543e-07 4.428875926372294e-39
8.519820215718901e-07 4.603697955410541e-39
8.718473271138315e-07 4.7818041900737865e-39
8.921758236084957e-07 4.962940808151801e-39
9.12978311084014e-07 5.146829001885893e-39
9.342658413882192e-07 5.333165350625547e-39
9.560497240602198e-07 5.5216224308936447e-39
9.78341532338879e-07 5.711849670225975e-39
1.0011531093113902e-06 5.903474449250509e-39
1.0244965742052174e-06 6.096103453106725e-39
1.048384328826741e-06 6.289324269878799e-39
1.0728290641500308e-06 6.48270722944784e-39
1.0978437670592484e-06 6.675807471455297e-39
1.1234417272482566e-06 6.868167226969337e-39
1.149636544281106e-06 7.059318294158808e-39
1.1764421348171486e-06 7.248784685703145e-39
1.2038727400046132e-06 7.4360854220231e-39
1.2319429330465773e-06 7.620737441637126e-39
1.2606676269433496e-06 7.80225859615141e-39
1.2900620824153782e-06 7.980170696356975e-39
1.3201419160108953e-06 8.154002572096164e-39
1.3509231084026028e-06 8.323293111157776e-39
1.38242201287781e-06 8.48759424069803e-39
1.4146553640265304e-06 8.646473815608882e-39
1.447640286632156e-06 8.799518378852303e-39
1.4813943047694329e-06 8.946335760672364e-39
1.5159353511145682e-06 9.086557486827871e-39
1.5512817764724183e-06 9.219840969266614e-39
1.587452359525819e-06 9.345871455938661e-39
1.6244663168122348e-06 9.464363719695959e-39
1.6623433129330315e-06 9.575063471072728e-39
1.7011034710007933e-06 9.677748484382442e-39
1.740767383330235e-06 9.772229431150796e-39
1.7813561223783898e-06 9.858350418779158e-39
1.8228912519398869e-06 9.935989236700157e-39
1.8653948386032614e-06 1.0005057317055234e-38
1.908889463474389e-06 1.0065499420549415e-38
1.9533982341732686e-06 1.0117293061205133e-38
1.9989447971105317e-06 1.0160447686901038e-38
2.045553350050195e-06 1.0195003635586783e-38
2.0932486549653353e-06 1.0221030888837159e-38
2.1420560511935146e-06 1.023862764575655e-38
2.192001468898943e-06 1.0247918741703282e-38
2.2431114428485372e-06 1.0249053936916985e-38
2.2954131265091837e-06 1.0242206099897588e-38
2.3489343064737076e-06 1.0227569310364317e-38
2.403703417223201e-06 1.0205356906028954e-38
2.4597495562335635e-06 1.017579949611672e-38
2.5171024994342686e-06 1.0139142963447496e-38
2.575792717027583e-06 1.0095646475412491e-38
2.635851389676631e-06 1.0045580522246204e-38
2.6973104250709106e-06 9.989224999327703e-39
2.760202474878063e-06 9.926867348254745e-39
2.8245609520908932e-06 9.858800769376958e-39
2.8904200487788716e-06 9.78532251664301e-39
2.9578147542535346e-06 9.706732283544591e-39
3.026780873657441e-06 9.623330687150053e-39
3.097355046986562e-06 9.535417855427e-39
3.1695747685562034e-06 9.44329212135834e-39
3.2434784069208122e-06 9.347248825879563e-39
3.319105225258239e-06 9.247579230208401e-39
3.3964954022292982e-06 9.144569536947199e-39
3.4756900533236943e-06 9.038500018192175e-39
3.5567312527036693e-06 8.929644247972161e-39
3.6396620555569646e-06 8.818268435501968e-39
3.7245265209709786e-06 8.704630855097046e-39
3.811369735340273e-06 8.588981368039291e-39
3.900237836319859e-06 8.471561031289465e-39
3.991178037336996e-06 8.35260178763151e-39
4.0842386526745176e-06 8.232326231645852e-39
4.179469123139017e-06 8.11094744579942e-39
4.2769200423275275e-06 7.98866890091747e-39
4.376643183506652e-06 7.865684415350747e-39
4.478691527118417e-06 7.742178167252615e-39
4.583119288927478e-06 7.61832475454307e-39
4.689981948824612e-06 7.494289297326207e-39
4.799336280301815e-06 7.370227577764463e-39
4.911240380614659e-06 7.246286212661118e-39
5.0257537016479225e-06 7.122602854279753e-39
5.142937081500915e-06 6.999306415210002e-39
5.262852776809252e-06 6.876517313383066e-39
5.385564495820272e-06 6.754347733630952e-39
5.511137432239651e-06 6.632901902477066e-39
5.639638299867211e-06 6.512276373128857e-39
5.771135368040315e-06 6.392560317924643e-39
5.905698497903673e-06 6.273835825751452e-39
6.043399179524854e-06 6.156178202209802e-39
6.184310569875183e-06 6.039656270543133e-39
6.32850753169624e-06 5.924332671579373e-39
6.47606667327258e-06 5.8102641611477336e-39
6.627066389131828e-06 5.697501903633406e-39
6.781586901693754e-06 5.5860917605195656e-39
6.939710303890459e-06 5.476074572935967e-39
7.101520602780329e-06 5.367486437390958e-39
7.267103764178904e-06 5.2603589740074e-39
7.436547758330399e-06 5.154719586710875e-39
7.609942606644117e-06 5.050591714938016e-39
7.787380429520604e-06 4.9479950765359756e-39
7.968955495292936e-06 4.8469459016188984e-39
8.15476427030917e-06 4.747457157231032e-39
8.344905470182516e-06 4.649538762738313e-39
8.539480112236516e-06 4.553197795935826e-39
8.738591569173047e-06 4.458438689914784e-39
8.942345623991688e-06 4.3652634207795744e-39
9.150850526189614e-06 4.273671686349388e-39
9.364217049271877e-06 4.183661076011286e-39
9.58255854960264e-06 4.095227231923158e-39
9.805991026628606e-06 4.008364001787883e-39
1.0034633184506672e-05 3.923063583439856e-39
1.0268606495168497e-05 3.839316661500771e-39
1.0508035262855554e-05 3.7571125363723846e-39
1.07530466901589e-05 3.6764392458437186e-39
1.1003770945598772e-05 3.5972836795941384e-39
1.1260341232779899e-05 3.5196316868782497e-39
1.1522893861159297e-05 3.443468177678455e-39
1.1791568318464117e-05 3.368777217610585e-39
1.206650734479802e-05 3.295542116865098e-39
1.2347857008475478e-05 3.2237455134624246e-39
1.263576678362426e-05 3.153369451096208e-39
1.293038962959737e-05 3.0843954518317015e-39
1.3231882072236462e-05 3.016804583920067e-39
1.3540404287030327e-05 2.950577524981521e-39
1.3856120184212054e-05 2.88569462080287e-39
1.4179197495840522e-05 2.822135939986115e-39
1.4509807864912299e-05 2.759881324676447e-39
1.484812693655133e-05 2.6989104375893322e-39
1.5194334451324849e-05 2.6392028055473814e-39
1.5548614340735104e-05 2.580737859728973e-39
1.5911154824937624e-05 2.5234949728217417e-39
1.6282148512737936e-05 2.4674534932652714e-39
1.6661792503919872e-05 2.4125927767589916e-39
1.7050288493959805e-05 2.3588922152024302e-39
1.7447842881182494e-05 2.30633126322733e-39
1.785466687641539e-05 2.2548894624725563e-39
1.8270976615199758e-05 2.2045464637454252e-39
1.869699327261814e-05 2.155282047205317e-39
1.91329431807992e-05 2.107076140698099e-39
1.957905794916243e-05 2.0599088363633945e-39
2.003557458746648e-05 2.0137604056293774e-39
2.0502735631726606e-05 1.9686113127037615e-39
2.0980789273068064e-05 1.9244422266634345e-39
2.1469989489583918e-05 1.8812340322391355e-39
2.1970596181267336e-05 1.838967839386126e-39
2.2482875308090033e-05 1.797624991726457e-39
2.3007099031300245e-05 1.7571870739431155e-39
2.354354585801526e-05 1.717635918201717e-39
2.4092500789185385e-05 1.6789536096708287e-39
2.4654255471007912e-05 1.6411224912073456e-39
2.5229108349871537e-05 1.6041251672696717e-39
2.5817364830913554e-05 1.5679445071169563e-39
2.641933744027406e-05 1.532563647349671e-39
2.7035345991133382e-05 1.497965993842485e-39
2.7665717753620915e-05 1.4641352231178419e-39
2.8310787628685666e-05 1.4310552832049783e-39
2.8970898326020842e-05 1.3987103940265696e-39
2.964640054613707e-05 1.3670850473520613e-39
3.033765316668089e-05 1.3361640063545462e-39
3.104502343309761e-05 1.30593230480518e-39
3.176888715373972e-05 1.2763752459371304e-39
3.25096288995246e-05 1.2474784010087355e-39
3.326764220824756e-05 1.219227607593501e-39
3.4043329793658724e-05 1.1916089676228205e-39
3.483710375941493e-05 1.1646088452051948e-39
3.5649385818020195e-05 1.1382138642444018e-39
3.648060751487119e-05 1.1124109058772145e-39
3.73312104575266e-05 1.0871871057499487e-39
3.820164655032238e-05 1.0625298511516247e-39
3.90923782344573e-05 1.0384267780202513e-39
4.0003878733676586e-05 1.0148657678377143e-39
4.093663230568398e-05 9.918349444272425e-40
4.1891134499415887e-05 9.693226706667207e-40
4.2867892418314344e-05 9.473175451299309e-40
4.386742498973848e-05 9.258083986669306e-40
4.489026324065786e-05 9.047842909338804e-40
4.5936950579773975e-05 8.842345068819339e-40
4.700804308621986e-05 8.641485532138125e-40
4.8104109804991236e-05 8.445161548163077e-40
4.922573304926602e-05 8.253272511760239e-40
5.0373508709772956e-05 8.06571992785119e-40
5.154804657137365e-05 7.882407375434263e-40
5.27499706370262e-05 7.703240471624986e-40
5.397991945930254e-05 7.528126835768918e-40
5.5238546479635675e-05 7.356976053673684e-40
5.6526520375476976e-05 7.1896996420039e-40
5.784452541554797e-05 7.0262110128778684e-40
5.9193261823375433e-05 6.866425438701511e-40
6.057344614930286e-05 6.710260017272252e-40
6.198581165117595e-05 6.557633637180995e-40
6.34311086839044e-05 6.408466943538572e-40
6.491010509810695e-05 6.262682304049923e-40
6.642358664805138e-05 6.120203775456629e-40
6.797235740910648e-05 5.9809570703662046e-40
6.955724020492732e-05 5.8448695244840085e-40
7.117907704460117e-05 5.711870064262469e-40
7.283872956998614e-05 5.5818891749796695e-40
7.453707951348025e-05 5.454858869257612e-40
7.627502916646401e-05 5.330712656029828e-40
7.805350185866558e-05 5.2093855099652385e-40
7.987344244870308e-05 5.090813841354766e-40
8.173581782606456e-05 4.974935466465742e-40
8.364161742479263e-05 4.861689578367788e-40
8.559185374914618e-05 4.751016718233111e-40
8.758756291151902e-05 4.642858747112679e-40
8.96298051829007e-05 4.537158818189913e-40
9.17196655561724e-05 4.4338613495112774e-40
9.385825432253677e-05 4.332911997193734e-40
9.604670766138824e-05 4.2342576291076146e-40
9.828618824393714e-05 4.137846299033057e-40
0.00010057788585090809 4.043627221287506e-40
0.00010292301800464121 3.951550745821656e-40
0.00010532283061593165 3.86156833378012e-40
0.00010777859864595113 3.773632533523358e-40
0.00011029162678360347 3.68769695710652e-40
0.00011286325013867351 3.6037162572106974e-40
0.00011549483495113791 3.5216461045222097e-40
0.00011818777931701482 3.441443165554394e-40
0.0001209435139311377 3.363065080907038e-40
0.00012376350284724815 3.2864704439576974e-40
0.00012664924425581149 3.2116187799796705e-40
0.00012960227127996844 3.1384705256803224e-40
0.00013262415279004548 3.0669870091543766e-40
0.00013571649423705693 2.9971304302458464e-40
0.0001388809385056415 2.928863841312449e-40
0.00014211916678688624 2.862151128386631e-40
0.00014543289947150178 2.796956992726676e-40
0.0001488238970638237 2.733246932751609e-40
0.00015229396111712465 2.6709872263538847e-40
0.00015584493519073535 2.6101449135831247e-40
0.00015947870582948208 2.5506877796948452e-40
0.00016319720356596128 2.4925843385577815e-40
0.00016700240394618395 2.4358038164133464e-40
0.00017089632857913436 2.380316135981131e-40
0.000174881046210801 2.3260919009039933e-40
0.00017895867382325032 2.2731023805266215e-40
0.0001831313777593269 2.2213194950012937e-40
0.00018740137487357792 2.1707158007147635e-40
0.00019177093371001327 2.1212644760300347e-40
0.000196242375707327 2.0729393073371807e-40
0.00020081807643222024 2.0257146754070716e-40
0.00020550046684148122 1.979565542042225e-40
0.0002102920345734925 1.9344674370187665e-40
0.0002151953252698519 1.8903964453139615e-40
0.00022021294392780895 1.8473291946133895e-40
0.00022534755628423554 1.805242843092283e-40
0.0002306018902318662 1.764115067465472e-40
0.00023597873726856003 1.7239240513004333e-40
0.0002414809539803547 1.6846484735880184e-40
0.0002471114635590999 1.6462674975657399e-40
0.00025287325735547713 1.6087607597881105e-40
0.00025876939646823026 1.5721083594392374e-40
0.00026480301337045197 1.5362908478822719e-40
0.000270977313573789 1.5012892184410779e-40
0.00027729557733145163 1.4670848964089426e-40
0.00028376116138093086 1.4336597292797623e-40
0.0002903775007273506 1.4009959771968493e-40
0.00029714811046840066 1.3690763036147718e-40
0.00030407658766182135 1.3378837661696903e-40
0.00031116661323643183 1.3074018077537048e-40
0.0003184219539477161 1.2776142477888632e-40
0.00032584646437900766 1.2485052736964673e-40
0.00033344408898933415 1.2200594325575642e-40
0.0003412188642090111 1.192261622960354e-40
0.0003491749205840977 1.1650970870305896e-40
0.0003573164849708539 1.1385514026408454e-40
0.0003656478827813646 1.1126104757949376e-40
0.0003741735402815245 1.0872605331834557e-40
0.0003828979869426037 1.0624881149068586e-40
0.000391825857847644 1.038280067362325e-40
0.000400961896153964 1.0146235362908016e-40
0.0004103109556130814 9.915059599808022e-41
0.0004198780031493915 9.689150626253285e-41
0.00042966812149897106 9.46838847828702e-41
0.000439686511909911 9.252655922599253e-41
0.0004499384969056106 9.041838394492937e-41
0.00046042952311250296 8.835823937251556e-41
0.0004711651641537129 8.634503142876467e-41
0.00048215112361018567 8.437769094163909e-41
0.0004933932380508582 8.245517308091656e-41
0.0005048974801334842 8.05764568048664e-41
0.0005166699617777604 7.874054431943923e-41
0.0005287169374124361 7.694646054970332e-41
0.0005410448072981404 7.519325262324666e-41
0.0005536601209276797 7.34799893652773e-41
0.0005665695805056229 7.180576080516396e-41
0.0005797800445090163 7.016967769415601e-41
0.0005932985313311235 6.857087103403724e-41
0.000607132223010125 6.700849161646338e-41
0.0006212884690447563 6.548170957274586e-41
0.0006357747902989163 6.398971393384875e-41
0.0006505988829973161 6.253171220036573e-41
0.0006657686228142928 6.110692992225386e-41
0.0006812920690579615 5.971461028810758e-41
0.0006971774689519261 5.835401372375397e-41
0.0007134332620168255 5.702441749995996e-41
0.0007300680845540431 5.572511534905033e-41
0.0007470907742339592 5.445541709022769e-41
0.0007645103747911887 5.321464826340744e-41
0.0007823361408292924 5.200214977136731e-41
0.00080057754273752 5.081727753002752e-41
0.0008192442717221943 4.965940212668015e-41
0.0008383462449554094 4.852790848598163e-41
0.0008578936108437789 4.742219554353968e-41
0.0008778967544200344 4.634167592691744e-41
0.000898366302860337 4.528577564389128e-41
0.0009193131311302326 4.4253933777795323e-41
0.0009407483677622533 4.324560218979301e-41
0.000962683400768232 4.2260245227919256e-41
0.000985129883689471 4.1297339442740146e-41
0.0010080997417879817 4.035637330947835e-41
0.0010316051783820807 3.943684695645929e-41
0.0010556586813297128 3.8538271899736384e-41
0.0010802730296629402 3.766017078375043e-41
0.001105461300377127 3.680207712789133e-41
0.0011312368753784248 3.596353507882539e-41
0.0011576134485932472 3.5144099168457867e-41
0.0011846050332435167 3.4343334077403965e-41
0.0012122259692915415 3.3560814403842023e-41
0.0012404909310584848 3.279612443762647e-41
0.0012694149350204683 3.2048857939543024e-41
0.0012990133477864558 3.1318617925587443e-41
0.0013293018942621524 3.060501645615423e-41
0.001360296666004259 2.990767443002455e-41
0.001392014129769518 2.92262213830429e-41
0.0014244711362630968 2.8560295291377756e-41
0.0014576849290909482 2.7909542379260484e-41
0.0014916731539209149 2.727361693110147e-41
0.0015264538678574353 2.6652181107883764e-41
0.0015620455490348386 2.604490476773744e-41
0.0015984671064343198 2.545146529059866e-41
0.0016357378899298156 2.4871547406862e-41
0.0016738777005681136 2.430484302993359e-41
0.0017129068010886602 2.3751051092597707e-41
0.0017528459266886532 2.3209877387109357e-41
0.00179371629603914 2.2681034408928463e-41
0.0018355396225579732 2.2164241204012284e-41
0.0018783381259456144 2.1659223219586053e-41
0.0019221345439899109 2.1165712158311662e-41
0.001966952144646121 2.0683445835778027e-41
0.0020128147383986056 2.021216804123665e-41
0.002059746690910748 1.9751628401509267e-41
0.0021077729359698315 1.930158224799496e-41
0.0021569189887337423 1.8861790486706577e-41
0.002207210959286545 1.843201947126698e-41
0.0022586755665101248 1.801204087879836e-41
0.0023113401522792685 1.7601631588638148e-41
0.0023652326959877285 1.7200573563817902e-41
0.0024203818294129824 1.6808653735241644e-41
0.0024768168519275916 1.642566388850226e-41
0.002534567746065232 1.605140055327664e-41
0.0025936651934496745 1.568566489523963e-41
0.0026541405910951734 1.532826261044055e-41
0.0027160260680869266 1.497900382208569e-41
0.0027793545026504624 1.4637702979672003e-41
0.002844159539619031 1.4304178760418595e-41
0.0029104756083082714 1.3978253972943584e-41
0.0029783379408076585 1.3659755463135336e-41
0.0030477825906984404 1.3348514022168058e-41
0.0031188464522080173 1.3044364296612679e-41
0.0031915672798109355 1.274714470059572e-41
0.0032659837082868936 1.2456697329959306e-41
0.003342135273246469 1.2172867878376517e-41
0.0034200624321353945 1.1895505555378077e-41
0.0034998065857286074 1.1624463006246288e-41
0.0035814101001254554 1.1359596233734202e-41
0.003664916329257761 1.1100764521567907e-41
0.0037503696379226933 1.0847830359691812e-41
0.0038378154253526898 1.0600659371217017e-41
0.003927300149334948 1.0359120241033864e-41
0.004018871350893299 1.0123084646051001e-41
0.00411257767954558 9.892427187023803e-42
0.004208468919149921 9.667025321935799e-42
0.004306596014353682 9.446759300898098e-42
0.004407011097659079 9.231512102531746e-42
0.004509767517119906 9.021169371799774e-42
0.004614919864684026 8.815619359255411e-42
0.004722524005196735 8.614752861674537e-42
0.004832637106080367 8.418463164040736e-42
0.004945317667705937 8.226645982852144e-42
0.005060625554472947 8.039199410719895e-42
0.005178622026613854 7.85602386222893e-42
0.005299369772740128 7.677022021032255e-42
0.005422932943147155 7.502098788150531e-42
0.0055493771838957115 7.331161231449721e-42
0.00567876967168809 7.164118536269805e-42
0.005811179149557424 7.00088195717828e-42
0.0059466759633891655 6.841364770823034e-42
0.006085332099294114 6.685482229859378e-42
0.006227221221852859 6.533151517926792e-42
0.006372418713251954 6.384291705651545e-42
0.006521001713332612 6.238823707651716e-42
0.006673049160573193 6.096670240521863e-42
0.006828641834027273 5.957755781774948e-42
0.006987862396239558 5.8220065297198e-42
0.00715079543716245 5.6893503642527135e-42
0.007317527519096606 5.559716808542383e-42
0.007488147222679345 5.433036991587869e-42
0.007662745193945353 5.3092436116296034e-42
0.007841414192484688 5.188270900394139e-42
0.008024249140723652 5.0700545881535226e-42
0.008211347174354735 4.954531869580763e-42
0.008402807693942412 4.8416413703833115e-42
0.008598732417732204 4.731323114696769e-42
0.008799225435691074 4.623518493221543e-42
0.009004393264807849 4.518170232085439e-42
0.009214344905683071 4.415222362415818e-42
0.009429191900438323 4.314620190604943e-42
0.009649048391975805 4.216310269252878e-42
0.009874031184619632 4.1202403687724565e-42
0.010104259806171096 4.026359449641203e-42
0.01033985657141083 3.9346176352854754e-42
0.010580946647081629 3.844966185582526e-42
0.010827658118386449 3.7573574709661834e-42
0.011080122057036918 3.671744947122667e-42
0.011338472590888495 3.5880831302628746e-42
0.01160284697519928 3.5063275729580984e-42
0.01187338566555036 3.4264348405263773e-42
0.012150232392466372 3.348362487956815e-42
0.012433534237775993 3.2720690373597314e-42
0.01272344171275288 3.197513955930585e-42
0.013020108838078586 3.124657634416005e-42
0.013323693225669961 3.0534613660704655e-42
0.013634356162414448 2.983887326092437e-42
0.013952262695857842 2.915898551529094e-42
0.014277581721889965 2.8494589216388778e-42
0.014610486074474885 2.7845331387015126e-42
0.014951152617473332 2.721086709265284e-42
0.015299762338606094 2.6590859258215595e-42
0.015656500445608335 2.5984978488968927e-42
0.016021556464625875 2.5392902895531575e-42
0.016395124340905766 2.481431792286395e-42
0.016777402541834602 2.4248916183153315e-42
0.017168594162379338 2.3696397292506905e-42
0.01756890703298664 2.315646771136555e-42
0.017978553829998065 2.262884058855383e-42
0.01839775218863974 2.211323560888347e-42
0.01882672481864659 2.1609378844229286e-42
0.01926569962258253 2.1117002607998065e-42
0.019714909816919448 2.0635845312913644e-42
0.020174594055939365 2.0165651332042365e-42
0.02064499655852557 1.9706170862985098e-42
0.021126367237910063 1.9257159795163512e-42
0.021618961834446313 1.881837958013053e-42
0.02212304205147776 1.8389597104835383e-42
0.022638875694374342 1.7970584567776985e-42
0.0231667368128109 1.7561119357978418e-42
0.02370690584636297 1.7160983936719735e-42
0.024259669773497434 1.6769965721964778e-42
0.024825322264037063 1.6387856975422163e-42
0.025404163835180054 1.60144546921789e-42
0.025996502011157406 1.5649560492849118e-42
0.026602651486612925 1.5292980518180105e-42
0.027222934293792744 1.4944525326059836e-42
0.027857679973633073 1.460400979087114e-42
0.02850722575083718 1.4271253005139056e-42
0.02917191671303455 1.3946078183419363e-42
0.029852105994117403 1.3628312568376814e-42
0.030548154961852016 1.3317787339003646e-42
0.031260433409864494 1.30143375209291e-42
0.031989319754103004 1.2717801898772735e-42
0.0327352012338808 1.2428022930494727e-42
0.03349847411760691 1.2144846663697773e-42
0.034279543913313774 1.1868122653835961e-42
0.03507882558409363 1.1597703884287436e-42
0.03589674376855814 1.1333446688248113e-42
0.03673373300643846 1.1075210672405103e-42
0.037590237969445384 1.0822858642349211e-42
0.038466713697512506 1.0576256529687059e-42
0.03936362584054766 1.033527332081384e-42
0.04028145090582124 1.0099780987309064e-42
0.04122067651112274 9.869654417918282e-43
0.04218180164382002 9.644771352084548e-43
0.043165336925959 9.42501231499448e-43
0.044171804885544536 9.210260554104247e-43
0.04520174023414663 9.000401977111855e-43
0.046255690150979495 8.795325091342758e-43
0.047334214573604344 8.594920944516514e-43
0.048437886495410414 8.399083066863263e-43
0.04956729227003216 8.207707414558889e-43
0.05072303192286451 8.02069231444915e-43
0.051905719469841495 7.837938410033287e-43
0.05311598324364777 7.659348608678345e-43
0.05435446622753626 7.484828030036289e-43
0.05562182639692926 7.314283955636433e-43
0.056918737068984544 7.147625779626408e-43
0.058245887260312136 6.984764960635536e-43
0.05960398205303182 6.825614974734973e-43
0.06099374296936585 6.6700912694697394e-43
0.06241590835496589 6.518111218938033e-43
0.06387123377117784 6.3695940798941975e-43
0.06536049239645289 6.224460948851796e-43
0.06688447543711816 6.0826347201641686e-43
0.06844399254772507 5.944040045060102e-43
0.0700398722611988 5.808603291612908e-43
0.0716729624290174 5.6762525056215904e-43
0.07334413067165428 5.546917372383366e-43
0.07505426483952363 5.420529179337203e-43
0.07680427348467332 5.2970207795585535e-43
0.07859508634347626 5.176326556085829e-43
0.08042765483057629 5.058382387059772e-43
0.08230295254435131 4.943125611657056e-43
0.08422197578416211 4.830494996800164e-43
0.08618574407966152 4.720430704625786e-43
0.08819530073244539 4.6128742606944055e-43
0.09025171337033296 4.5077685229243035e-43
0.09235607451457113 4.405057651233387e-43
0.09450950216026408 4.304687077872723e-43
0.09671314037033632 4.206603478436038e-43
0.09896815988334524 4.1107547435298076e-43
0.10127575873546546 4.017089951088787e-43
0.10363716289697593 3.925559339322412e-43
0.10605362692358762 3.8361142802775696e-43
0.10852643462295801 3.74870725400378e-43
0.11105689973674641 3.6632918233070115e-43
0.11364636663857243 3.579822609078759e-43
0.11629621104824843 3.498255266187237e-43
0.1190078407626656 3.4185464599179204e-43
0.12178269640372161 3.3406538429508596e-43
0.12462225218368743 3.2645360328626184e-43
0.1275280166884199 3.1901525901408123e-43
0.13050153367883624 3.1174639966995766e-43
0.1335443829110759 3.046431634884614e-43
0.13665818097578622 2.977017766956556e-43
0.13984458215697693 2.909185515041863e-43
0.14310527931090045 2.842898841540519e-43
0.14644200476542463 2.7781225299801172e-43
0.14985653124037576 2.7148221663062524e-43
0.15335067278934078 2.652964120599173e-43
0.1569262857634292 2.5925155292070225e-43
0.1605852697975066 2.5334442772862177e-43
0.16432956881942368 2.4757189817396033e-43
0.16816117208277714 2.419308974543399e-43
0.172082115223751 2.364184286454039e-43
0.1760944813425998 2.3103156310862465e-43
0.1802004021103484 2.257674389353902e-43
0.18440205890129596 2.20623259426544e-43
0.18870168395192646 2.15596291606566e-43
0.1931015615468407 2.1068386477161137e-43
0.1976040292323402 2.0588336907063202e-43
0.20221147905830805 2.0119225411882552e-43
0.20692635884904578 1.966080276426809e-43
0.21175117350374192 1.921282541558929e-43
0.2166884863272632 1.8775055366545074e-43
0.22174092039197504 1.8347260040720436e-43
0.22691115993131514 1.7929212161024493e-43
0.23220195176586036 1.752068962894374e-43
0.2376161067626448 1.7121475406546558e-43
0.24315650132850383 1.6731357401176368e-43
0.24882607893823822 1.6350128352771997e-43
0.25462785169840935 1.5977585723755585e-43
0.2605649019475973 1.561353159142939e-43
0.26664038389397104 1.5257772542824188e-43
0.27285752529104135 1.4910119571943949e-43
0.2792196291524867 1.4570387979351485e-43
0.2857300755069626 1.4238397274042265e-43
0.2923923231938275 1.3913971077553968e-43
0.2992099117007387 1.3596937030260983e-43
0.3061864630440946 1.3287126699803982e-43
0.31332568369332287 1.2984375491605967e-43
0.32063136654003577 1.2688522561427285e-43
0.3281073929131 1.2399410729912963e-43
0.3357577346406907 1.2116886399087304e-43
0.343586456160426 1.1840799470751003e-43
0.3515977166787018 1.1571003266737697e-43
0.359795772380376 1.1307354450987495e-43
0.368184978689974 1.1049712953396063e-43
0.3767697925856183 1.079794189539883e-43
0.38555477496691104 1.0551907517250797e-43
0.394544593078027 1.0311479106963299e-43
0.4037440229873054 1.0076528930859894e-43
0.4131579521246571 9.846932165714707e-44
0.42279138187813525 9.622566832436853e-44
0.43264943025104924 9.40331373126603e-44
0.4427373345810337 9.189056378444549e-44
0.4530604543225162 8.979680944332483e-44
0.4636242738940635 8.775076192932673e-44
0.47443440559211736 8.575133422793952e-44
0.48549659257266914 8.379746409260576e-44
0.4968167119024568 8.188811348037806e-44
0.5084007776813051 8.002226800043206e-44
0.5202549442372687 7.819893637514577e-44
0.5323855093962742 7.641714991345801e-44
0.5447989178279997 7.46759619962272e-44
0.557501764469769 7.297444757331553e-44
0.5705007980302781 7.131170267213296e-44
0.5838029245750183 6.968684391737882e-44
0.5974152111952977 6.809900806172629e-44
0.6113448897628128 6.654735152720077e-44
0.6255993607717623 6.503104995700698e-44
0.6401861972705483 6.354929777756923e-44
0.6551131488851486 6.210130777054989e-44
0.6703881459363026 6.068631065461964e-44
0.686019303652694 5.930355467675737e-44
0.7020149264823721 5.795230521286239e-44
0.7183835125046995 5.663184437746662e-44
0.7351337579451718 5.534147064234018e-44
0.7522745617955077 5.408049846378598e-44
0.7698150305414633 5.284825791842836e-44
0.7877644830008832 5.164409434729845e-44
0.8061324552745581 5.046736800803039e-44
0.8249287058125218 4.931745373498207e-44
0.8441632205984669 4.819374060710001e-44
0.8638462184550629 4.709563162335194e-44
0.8839881564729563 4.602254338555506e-44
0.9045997355663667 4.497390578843087e-44
0.9256919061582187 4.394916171672264e-44
0.9472758739978306 4.294776674921325e-44
0.9693631061142522 4.1969188869488176e-44
0.9919653369084147 4.101290818328811e-44
1.0150945743873274 4.007841664230198e-44
1.0387631065436362 3.916521777425336e-44
1.0629835078839296 3.8272826419137144e-44
1.0877686461092637 3.7400768471465946e-44
1.1131316889514546 3.6548580628389604e-44
1.1390861111687691 3.571581014355368e-44
1.16564570170473 3.4902014586566827e-44
1.1928245710138414 3.4106761607947957e-44
1.2206371585581264 3.332962870943018e-44
1.2490982404784545 3.2570203019497443e-44
1.2782229374447416 3.182808107403646e-44
1.3080267226891875 3.1102868601985864e-44
1.3385254302268237 3.039418031587002e-44
1.369735263267732 2.9701639707105136e-44
1.4016728028254128 2.902487884596959e-44
1.4343550165258654 2.836353818613195e-44
1.4677992676220706 2.771726637363298e-44
1.5020233242186567 2.7085720060219714e-44
1.5370453687116559 2.6468563720933323e-44
1.5728840074483612 2.5865469475852747e-44
1.6095582806124205 2.527611691590028e-44
1.6470876723394143 2.4700192932616263e-44
1.6854921210682972 2.4137391551811964e-44
1.7247920301341966 2.358741377101353e-44
1.7650082786082029 2.3049967400608843e-44
1.8061622323899016 2.2524766908614755e-44
1.848275755558551 2.2011533268980804e-44
1.8913712219889245 2.150999381334971e-44
1.935471527238 2.1019882086195337e-44
1.9806001007088037 2.0540937703261401e-44
2.0267809180978715 2.0072906213225866e-44
2.0740385141329463 1.9615538962517088e-44
2.1223979956076717 1.9168592963210493e-44
2.171885054720213 1.873183076393494e-44
2.222525982722885 1.8305020323720808e-44
2.274347683890048 1.7887934888722124e-44
2.327377689811681 1.7480352871748232e-44
2.3816441740202396 1.7082057734539546e-44
2.437175966958554 1.6692837872726487e-44
2.4940025712967335 1.631248650340911e-44
2.552154177606206 1.5940801555298504e-44
2.611661680399223 1.5577585561361302e-44
2.6725566945423505 1.5222645553910333e-44
2.7348715720526675 1.4875792962085668e-44
2.7986394192855935 1.453684351167156e-44
2.863894114523477 1.4205617127196122e-44
2.9306703259742912 1.3881937836261596e-44
2.999003530189995 1.3565633676054692e-44
3.068930030914351 1.3256536601986936e-44
3.1404869783702067 1.295448239841669e-44
3.21371238899649 1.2659310591405485e-44
3.2886451656454048 1.2370864363462159e-44
3.3653251182505572 1.2088990470229637e-44
3.443792984976987 1.1813539159069934e-44
3.5240904538643507 1.1544364089504293e-44
3.6062601849747473 1.1281322255466123e-44
3.6903458330569543 1.1024273909325395e-44
3.77639207073912 1.0773082487644171e-44
3.8644446122622242 1.0527614538623836e-44
3.9545502377669295 1.0287739651205446e-44
4.046756818146711 1.0053330385785548e-44
4.141113340480481 9.824262206510663e-45
4.237669934058216 9.600413415114495e-45
4.336477897013409 9.381665086262613e-45
4.437589723576497 9.167901004370357e-45
4.541059131963759 8.95900760186039e-45
4.646941092916466 8.754873898827037e-45
4.755291858905486 8.555391444075411e-45
4.866168994016832 8.360454257503942e-45
4.979631404534034 8.16995877379982e-45
5.0957393702336 7.983803787417244e-45
5.214554576410165 7.801890398809464e-45
5.336140146648369 7.624121961885858e-45
5.4605606763588606 7.450404032666259e-45
5.587882267096237 7.280644319105232e-45
5.718172561677172 7.114752632059531e-45
5.851500780117376 6.952640837372899e-45
5.987937756406471 6.79422280905252e-45
6.127555976140354 6.639414383512431e-45
6.270429615030991 6.488133314859467e-45
6.416634578314149 6.340299231198071e-45
6.566248541075969 6.195833591930678e-45
6.719350989519823 6.054659646031046e-45
6.87602326319537 5.916702391268309e-45
7.036348598212252 5.78188853436017e-45
7.200412171461376 5.650146452033981e-45
7.368301145867304 5.5214061529750624e-45
7.540104716695753 5.395599240642035e-45
7.715914158940838 5.272658876929459e-45
7.8958228758172275 5.152519746658385e-45
8.07992644838296 5.035118022875983e-45
8.2683226863193 4.9203913329459e-45
8.461111679894604 4.80827872541121e-45
8.658395853139817 4.698720637612397e-45
8.860280018263818 4.591658864043175e-45
9.066871431337571 4.487036525427389e-45
9.278279849276613 4.384798038500399e-45
9.494617588152204 4.2848890864791053e-45
9.715999582862075 4.1872565902047685e-45
9.942543448192506 4.091848679943367e-45
10.17436954130415 3.998614667828483e-45
10.411601025674827 3.9075050209320984e-45
10.654363936533231 3.818471334948972e-45
10.902787247818345 3.731466308480619e-45
11.157002940700098 3.646443717905256e-45
11.417146073697703 3.56335839282033e-45
11.683354854432924 3.4821661920445956e-45
11.955770713056356 3.4028239801669993e-45
12.234538377385784 3.3252896046299015e-45
12.519805949796487 3.249521873334458e-45
12.811724985904382 3.1754805327562824e-45
13.110450575083778 3.1031262465597364e-45
13.416141422862523 3.0324205746995107e-45
13.72895993523834 2.963325952998381e-45
14.04907230496112 2.895805673190272e-45
14.37664859982702 2.8298238634180915e-45
14.711862853031292 2.7653454691758676e-45
15.054893155627816 2.7023362346851723e-45
15.405921751144481 2.6407626846958753e-45
15.765135132404664 2.5805921067015573e-45
16.132724140606275 2.5217925335601777e-45
16.50888406671095 2.464332726510706e-45
16.89381475519735 2.4081821585767542e-45
17.287720710233557 2.353310998348339e-45
17.690811204325115 2.299690094133195e-45
18.103300389496336 2.247290958469198e-45
18.52540741106398 2.196085752989681e-45
18.957356524063755 2.1460472736335942e-45
19.399377212391464 2.0971489361926712e-45
19.85170431072216 2.049364762187874e-45
20.314578129271972 2.002669365067692e-45
20.788244581469023 1.9570379367208803e-45
21.272955314601134 1.9124462342965234e-45
21.76896784350983 1.868870567324417e-45
22.27654568740161 1.826287785128889e-45
22.79595850984919 1.7846752645294385e-45
23.327482262057103 1.744010897821581e-45
23.871399329467756 1.704273081031582e-45
24.427998681785848 1.6654407024387886e-45
24.997576026500827 1.62749313135951e-45
25.580433965988984 1.5904102071864273e-45
26.176882158278623 1.5541722286777704e-45
26.787237481563718 1.518759943490536e-45
27.411824202553472 1.4841545379521853e-45
28.050974148747212 1.4503376270654136e-45
28.705026884726152 1.4172912447406478e-45
29.374329892555654 1.3849978342511127e-45
30.05923875639388 1.3534402389053709e-45
30.760117351404876 1.3226016929323985e-45
31.477338037076432 1.292465812574345e-45
32.21128185504559 1.2630165873822452e-45
32.962338731536356 1.2342383717100743e-45
33.730907684518286 1.2061158764025814e-45
34.51739703569462 1.1786341606725575e-45
35.322224627433556 1.1517786241631557e-45
36.14581804475762 1.1255349991910842e-45
36.98861484250899 1.0998893431665402e-45
37.851062777811606 1.0748280311858525e-45
38.733620047953465 1.0503377487929097e-45
39.63675553381552 1.0264054849055173e-45
40.5609490489765 1.0030185249029311e-45
41.506691594626034 9.801644438708951e-46
42.47448562042145 9.578311000005863e-46
43.46484529142686 9.360066281379786e-46
44.4782967612764 9.14679433480175e-46
45.515378451706574 8.93838185415373e-46
46.576641338606535 8.734718115031979e-46
47.66264924473788 8.535694915921812e-46
48.773979139279795 8.341206520712865e-46
49.911221444358546 8.151149602524072e-46
51.07498034872413 7.965423188808661e-46
52.265874128740876 7.783928607709961e-46
53.48453547686238 7.606569435639427e-46
54.731611837765406 7.433251446049217e-46
56.00776575232122 7.26388255937192e-46
57.31367520958723 7.098372794100986e-46
58.650034007005786 6.93663421898575e-46
60.017552119001664 6.7785809063157336e-46
61.416956074173925 6.624128886269398e-46
62.84898934128261 6.473196102303013e-46
64.31441272423535 6.325702367556078e-46
65.81400476628369 6.181569322249998e-46
67.34856216364385 6.040720392057482e-46
68.91890018876182 5.90308074742049e-46
70.52585312344742 5.768577263795142e-46
72.17027470210763 5.6371384828024395e-46
73.8530385653146 5.508694574264215e-46
75.57503872394936 5.383177299104059e-46
77.33719003416762 5.260519973093602e-46
79.14042868344033 5.140657431424833e-46
80.98571268792693 5.02352599408962e-46
82.87402240144569 4.909063432048128e-46
84.80636103631147 4.79720893416805e-46
86.78375519631766 4.687903074917147e-46
88.80725542214539 4.581087782791952e-46
90.8779367494899 4.476706309465789e-46
92.99689928020044 4.374703199639815e-46
95.16526876673713 4.2750242615809666e-46
97.38419721025556 4.177616538331238e-46
99.6548634726365 4.082428279572967e-46
101.97847390278609 3.989408914135157e-46
104.35626297753925 3.8985090231262684e-46
106.78949395750668 3.8096803136791734e-46
109.27945955821409 3.722875593294371e-46
111.82748263689002 3.638048744767744e-46
114.43491689526716 3.55515470168966e-46
117.10314759877073 3.4741494245022774e-46
119.8335923124757 3.394989877102428e-46
122.62770165422418 3.3176340039776006e-46
125.4869600653028 3.242040707862875e-46
128.41288659908975 3.1681698279069626e-46
131.40703572809028 3.095982118335749e-46
134.4709981697896 3.0254392276019732e-46
137.6064017317617 2.956503678009995e-46
140.8149121764835 2.889138845804834e-46
144.09823410631301 2.8233089417148586e-46
147.45811186910282 2.7589789919378408e-46
150.89633048492877 2.69611481956023e-46
154.41471659442715 2.6346830263998114e-46
158.01513942924367 2.5746509752620722e-46
161.6995118051102 2.5159867726008628e-46
165.46979113807643 2.4586592515741536e-46
169.32798048443664 2.4026379554858476e-46
173.27612960490418 2.3478931216049044e-46
177.3163360535986 2.2943956653531247e-46
181.45074629242436 2.242117164853236e-46
185.68155683143308 2.1910298458290594e-46
190.01101539577502 2.141106566849707e-46
194.44142211985996 2.0923208049100207e-46
198.9751307693619 2.0446466413395557e-46
203.61454999171644 1.998058748032621e-46
208.36214459577587 1.952532373992096e-46
213.2204368613011 1.9080433321798235e-46
218.19200787898666 1.8645679866666436e-46
223.27949892173046 1.8220832400752036e-46
228.48561284787684 1.780566521308893e-46
233.81311553717836 1.7399957735603777e-46
239.2648373602396 1.7003494425933617e-46
244.8436746822229 1.6616064652913536e-46
250.55259140161598 1.6237462584673571e-46
256.3946205248776 1.5867487079285273e-46
262.37286577779935 1.550594157789997e-46
268.49050325443824 1.5152634000321927e-46
274.7507831044972 1.4807376642960886e-46
281.15703126004934 1.4469986079109776e-46
287.7126512025234 1.41402830614946e-46
294.4211257708895 1.381809242704485e-46
301.2860190120053 1.3503243003833628e-46
308.3109780741064 1.3195567520138286e-46
315.4997351444457 1.2894902515573058e-46
322.8561094321127 1.2601088254246585e-46
330.38400919708465 1.2313968639898216e-46
338.08743382658884 1.2033391132967906e-46
345.970475959878 1.1759206669555666e-46
354.0373236625486 1.1491269582227695e-46
362.2922626515567 1.1229437522626779e-46
370.7396785721134 1.0973571385846163e-46
379.3840593276699 1.0723535236526549e-46
388.22999746422977 1.047919623663699e-46
397.28219261025527 1.0240424574901343e-46
406.54545397346374 1.0007093397832701e-46
416.02470289584096 9.779078742339312e-47
425.7249754682287 9.556259469866037e-47
435.6514252058753 9.338517202036413e-47
445.8093257863709 9.125736257761172e-47
456.2040738514225 8.9178035917797e-47
466.841191873956 8.71460873460191e-47
477.72633109207 8.516043733818544e-47
488.86527451139875 8.322003096748663e-47
500.26393997748045 8.132383734394056e-47
511.92838331976236 7.947084906670565e-47
523.8648015689132 7.766008168887379e-47
536.079536249153 7.589057319445802e-47
548.5790767473477 7.416138348729712e-47
561.3700637606607 7.247159389160583e-47
574.4592928245908 7.082030666390489e-47
587.8537179232724 6.920664451607248e-47
601.560455183956 6.762975014926233e-47
615.5867866576306 6.608878579844214e-47
629.940164187797 6.458293278730989e-47
644.6282133694491 6.311139109335106e-47
659.6587376003637 6.167337892280657e-47
675.039722226853 6.026813229532504e-47
690.7793387861822 5.889490463807897e-47
706.885949347905 5.75529663891289e-47
723.368110956425 5.624160460982524e-47
740.2345801771418 5.496012260604165e-47
757.4943177485981 5.370783955803839e-47
775.1564933430986 5.248409015876002e-47
793.2304904383309 5.128822426037385e-47
811.7259113025749 5.011960652886259e-47
830.6525820961508 4.897761610648701e-47
850.0205580918159 4.786164628193971e-47
869.8401290168822 4.677110416801412e-47
890.1218245198946 4.570541038661855e-47
910.8764197647733 4.466399876096653e-47
932.1149411553916 4.3646316014781256e-47
953.848672193633 4.2651821478353583e-47
976.0891594740359 4.167998680129759e-47
998.8482188182152 4.073029567185082e-47
1022.1379415523157 3.980224354257098e-47
1045.9707009308356 3.8895337362282034e-47
1070.3591587102305 3.8009095314128417e-47
1095.3162718757928 3.7143046559597633e-47
1120.8552995253765 3.629673098837533e-47
1146.98980991363 3.546969897390019e-47
1173.7336876604738 3.4661511134488237e-47
1201.1011411276565 3.387173809990038e-47
1229.1067099673062 3.3099960283228477e-47
1257.7652728464884 3.2345767657979308e-47
1287.0920553518754 3.1608759540237493e-47
1317.1026380787234 3.0888544375792076e-47
1347.812964908458 3.018473953211351e-47
1379.239351479266 2.949697109507033e-47
1411.3984938541882 2.8824873670277874e-47
1444.3074773913293 2.81680901889733e-47
1477.9837858208825 2.7526271718313626e-47
1512.445310533807 2.689907727599653e-47
1547.71036008708 2.6286173649104765e-47
1583.797669930582 2.5687235217078333e-47
1620.7264123607779 2.5101943778720394e-47
1658.5162067064848 2.452998838314482e-47
1697.1871297521373 2.3971065164575573e-47
1736.7597264040865 2.342487718091052e-47
1777.255020605602 2.2891134255963183e-47
1818.6945265063737 2.236955282529954e-47
1861.1002598924472 2.1859855785587038e-47
1904.4947498826687 2.1361772347376585e-47
1948.9010508978479 2.0875037891238666e-47
1994.3427549090043 2.039939382717777e-47
2040.8440039711966 1.9934587457249682e-47
2088.4295030496014 1.9480371841309507e-47
2137.124533144652 1.9036505665818302e-47
2186.9549647232075 1.8602753115639292e-47
2237.947271462894 1.8178883748755023e-47
2290.1285443169163 1.776467237383926e-47
2343.5265059068115 1.7359898930618375e-47
2398.169525250793 1.696434837295871e-47
2454.086632835509 1.6577810554618004e-47
2511.3075360392254 1.6200080117599747e-47
2569.8626349146184 1.5830956383051627e-47
2629.783038339575 1.5470243244649813e-47
2691.100580544569 1.5117749064412447e-47
2753.8478380254037 1.47732865708872e-47
2818.0581468502987 1.443667275965851e-47
2883.7656203705187 1.4107728796121884e-47
2951.0051673439552 1.3786279920473484e-47
3019.812510481288 1.3472155354864556e-47
3090.2242054245785 1.3165188212671388e-47
3162.2776601683795 1.2865215409832547e-47
