# %ECSV 1.0
# ---
# datatype:
# - {name: mx, unit: MeV, datatype: float64}
# - {name: sigma_9, unit: cm2, datatype: float64}
# schema: astropy-2.0
mx sigma_9
3.162277660168379e-07 1.4505199599484923e-32
3.2360111549336787e-07 1.441567859376397e-32
3.311463862505236e-07 1.4331774497506889e-32
3.388675869043115e-07 1.4253345442219044e-32
3.4676881953794695e-07 1.418024742013883e-32
3.548542818811901e-07 1.411233463926508e-32
3.6312826954049566e-07 1.4049458729210943e-32
3.715951782811629e-07 1.3991465828739603e-32
3.8025950636269697e-07 1.3938210936446795e-32
3.89125856928623e-07 1.3889527565816592e-32
3.9819894045202297e-07 1.3845257738844145e-32
4.0748357723809307e-07 1.3805236112127852e-32
4.169846999850535e-07 1.3769293448019472e-32
4.2670735640476865e-07 1.373725355399372e-32
4.3665671190447213e-07 1.370894203762706e-32
4.4683805233101997e-07 1.368416927674138e-32
4.572567867791303e-07 1.3662746552667174e-32
4.6791845046510194e-07 1.3644477447534282e-32
4.788287076675383e-07 1.3629159301178936e-32
4.899933547366384e-07 1.3616583014848143e-32
5.014183231736547e-07 1.360653278897178e-32
5.131096827821533e-07 1.3598786018162648e-32
5.250736448927506e-07 1.3593112949652007e-32
5.373165656630395e-07 1.3589276868843866e-32
5.4984494945446e-07 1.3587033886661366e-32
5.626654522879044e-07 1.3586133133937218e-32
5.757848853798981e-07 1.3586316584543118e-32
5.892102187612295e-07 1.3587319451837626e-32
6.029485849799565e-07 1.358887037017523e-32
6.17007282890752e-07 1.3590691628866376e-32
6.313937815326057e-07 1.359249961878168e-32
6.461157240969403e-07 1.3594005531527927e-32
6.611809319882495e-07 1.3594915458111249e-32
6.765974089794179e-07 1.3594931568629788e-32
6.923733454639272e-07 1.3593752626810552e-32
7.085171228072106e-07 1.3591074962176014e-32
7.250373177994646e-07 1.3586593582129135e-32
7.419427072122865e-07 1.358000282317763e-32
7.592422724615558e-07 1.3570998024290674e-32
7.769452043790388e-07 1.3559276541652582e-32
7.950609080952509e-07 1.3544539104535977e-32
8.135990080361694e-07 1.3526491447293606e-32
8.325693530364543e-07 1.3504845460279064e-32
8.519820215718901e-07 1.347932101479304e-32
8.718473271138315e-07 1.3449647495175208e-32
8.921758236084957e-07 1.3415565429115475e-32
9.12978311084014e-07 1.337682801836127e-32
9.342658413882192e-07 1.333320282464301e-32
9.560497240602198e-07 1.32844737017812e-32
9.78341532338879e-07 1.3230441577918164e-32
1.0011531093113902e-06 1.3170926778988894e-32
1.0244965742052174e-06 1.3105769950137953e-32
1.048384328826741e-06 1.3034833664767232e-32
1.0728290641500308e-06 1.295800322309841e-32
1.0978437670592484e-06 1.2875188105178717e-32
1.1234417272482566e-06 1.2786322626806235e-32
1.149636544281106e-06 1.2691366753610963e-32
1.1764421348171486e-06 1.2590306570741944e-32
1.2038727400046132e-06 1.2483154696767007e-32
1.2319429330465773e-06 1.2369950262768e-32
1.2606676269433496e-06 1.2250758880443468e-32
1.2900620824153782e-06 1.2125672786155569e-32
1.3201419160108953e-06 1.1994809253661894e-32
1.3509231084026028e-06 1.1858310893720728e-32
1.38242201287781e-06 1.1716344627185682e-32
1.4146553640265304e-06 1.1569099729597857e-32
1.447640286632156e-06 1.1416787490862452e-32
1.4813943047694329e-06 1.1259639317429289e-32
1.5159353511145682e-06 1.1097905074624065e-32
1.5512817764724183e-06 1.0931851540509641e-32
1.587452359525819e-06 1.0761760391235073e-32
1.6244663168122348e-06 1.058792639889622e-32
1.6623433129330315e-06 1.0410655322053456e-32
1.7011034710007933e-06 1.023026205023597e-32
1.740767383330235e-06 1.0047068315068785e-32
1.7813561223783898e-06 9.861400852362541e-33
1.8228912519398869e-06 9.673589401546833e-33
1.8653948386032614e-06 9.483964549807111e-33
1.908889463474389e-06 9.292856037978807e-33
1.9533982341732686e-06 9.100590866062882e-33
1.9989447971105317e-06 8.90749165141443e-33
2.045553350050195e-06 8.713874909412106e-33
2.0932486549653353e-06 8.520049728696812e-33
2.1420560511935146e-06 8.326316303145516e-33
2.192001468898943e-06 8.132964870386133e-33
2.2431114428485372e-06 7.940274469943542e-33
2.2954131265091837e-06 7.748512171523635e-33
2.3489343064737076e-06 7.557932222000824e-33
2.403703417223201e-06 7.368775424406483e-33
2.4597495562335635e-06 7.181268632002614e-33
2.5171024994342686e-06 6.995624372043016e-33
2.575792717027583e-06 6.812040629588827e-33
2.635851389676631e-06 6.630700645980843e-33
2.6973104250709106e-06 6.451772979188637e-33
2.760202474878063e-06 6.275411535267286e-33
2.8245609520908932e-06 6.101755769708528e-33
2.8904200487788716e-06 5.930930921401361e-33
2.9578147542535346e-06 5.7630483602224733e-33
3.026780873657441e-06 5.5982059705889055e-33
3.097355046986562e-06 5.436488604652694e-33
3.1695747685562034e-06 5.2779686120455045e-33
3.2434784069208122e-06 5.1227062845527805e-33
3.319105225258239e-06 4.970750520037651e-33
3.3964954022292982e-06 4.822139357801727e-33
3.4756900533236943e-06 4.676900584695341e-33
3.5567312527036693e-06 4.53505237956727e-33
3.6396620555569646e-06 4.396603866593576e-33
3.7245265209709786e-06 4.2615557932225496e-33
3.811369735340273e-06 4.1299011062814524e-33
3.900237836319859e-06 4.001625558049539e-33
3.991178037336996e-06 3.876708291178066e-33
4.0842386526745176e-06 3.7551224070043194e-33
4.179469123139017e-06 3.636835515657984e-33
4.2769200423275275e-06 3.521810266974428e-33
4.376643183506652e-06 3.410004853411548e-33
4.478691527118417e-06 3.3013735060882144e-33
4.583119288927478e-06 3.195866930151431e-33
4.689981948824612e-06 3.093432762790277e-33
4.799336280301815e-06 2.9940159716164604e-33
4.911240380614659e-06 2.897559237737304e-33
5.0257537016479225e-06 2.8040033191083344e-33
5.142937081500915e-06 2.713287382112007e-33
5.262852776809252e-06 2.625349314590261e-33
5.385564495820272e-06 2.5401260103722808e-33
5.511137432239651e-06 2.457553635933179e-33
5.639638299867211e-06 2.3775678758774797e-33
5.771135368040315e-06 2.300104147902105e-33
5.905698497903673e-06 2.225097813436777e-33
6.043399179524854e-06 2.15248435615964e-33
6.184310569875183e-06 2.0821995497913788e-33
6.32850753169624e-06 2.0141796121747016e-33
6.47606667327258e-06 1.948361323725467e-33
6.627066389131828e-06 1.8846821645291494e-33
6.781586901693754e-06 1.823080406171168e-33
6.939710303890459e-06 1.76349520723606e-33
7.101520602780329e-06 1.7058667011265932e-33
7.267103764178904e-06 1.6501360479726248e-33
7.436547758330399e-06 1.5962455080888402e-33
7.609942606644117e-06 1.5441384873487877e-33
7.787380429520604e-06 1.4937595759815003e-33
7.968955495292936e-06 1.4450545825548914e-33
8.15476427030917e-06 1.3979705597491566e-33
8.344905470182516e-06 1.3524558252834553e-33
8.539480112236516e-06 1.3084599712905717e-33
8.738591569173047e-06 1.265933876062715e-33
8.942345623991688e-06 1.2248297059142661e-33
9.150850526189614e-06 1.1851009128815012e-33
9.364217049271877e-06 1.1467022316730435e-33
9.58255854960264e-06 1.1095896742622354e-33
9.805991026628606e-06 1.0737205062842287e-33
1.0034633184506672e-05 1.0390532478657687e-33
1.0268606495168497e-05 1.0055476491770148e-33
1.0508035262855554e-05 9.731646731811823e-34
1.07530466901589e-05 9.418664792409181e-34
1.1003770945598772e-05 9.116163932081293e-34
1.1260341232779899e-05 8.823788937318546e-34
1.1522893861159297e-05 8.541195832914791e-34
1.1791568318464117e-05 8.268051650807657e-34
1.206650734479802e-05 8.004034172449433e-34
1.2347857008475478e-05 7.748831675424813e-34
1.263576678362426e-05 7.502142666231568e-34
1.293038962959737e-05 7.263675621190278e-34
1.3231882072236462e-05 7.033148720013673e-34
1.3540404287030327e-05 6.8102895786847725e-34
1.3856120184212054e-05 6.594834981476291e-34
1.4179197495840522e-05 6.386530646067154e-34
1.4509807864912299e-05 6.185130905907711e-34
1.484812693655133e-05 5.990398508941744e-34
1.5194334451324849e-05 5.802104334387772e-34
1.5548614340735104e-05 5.620027147094595e-34
1.5911154824937624e-05 5.443953356057281e-34
1.6282148512737936e-05 5.273676763864163e-34
1.6661792503919872e-05 5.108998335698401e-34
1.7050288493959805e-05 4.9497259665437686e-34
1.7447842881182494e-05 4.795674253744738e-34
1.785466687641539e-05 4.646664272779128e-34
1.8270976615199758e-05 4.5025233650788125e-34
1.869699327261814e-05 4.363084925304156e-34
1.91329431807992e-05 4.228188197161414e-34
1.957905794916243e-05 4.0976780729238555e-34
2.003557458746648e-05 3.971404900698817e-34
2.0502735631726606e-05 3.849224295783624e-34
2.0980789273068064e-05 3.7309969569167568e-34
2.1469989489583918e-05 3.6165884941643896e-34
2.1970596181267336e-05 3.505869247148298e-34
2.2482875308090033e-05 3.398714127742249e-34
2.3007099031300245e-05 3.2950024559751282e-34
2.354354585801526e-05 3.194617802978026e-34
2.4092500789185385e-05 3.0974478403209247e-34
2.4654255471007912e-05 3.003384197404219e-34
2.5229108349871537e-05 2.9123223133261617e-34
2.5817364830913554e-05 2.824161307348544e-34
2.641933744027406e-05 2.738803843953264e-34
2.7035345991133382e-05 2.656156007435634e-34
2.7665717753620915e-05 2.5761271750377007e-34
2.8310787628685666e-05 2.498629902909097e-34
2.8970898326020842e-05 2.4235798117704955e-34
2.964640054613707e-05 2.3508954702472337e-34
3.033765316668089e-05 2.280498296124314e-34
3.104502343309761e-05 2.21231244912439e-34
3.176888715373972e-05 2.1462647330163017e-34
3.25096288995246e-05 2.082284500872721e-34
3.326764220824756e-05 2.0203035611671436e-34
3.4043329793658724e-05 1.9602560902604325e-34
3.483710375941493e-05 1.902078548304486e-34
3.5649385818020195e-05 1.8457095930248466e-34
3.648060751487119e-05 1.7910900040568773e-34
3.73312104575266e-05 1.7381626044008985e-34
3.820164655032238e-05 1.686872187818655e-34
3.90923782344573e-05 1.637165447221835e-34
4.0003878733676586e-05 1.588990905727336e-34
4.093663230568398e-05 1.54229885231664e-34
4.1891134499415887e-05 1.4970412772686878e-34
4.2867892418314344e-05 1.453171811353773e-34
4.386742498973848e-05 1.410645667022e-34
4.489026324065786e-05 1.3694195818210154e-34
4.5936950579773975e-05 1.3294517633740152e-34
4.700804308621986e-05 1.2907018377535876e-34
4.8104109804991236e-05 1.2531307977515445e-34
4.922573304926602e-05 1.216700955107139e-34
5.0373508709772956e-05 1.1813758928315974e-34
5.154804657137365e-05 1.1471204208412771e-34
5.27499706370262e-05 1.113900531339413e-34
5.397991945930254e-05 1.0816833578076224e-34
5.5238546479635675e-05 1.0504371343126394e-34
5.6526520375476976e-05 1.0201311566496504e-34
5.784452541554797e-05 9.907357448768255e-35
5.9193261823375433e-05 9.622222072807635e-35
6.057344614930286e-05 9.34562805558419e-35
6.198581165117595e-05 9.077307218154402e-35
6.34311086839044e-05 8.817000252690453e-35
6.491010509810695e-05 8.564456428962246e-35
6.642358664805138e-05 8.319433274983753e-35
6.797235740910648e-05 8.081696307452814e-35
6.955724020492732e-05 7.85101874280624e-35
7.117907704460117e-05 7.627181233925238e-35
7.283872956998614e-05 7.409971612781511e-35
7.453707951348025e-05 7.199184640298471e-35
7.627502916646401e-05 6.994621770840145e-35
7.805350185866558e-05 6.796090916672802e-35
7.987344244870308e-05 6.603406228205386e-35
8.173581782606456e-05 6.4163878853094e-35
8.364161742479263e-05 6.234861881934134e-35
8.559185374914618e-05 6.058659829514623e-35
8.758756291151902e-05 5.887618770713138e-35
8.96298051829007e-05 5.721580990022387e-35
9.17196655561724e-05 5.560393835844258e-35
9.385825432253677e-05 5.40390955298412e-35
9.604670766138824e-05 5.251985109229058e-35
9.828618824393714e-05 5.104482042160592e-35
0.00010057788585090809 4.961266303371744e-35
0.00010292301800464121 4.822208110146503e-35
0.00010532283061593165 4.6871818005934804e-35
0.00010777859864595113 4.5560656979325957e-35
0.00011029162678360347 4.428741977246777e-35
0.00011286325013867351 4.3050965326067354e-35
0.00011549483495113791 4.185018859237027e-35
0.00011818777931701482 4.068401930338395e-35
0.0001209435139311377 3.9551420821285113e-35
0.00012376350284724815 3.845138898580465e-35
0.00012664924425581149 3.738295124163305e-35
0.00012960227127996844 3.6345165210880763e-35
0.00013262415279004548 3.5337118064515953e-35
0.00013571649423705693 3.435792539958028e-35
0.0001388809385056415 3.3406730290660914e-35
0.00014211916678688624 3.248270243501199e-35
0.00014543289947150178 3.158503726636688e-35
0.0001488238970638237 3.071295511865139e-35
0.00015229396111712465 2.986570040751285e-35
0.00015584493519073535 2.9042540881621554e-35
0.00015947870582948208 2.824276678907942e-35
0.00016319720356596128 2.746569025791085e-35
0.00016700240394618395 2.671064450334146e-35
0.00017089632857913436 2.5976983154559013e-35
0.000174881046210801 2.5264079667206617e-35
0.00017895867382325032 2.457132660040583e-35
0.0001831313777593269 2.38981350618423e-35
0.00018740137487357792 2.3243934081575405e-35
0.00019177093371001327 2.26081700951048e-35
0.000196242375707327 2.199030628298019e-35
0.00020081807643222024 2.1389822144884e-35
0.00020550046684148122 2.080621292710966e-35
0.0002102920345734925 2.023898913364258e-35
0.0002151953252698519 1.968767604377207e-35
0.00022021294392780895 1.915181324544356e-35
0.00022534755628423554 1.8630954183209035e-35
0.0002306018902318662 1.8124665720757486e-35
0.00023597873726856003 1.763252772214209e-35
0.0002414809539803547 1.7154132641212294e-35
0.0002471114635590999 1.6689085126485915e-35
0.00025287325735547713 1.6237001644061388e-35
0.00025876939646823026 1.5797510090604567e-35
0.00026480301337045197 1.5370249498115314e-35
0.000270977313573789 1.4954869576261126e-35
0.00027729557733145163 1.4551030486822024e-35
0.00028376116138093086 1.4158402467181007e-35
0.0002903775007273506 1.3776665532536758e-35
0.00029714811046840066 1.340550916212472e-35
0.00030407658766182135 1.3044632025320834e-35
0.00031116661323643183 1.269374168682269e-35
0.0003184219539477161 1.2352554320196355e-35
0.00032584646437900766 1.2020794469406298e-35
0.00033344408898933415 1.1698194776984912e-35
0.0003412188642090111 1.1384495736021252e-35
0.0003491749205840977 1.1079445436468441e-35
0.0003573164849708539 1.0782799425458818e-35
0.0003656478827813646 1.0494320263611582e-35
0.0003741735402815245 1.0213777605097133e-35
0.0003828979869426037 9.940947700387743e-36
0.000391825857847644 9.675613392584196e-36
0.000400961896153964 9.417563832326608e-36
0.0004103109556130814 9.166594287282438e-36
0.0004198780031493915 8.922506019746121e-36
0.00042966812149897106 8.685105989083107e-36
0.000439686511909911 8.45420679310404e-36
0.0004499384969056106 8.229626442081163e-36
0.00046042952311250296 8.011188205760308e-36
0.0004711651641537129 7.79872045990985e-36
0.00048215112361018567 7.592056524017964e-36
0.0004933932380508582 7.39103452382629e-36
0.0005048974801334842 7.195497236906677e-36
0.0005166699617777604 7.005291960733301e-36
0.0005287169374124361 6.820270374628035e-36
0.0005410448072981404 6.640288408999469e-36
0.0005536601209276797 6.465206119183847e-36
0.0005665695805056229 6.294887560831499e-36
0.0005797800445090163 6.12920067319157e-36
0.0005932985313311235 5.9680171597535294e-36
0.000607132223010125 5.811212383359288e-36
0.0006212884690447563 5.658665247306836e-36
0.0006357747902989163 5.510258099334655e-36
0.0006505988829973161 5.365876623331768e-36
0.0006657686228142928 5.2254097448545425e-36
0.0006812920690579615 5.088749531213188e-36
0.0006971774689519261 4.955791104367482e-36
0.0007134332620168255 4.826432540140633e-36
0.0007300680845540431 4.700574792623657e-36
0.0007470907742339592 4.578121599727983e-36
0.0007645103747911887 4.4589794078996625e-36
0.0007823361408292924 4.343057288346861e-36
0.00080057754273752 4.230266857647207e-36
0.0008192442717221943 4.120522208993933e-36
0.0008383462449554094 4.013739832622692e-36
0.0008578936108437789 3.909838549215242e-36
0.0008778967544200344 3.8087394396289634e-36
0.000898366302860337 3.710365778590885e-36
0.0009193131311302326 3.6146429704658976e-36
0.0009407483677622533 3.5214984857798225e-36
0.000962683400768232 3.4308618010169416e-36
0.000985129883689471 3.342664340025059e-36
0.0010080997417879817 3.256839415982892e-36
0.0010316051783820807 3.173322176208376e-36
0.0010556586813297128 3.09204954882329e-36
0.0010802730296629402 3.0129601915996235e-36
0.001105461300377127 2.9359944379643077e-36
0.0011312368753784248 2.8610942517499092e-36
0.0011576134485932472 2.788203177887551e-36
0.0011846050332435167 2.7172662970721166e-36
0.0012122259692915415 2.648230180773383e-36
0.0012404909310584848 2.5810428482639098e-36
0.0012694149350204683 2.515653725575811e-36
0.0012990133477864558 2.4520136037683082e-36
0.0013293018942621524 2.3900746010065826e-36
0.001360296666004259 2.3297901243907367e-36
0.001392014129769518 2.2711148333516682e-36
0.0014244711362630968 2.2140046045148613e-36
0.0014576849290909482 2.1584164975019284e-36
0.0014916731539209149 2.1043087221670344e-36
0.0015264538678574353 2.0516406066449913e-36
0.0015620455490348386 2.0003725668444658e-36
0.0015984671064343198 1.9504660768665003e-36
0.0016357378899298156 1.9018836404143403e-36
0.0016738777005681136 1.8545887634833526e-36
0.0017129068010886602 1.8085459275795697e-36
0.0017528459266886532 1.763720564527704e-36
0.00179371629603914 1.7200790316689053e-36
0.0018355396225579732 1.677588588079333e-36
0.0018783381259456144 1.6362173718526545e-36
0.0019221345439899109 1.595934377942652e-36
0.001966952144646121 1.5567094368590302e-36
0.0020128147383986056 1.518513194165524e-36
0.002059746690910748 1.481317090550317e-36
0.0021077729359698315 1.445093342599672e-36
0.0021569189887337423 1.4098149241700039e-36
0.002207210959286545 1.3754555483411321e-36
0.0022586755665101248 1.3419896499115745e-36
0.0023113401522792685 1.3093923683199538e-36
0.0023652326959877285 1.2776395310155614e-36
0.0024203818294129824 1.2467076373850283e-36
0.0024768168519275916 1.2165738428392843e-36
0.002534567746065232 1.1872159433881278e-36
0.0025936651934496745 1.1586123605514834e-36
0.0026541405910951734 1.1307421264571772e-36
0.0027160260680869266 1.103584869288403e-36
0.0027793545026504624 1.0771207989139231e-36
0.002844159539619031 1.0513306928831423e-36
0.0029104756083082714 1.0261958823910826e-36
0.0029783379408076585 1.0016982386845258e-36
0.0030477825906984404 9.77820159461767e-37
0.0031188464522080173 9.545445556051378e-37
0.0031915672798109355 9.318548379468166e-37
0.0032659837082868936 9.097349042681055e-37
0.003342135273246469 8.881691264598674e-37
0.0034200624321353945 8.6714233779541e-37
0.0034998065857286074 8.466398204285056e-37
0.0035814101001254554 8.266472930218075e-37
0.003664916329257761 8.071508985289554e-37
0.0037503696379226933 7.881371921851064e-37
0.0038378154253526898 7.695931296558692e-37
0.003927300149334948 7.515060554148277e-37
0.004018871350893299 7.338636912646623e-37
0.00411257767954558 7.1665412510357815e-37
0.004208468919149921 6.9986579989473265e-37
0.004306596014353682 6.834875028491166e-37
0.004407011097659079 6.675083548451955e-37
0.004509767517119906 6.519178000776069e-37
0.004614919864684026 6.367055959449575e-37
0.004722524005196735 6.218618031813004e-37
0.004832637106080367 6.073767762337947e-37
0.004945317667705937 5.9324115388851214e-37
0.005060625554472947 5.79445850148878e-37
0.005178622026613854 5.659820453607821e-37
0.005299369772740128 5.5284117759539925e-37
0.005422932943147155 5.400149342747303e-37
0.0055493771838957115 5.274952440515454e-37
0.00567876967168809 5.152742689376462e-37
0.005811179149557424 5.033443966750542e-37
0.0059466759633891655 4.91698233352444e-37
0.006085332099294114 4.80328596260351e-37
0.006227221221852859 4.692285069819469e-37
0.006372418713251954 4.583911847151248e-37
0.006521001713332612 4.478100398194275e-37
0.006673049160573193 4.374786675833678e-37
0.006828641834027273 4.273908422082239e-37
0.006987862396239558 4.175405110021003e-37
0.00715079543716245 4.079217887759823e-37
0.007317527519096606 3.985289524413675e-37
0.007488147222679345 3.893564357997342e-37
0.007662745193945353 3.803988245192383e-37
0.007841414192484688 3.7165085129283062e-37
0.008024249140723652 3.631073911711579e-37
0.008211347174354735 3.5476345706469633e-37
0.008402807693942412 3.4661419540951517e-37
0.008598732417732204 3.3865488199057185e-37
0.008799225435691074 3.3088091791745276e-37
0.009004393264807849 3.2328782574681106e-37
0.009214344905683071 3.15871245746018e-37
0.009429191900438323 3.086269322925528e-37
0.009649048391975805 3.015507504040214e-37
0.009874031184619632 2.946386723938777e-37
0.010104259806171096 2.878867746479541e-37
0.01033985657141083 2.812912345171136e-37
0.010580946647081629 2.748483273214384e-37
0.010827658118386449 2.6855442346132623e-37
0.011080122057036918 2.6240598563133195e-37
0.011338472590888495 2.563995661326126e-37
0.01160284697519928 2.505318042800396e-37
0.01187338566555036 2.447994239001503e-37
0.012150232392466372 2.391992309161836e-37
0.012433534237775993 2.3372811101665267e-37
0.01272344171275288 2.2838302740408387e-37
0.013020108838078586 2.2316101862070245e-37
0.013323693225669961 2.1805919644790464e-37
0.013634356162414448 2.1307474387649333e-37
0.013952262695857842 2.08204913144811e-37
0.014277581721889965 2.034470238420505e-37
0.014610486074474885 1.9879846107411865e-37
0.014951152617473332 1.942566736895095e-37
0.015299762338606094 1.898191725627763e-37
0.015656500445608335 1.8548352893333875e-37
0.016021556464625875 1.812473727974133e-37
0.016395124340905766 1.7710839135096075e-37
0.016777402541834602 1.730643274816462e-37
0.017168594162379338 1.6911297830791104e-37
0.01756890703298664 1.652521937633217e-37
0.017978553829998065 1.6147987522443777e-37
0.01839775218863974 1.5779397418054866e-37
0.01882672481864659 1.5419249094368057e-37
0.01926569962258253 1.5067347339734988e-37
0.019714909816919448 1.4723501578261337e-37
0.020174594055939365 1.4387525752003528e-37
0.02064499655852557 1.4059238206623516e-37
0.021126367237910063 1.3738461580376136e-37
0.021618961834446313 1.3425022696307848e-37
0.02212304205147776 1.3118752457551212e-37
0.022638875694374342 1.2819485745605195e-37
0.0231667368128109 1.2527061321495426e-37
0.02370690584636297 1.2241321729713747e-37
0.024259669773497434 1.196211320484071e-37
0.024825322264037063 1.1689285580758504e-37
0.025404163835180054 1.1422692202366406e-37
0.025996502011157406 1.116218983971386e-37
0.026602651486612925 1.09076386044708e-37
0.027222934293792744 1.065890186865729e-37
0.027857679973633073 1.0415846185558586e-37
0.02850722575083718 1.0178341212754442e-37
0.02917191671303455 9.946259637194437e-38
0.029852105994117403 9.719477102254041e-38
0.030548154961852016 9.49787213670868e-38
0.031260433409864494 9.281326085565564e-38
0.031989319754103004 9.06972304269563e-38
0.0327352012338808 8.862949785209977e-38
0.03349847411760691 8.660895709527664e-38
0.034279543913313774 8.463452769083425e-38
0.03507882558409363 8.27051541362622e-38
0.03589674376855814 8.081980530061151e-38
0.03673373300643846 7.897747384789212e-38
0.037590237969445384 7.717717567500899e-38
0.038466713697512506 7.541794936381478e-38
0.03936362584054766 7.369885564687289e-38
0.04028145090582124 7.201897688653609e-38
0.04122067651112274 7.037741656696538e-38
0.04218180164382002 6.877329879872144e-38
0.043165336925959 6.720576783557949e-38
0.044171804885544536 6.567398760322547e-38
0.04520174023414663 6.417714123950668e-38
0.046255690150979495 6.271443064592039e-38
0.047334214573604344 6.128507605003262e-38
0.048437886495410414 5.988831557853382e-38
0.04956729227003216 5.852340484064276e-38
0.05072303192286451 5.718961652158296e-38
0.051905719469841495 5.588623998586525e-38
0.05311598324364777 5.461258089011414e-38
0.05435446622753626 5.33679608051904e-38
0.05562182639692926 5.215171684736476e-38
0.056918737068984544 5.096320131830815e-38
0.058245887260312136 4.98017813536698e-38
0.05960398205303182 4.86668385800228e-38
0.06099374296936585 4.755776877996212e-38
0.06241590835496589 4.6473981565146705e-38
0.06387123377117784 4.5414900057085295e-38
0.06536049239645289 4.437996057546833e-38
0.06688447543711816 4.336861233385733e-38
0.06844399254772507 4.238031714254617e-38
0.0700398722611988 4.14145491184158e-38
0.0716729624290174 4.0470794401607536e-38
0.07334413067165428 3.9548550878846553e-38
0.07505426483952363 3.8647327913250554e-38
0.07680427348467332 3.7766646080463886e-38
0.07859508634347626 3.69060369109623e-38
0.08042765483057629 3.606504263837643e-38
0.08230295254435131 3.524321595368764e-38
0.08422197578416211 3.4440119765153256e-38
0.08618574407966152 3.365532696382164e-38
0.08819530073244539 3.288842019450228e-38
0.09025171337033296 3.2138991632058913e-38
0.09235607451457113 3.1406642762897527e-38
0.09450950216026408 3.06909841715242e-38
0.09671314037033632 2.999163533205126e-38
0.09896815988334524 2.930822440453389e-38
0.10127575873546546 2.864038803602057e-38
0.10363716289697593 2.7987771166206506e-38
0.10605362692358762 2.7350026837579675e-38
0.10852643462295801 2.672681600995266e-38
0.11105689973674641 2.6117807379277213e-38
0.11364636663857243 2.5522677200639233e-38
0.11629621104824843 2.494110911533616e-38
0.1190078407626656 2.4372793981939923e-38
0.12178269640372161 2.381742971125221e-38
0.12462225218368743 2.327472110505977e-38
0.1275280166884199 2.27443796986012e-38
0.13050153367883624 2.2226123606657796e-38
0.1335443829110759 2.1719677373183591e-38
0.13665818097578622 2.122477182439196e-38
0.13984458215697693 2.0741143925217796e-38
0.14310527931090045 2.026853663907679e-38
0.14644200476542463 1.980669879084427e-38
0.14985653124037576 1.9355384932979644e-38
0.15335067278934078 1.891435521472216e-38
0.1569262857634292 1.848337525428727e-38
0.1605852697975066 1.806221601399369e-38
0.16432956881942368 1.7650653678253061e-38
0.16816117208277714 1.7248469534355927e-38
0.172082115223751 1.685544985598921e-38
0.1760944813425998 1.6471385789421995e-38
0.1802004021103484 1.6096073242297544e-38
0.18440205890129596 1.5729312774971907e-38
0.18870168395192646 1.5370909494339595e-38
0.1931015615468407 1.5020672950089402e-38
0.1976040292323402 1.4678417033334018e-38
0.20221147905830805 1.434395987755868e-38
0.20692635884904578 1.401712376183561e-38
0.21175117350374192 1.369773501625174e-38
0.2166884863272632 1.3385623929498957e-38
0.22174092039197504 1.308062465857697e-38
0.22691115993131514 1.2782575140560377e-38
0.23220195176586036 1.2491317006382157e-38
0.2376161067626448 1.220669549658748e-38
0.24315650132850383 1.1928559379012445e-38
0.24882607893823822 1.1656760868343573e-38
0.25462785169840935 1.1391155547514846e-38
0.2605649019475973 1.1131602290900053e-38
0.26664038389397104 1.087796318925938e-38
0.27285752529104135 1.0630103476399875e-38
0.2792196291524867 1.0387891457510513e-38
0.2857300755069626 1.0151198439133568e-38
0.2923923231938275 9.919898660734582e-39
0.2992099117007387 9.693869227834504e-39
0.3061864630440946 9.47299004666812e-39
0.31332568369332287 9.257143760333769e-39
0.32063136654003577 9.046215686400368e-39
0.3281073929131 8.84009375593811e-39
0.3357577346406907 8.638668453940556e-39
0.343586456160426 8.441832761106054e-39
0.3515977166787018 8.249482096947478e-39
0.359795772380376 8.061514264199914e-39
0.368184978689974 7.877829394496564e-39
0.3767697925856183 7.698329895283869e-39
0.38555477496691104 7.522920397947608e-39
0.394544593078027 7.351507707122125e-39
0.4037440229873054 7.184000751155774e-39
0.4131579521246571 7.020310533706174e-39
0.42279138187813525 6.860350086439336e-39
0.43264943025104924 6.704034422807509e-39
0.4427373345810337 6.551280492881162e-39
0.4530604543225162 6.402007139210909e-39
0.4636242738940635 6.256135053695928e-39
0.47443440559211736 6.113586735435898e-39
0.48549659257266914 5.974286449543903e-39
0.4968167119024568 5.838160186898508e-39
0.5084007776813051 5.705135624813416e-39
0.5202549442372687 5.575142088603868e-39
0.5323855093962742 5.4481105140292746e-39
0.5447989178279997 5.323973410592054e-39
0.557501764469769 5.202664825673195e-39
0.5705007980302781 5.0841203094854076e-39
0.5838029245750183 4.968276880825212e-39
0.5974152111952977 4.855072993605734e-39
0.6113448897628128 4.7444485041524316e-39
0.6255993607717623 4.636344639244268e-39
0.6401861972705483 4.530703964883395e-39
0.6551131488851486 4.427470355776704e-39
0.6703881459363026 4.326588965513036e-39
0.686019303652694 4.228006197420065e-39
0.7020149264823721 4.1316696760855325e-39
0.7183835125046995 4.0375282195275454e-39
0.7351337579451718 3.9455318119991886e-39
0.7522745617955077 3.855631577412934e-39
0.7698150305414633 3.767779753370858e-39
0.7877644830008832 3.681929665786575e-39
0.8061324552745581 3.5980357040857744e-39
0.8249287058125218 3.516053296971759e-39
0.8441632205984669 3.435938888743457e-39
0.8638462184550629 3.357649916153051e-39
0.8839881564729563 3.281144785791083e-39
0.9045997355663667 3.2063828519869316e-39
0.9256919061582187 3.1333243952129285e-39
0.9472758739978306 3.061930600980642e-39
0.9693631061142522 2.992163539218095e-39
0.9919653369084147 2.923986144116975e-39
1.0150945743873274 2.8573621944390552e-39
1.0387631065436362 2.79225629427149e-39
1.0629835078839296 2.7286338542205858e-39
1.0877686461092637 2.6664610730342146e-39
1.1131316889514546 2.6057049196429545e-39
1.1390861111687691 2.546333115610527e-39
1.16564570170473 2.4883141179841444e-39
1.1928245710138414 2.43161710253565e-39
1.2206371585581264 2.3762119473845614e-39
1.2490982404784545 2.3220692169943288e-39
1.2782229374447416 2.2691601465332444e-39
1.3080267226891875 2.217456626591755e-39
1.3385254302268237 2.166931188248018e-39
1.369735263267732 2.1175569884737756e-39
1.4016728028254128 2.0693077958727853e-39
1.4343550165258654 2.0221579767442324e-39
1.4677992676220706 1.976082481463717e-39
1.5020233242186567 1.9310568311745804e-39
1.5370453687116559 1.887057104782482e-39
1.5728840074483612 1.844059926246352e-39
1.6095582806124205 1.8020424521589156e-39
1.6470876723394143 1.760982359610236e-39
1.6854921210682972 1.720857834327796e-39
1.7247920301341966 1.6816475590868334e-39
1.7650082786082029 1.6433307023847546e-39
1.8061622323899016 1.605886907373629e-39
1.848275755558551 1.569296281044864e-39
1.8913712219889245 1.5335393836603298e-39
1.935471527238 1.4985972184243044e-39
1.9806001007088037 1.464451221390753e-39
2.0267809180978715 1.43108325160059e-39
2.0740385141329463 1.3984755814436752e-39
2.1223979956076717 1.3666108872404125e-39
2.171885054720213 1.3354722400379736e-39
2.222525982722885 1.305043096616223e-39
2.274347683890048 1.275307290698589e-39
2.327377689811681 1.2462490243632158e-39
2.3816441740202396 1.2178528596497937e-39
2.437175966958554 1.190103710357666e-39
2.4940025712967335 1.1629868340307993e-39
2.552154177606206 1.1364878241254e-39
2.611661680399223 1.1105926023559829e-39
2.6725566945423505 1.085287411215858e-39
2.7348715720526675 1.0605588066680326e-39
2.7986394192855935 1.0363936510026578e-39
2.863894114523477 1.0127791058572297e-39
2.9306703259742912 9.897026253958203e-40
2.999003530189995 9.671519496437398e-40
3.068930030914351 9.451150979740573e-40
3.1404869783702067 9.235803627425399e-40
3.21371238899649 9.025363030676389e-40
3.2886451656454048 8.819717387521772e-40
3.3653251182505572 8.61875744343557e-40
3.443792984976987 8.422376433292987e-40
3.5240904538643507 8.230470024648375e-40
3.6062601849747473 8.042936262305718e-40
3.6903458330569543 7.85967551415203e-40
3.77639207073912 7.680590418225016e-40
3.8644446122622242 7.505585830986811e-40
3.9545502377669295 7.334568776776342e-40
4.046756818146711 7.167448398413402e-40
4.141113340480481 7.004135908928317e-40
4.237669934058216 6.8445445443914e-40
4.336477897013409 6.688589517817236e-40
4.437589723576497 6.5361879741193065e-40
4.541059131963759 6.387258946090951e-40
4.646941092916466 6.241723311389357e-40
4.755291858905486 6.099503750499671e-40
4.866168994016832 5.960524705656909e-40
4.979631404534034 5.824712340703919e-40
5.0957393702336 5.691994501863873e-40
5.214554576410165 5.5623006794066874e-40
5.336140146648369 5.435561970188844e-40
5.4605606763588606 5.311711041046748e-40
5.587882267096237 5.190682093024211e-40
5.718172561677172 5.0724108264150126e-40
5.851500780117376 4.956834406601958e-40
5.987937756406471 4.843891430674376e-40
6.127555976140354 4.733521894806153e-40
6.270429615030991 4.625667162377165e-40
6.416634578314149 4.520269932821014e-40
6.566248541075969 4.417274211182591e-40
6.719350989519823 4.31662527836933e-40
6.87602326319537 4.218269662080217e-40
7.036348598212252 4.122155108397257e-40
7.200412171461376 4.028230554024214e-40
7.368301145867304 3.936446099157914e-40
7.540104716695753 3.846752980977661e-40
7.715914158940838 3.759103547738749e-40
7.8958228758172275 3.673451233456206e-40
8.07992644838296 3.5897505331654362e-40
8.2683226863193 3.5079569787465065e-40
8.461111679894604 3.4280271152993336e-40
8.658395853139817 3.3499184780571334e-40
8.860280018263818 3.273589569825898e-40
9.066871431337571 3.1989998389379842e-40
9.278279849276613 3.126109657707968e-40
9.494617588152204 3.054880301379418e-40
9.715999582862075 2.9852739275513766e-40
9.942543448192506 2.9172535560736192e-40
10.17436954130415 2.8507830493999863e-40
10.411601025674827 2.7858270933894004e-40
10.654363936533231 2.722351178544309e-40
10.902787247818345 2.660321581676633e-40
11.157002940700098 2.599705347991466e-40
11.417146073697703 2.540470273578992e-40
11.683354854432924 2.4825848883053294e-40
11.955770713056356 2.42601843909322e-40
12.234538377385784 2.3707408735836843e-40
12.519805949796487 2.316722824169908e-40
12.811724985904382 2.263935592394984e-40
13.110450575083778 2.212351133705102e-40
13.416141422862523 2.1619420425501726e-40
13.72895993523834 2.1126815378239315e-40
14.04907230496112 2.064543448635783e-40
14.37664859982702 2.0175022004068604e-40
14.711862853031292 1.971532801282874e-40
15.054893155627816 1.9266108288565503e-40
15.405921751144481 1.882712417192604e-40
15.765135132404664 1.8398142441483617e-40
16.132724140606275 1.7978935189832726e-40
16.50888406671095 1.756927970250746e-40
16.89381475519735 1.7168958339658836e-40
17.287720710233557 1.6777758420428083e-40
17.690811204325115 1.6395472109954505e-40
18.103300389496336 1.6021896308957973e-40
18.52540741106398 1.5656832545837182e-40
18.957356524063755 1.5300086871226667e-40
19.399377212391464 1.4951469754956241e-40
19.85170431072216 1.4610795985358222e-40
20.314578129271972 1.4277884570869131e-40
20.788244581469023 1.3952558643873248e-40
21.272955314601134 1.3634645366737242e-40
21.76896784350983 1.3323975839985802e-40
22.27654568740161 1.3020385012569394e-40
22.79595850984919 1.2723711594176898e-40
23.327482262057103 1.2433797969545857e-40
23.871399329467756 1.2150490114725471e-40
24.427998681785848 1.1873637515247436e-40
24.997576026500827 1.160309308616129e-40
25.580433965988984 1.1338713093891853e-40
26.176882158278623 1.1080357079877076e-40
26.787237481563718 1.0827887785945922e-40
27.411824202553472 1.0581171081396404e-40
28.050974148747212 1.034007589173533e-40
28.705026884726152 1.0104474129041573e-40
29.374329892555654 9.874240623916236e-41
30.05923875639388 9.649253058983081e-41
30.760117351404876 9.42939190390445e-41
31.477338037076432 9.214540351877693e-41
32.21128185504559 9.004584257578566e-41
32.962338731536356 8.799412076518758e-41
33.730907684518286 8.598914805784863e-41
34.51739703569462 8.402985926127979e-41
35.322224627433556 8.211521345372579e-41
36.14581804475762 8.024419343114957e-41
36.98861484250899 7.841580516681615e-41
37.851062777811606 7.662907728319191e-41
38.733620047953465 7.488306053587418e-41
39.63675553381552 7.317682730928232e-41
40.5609490489765 7.150947112383796e-41
41.506691594626034 6.988010615437492e-41
42.47448562042145 6.828786675952166e-41
43.46484529142686 6.673190702180834e-41
44.4782967612764 6.521140029825074e-41
45.515378451706574 6.372553878117587e-41
46.576641338606535 6.227353306905346e-41
47.66264924473788 6.085461174710655e-41
48.773979139279795 5.94680209774777e-41
49.911221444358546 5.811302409873353e-41
51.07498034872413 5.678890123449486e-41
52.265874128740876 5.549494891098408e-41
53.48453547686238 5.423047968328675e-41
54.731611837765406 5.29948217701294e-41
56.00776575232122 5.178731869697826e-41
57.31367520958723 5.060732894727112e-41
58.650034007005786 4.945422562159491e-41
60.017552119001664 4.832739610462978e-41
61.416956074173925 4.722624173968168e-41
62.84898934128261 4.615017751063074e-41
64.31441272423535 4.50986317311268e-41
65.81400476628369 4.407104574086638e-41
67.34856216364385 4.306687360879043e-41
68.91890018876182 4.2085581843044523e-41
70.52585312344742 4.1126649107547863e-41
72.17027470210763 4.0189565945020266e-41
73.8530385653146 3.927383450632003e-41
75.57503872394936 3.8378968285949196e-41
77.33719003416762 3.750449186358483e-41
79.14042868344033 3.6649940651500377e-41
80.98571268792693 3.581486064774123e-41
82.87402240144569 3.4998808194925063e-41
84.80636103631147 3.4201349744537446e-41
86.78375519631766 3.342206162659815e-41
88.80725542214539 3.266052982457602e-41
90.8779367494899 3.191634975543191e-41
92.99689928020044 3.1189126054673866e-41
95.16526876673713 3.0478472366309785e-41
97.38419721025556 2.9784011137585756e-41
99.6548634726365 2.9105373418402e-41
101.97847390278609 2.844219866529847e-41
104.35626297753925 2.7794134549907163e-41
106.78949395750668 2.7160836771768644e-41
109.27945955821409 2.6541968875413897e-41
111.82748263689002 2.5937202071613594e-41
114.43491689526716 2.534621506270081e-41
117.10314759877073 2.4768693871873204e-41
119.8335923124757 2.4204331676385073e-41
122.62770165422418 2.365282864453997e-41
125.4869600653028 2.3113891776397504e-41
128.41288659908975 2.2587234748109658e-41
131.40703572809028 2.2072577759804216e-41
134.4709981697896 2.1569647386933699e-41
137.6064017317617 2.107817643501185e-41
140.8149121764835 2.0597903797659804e-41
144.09823410631301 2.012857431788657e-41
147.45811186910282 1.9669938652530602e-41
150.89633048492877 1.9221753139789794e-41
154.41471659442715 1.878377966977011e-41
158.01513942924367 1.8355785557983546e-41
161.6995118051102 1.7937543421728658e-41
165.46979113807643 1.752883105928786e-41
169.32798048443664 1.7129431331876913e-41
173.27612960490418 1.6739132048284691e-41
177.3163360535986 1.6357725852141033e-41
181.45074629242436 1.5985010111753523e-41
185.68155683143308 1.5620786812454306e-41
190.01101539577502 1.5264862451399704e-41
194.44142211985996 1.491704793476696e-41
198.9751307693619 1.4577158477293396e-41
203.61454999171644 1.4245013504104558e-41
208.36214459577587 1.3920436554779192e-41
213.2204368613011 1.3603255189600222e-41
218.19200787898666 1.3293300897941805e-41
223.27949892173046 1.2990409008743714e-41
228.48561284787684 1.269441860302583e-41
233.81311553717836 1.240517242839565e-41
239.2648373602396 1.2122516815504162e-41
244.8436746822229 1.184630159640501e-41
250.55259140161598 1.1576380024774002e-41
256.3946205248776 1.131260869794643e-41
262.37286577779935 1.1054847480730729e-41
268.49050325443824 1.0802959430958149e-41
274.7507831044972 1.0556810726728779e-41
281.15703126004934 1.0316270595315221e-41
287.7126512025234 1.00812112436863e-41
294.4211257708895 9.851507790613787e-42
301.2860190120053 9.627038200326084e-42
308.3109780741064 9.40768321767363e-42
315.4997351444457 9.193326304771582e-42
322.8561094321127 8.983853579086113e-42
330.38400919708465 8.779153752931454e-42
338.08743382658884 8.579118074345481e-42
345.970475959878 8.383640269312437e-42
354.0373236625486 8.192616485302283e-42
362.2922626515567 8.005945236096309e-42
370.7396785721134 7.823527347870057e-42
379.3840593276699 7.645265906504713e-42
388.22999746422977 7.471066206099042e-42
397.28219261025527 7.300835698654449e-42
406.54545397346374 7.134483944906534e-42
416.02470289584096 6.971922566276944e-42
425.7249754682287 6.813065197920037e-42
435.6514252058753 6.657827442839306e-42
445.8093257863709 6.506126827049427e-42
456.2040738514225 6.3578827557598e-42
466.841191873956 6.213016470556548e-42
477.72633109207 6.071451007560147e-42
488.86527451139875 5.933111156536357e-42
500.26393997748045 5.797923420938939e-42
511.92838331976236 5.665815978862719e-42
523.8648015689132 5.536718644886399e-42
536.079536249153 5.410562832784787e-42
548.5790767473477 5.287281519090601e-42
561.3700637606607 5.166809207486572e-42
574.4592928245908 5.049081894008871e-42
587.8537179232724 4.9340370330433765e-42
601.560455183956 4.821613504096747e-42
615.5867866576306 4.7117515793245846e-42
629.940164187797 4.604392891799556e-42
644.6282133694491 4.499480404502414e-42
659.6587376003637 4.396958380019711e-42
675.039722226853 4.296772350931838e-42
690.7793387861822 4.198869090875863e-42
706.885949347905 4.103196586267639e-42
723.368110956425 4.009704008668317e-42
740.2345801771418 3.918341687780419e-42
757.4943177485981 3.829061085059244e-42
775.1564933430986 3.741814767925549e-42
793.2304904383309 3.656556384565778e-42
811.7259113025749 3.573240639306498e-42
830.6525820961508 3.491823268549907e-42
850.0205580918159 3.412261017257708e-42
869.8401290168822 3.3345116159707474e-42
890.1218245198946 3.258533758352322e-42
910.8764197647733 3.184287079243109e-42
932.1149411553916 3.1117321332161804e-42
953.848672193633 3.0408303736206177e-42
976.0891594740359 2.9715441321026244e-42
998.8482188182152 2.90383659859325e-42
1022.1379415523157 2.8376718017521296e-42
1045.9707009308356 2.7730145898567853e-42
1070.3591587102305 2.7098306121273857e-42
1095.3162718757928 2.6480863004770354e-42
1120.8552995253765 2.587748851677855e-42
1146.98980991363 2.5287862099334713e-42
1173.7336876604738 2.4711670498485307e-42
1201.1011411276565 2.414860759786313e-42
1229.1067099673062 2.359837425605517e-42
1257.7652728464884 2.3060678147676123e-42
1287.0920553518754 2.253523360806314e-42
1317.1026380787234 2.202176148150936e-42
1347.812964908458 2.151998897295528e-42
1379.239351479266 2.1029649503059424e-42
1411.3984938541882 2.0550482566571495e-42
1444.3074773913293 2.0082233593932157e-42
1477.9837858208825 1.96246538160267e-42
1512.445310533807 1.9177500132020044e-42
1547.71036008708 1.8740534980203327e-42
1583.797669930582 1.831352621178319e-42
1620.7264123607779 1.789624696754687e-42
1658.5162067064848 1.7488475557337556e-42
1697.1871297521373 1.708999534227577e-42
1736.7597264040865 1.6700594619664618e-42
1777.255020605602 1.6320066510517247e-42
1818.6945265063737 1.5948208849647273e-42
1861.1002598924472 1.5584824078263296e-42
1904.4947498826687 1.5229719139010864e-42
1948.9010508978479 1.488270537340582e-42
1994.3427549090043 1.4543598421604793e-42
2040.8440039711966 1.4212218124459259e-42
2088.4295030496014 1.3888388427801519e-42
2137.124533144652 1.3571937288911406e-42
2186.9549647232075 1.326269658511428e-42
2237.947271462894 1.2960502024461581e-42
2290.1285443169163 1.2665193058446602e-42
2343.5265059068115 1.2376612796708995e-42
2398.169525250793 1.2094607923682807e-42
2454.086632835509 1.1819028617143746e-42
2511.3075360392254 1.1549728468612257e-42
2569.8626349146184 1.128656440557039e-42
2629.783038339575 1.1029396615450878e-42
2691.100580544569 1.0778088471358123e-42
2753.8478380254037 1.0532506459481777e-42
2818.0581468502987 1.0292520108164132e-42
2883.7656203705187 1.0058001918583705e-42
2951.0051673439552 9.828827297018313e-43
3019.812510481288 9.604874488651484e-43
3090.2242054245785 9.386024512887143e-43
3162.2776601683795 9.172161100138131e-43
