# %ECSV 1.0
# ---
# datatype:
# - {name: mx, unit: MeV, datatype: float64}
# - {name: sigma_6, unit: cm2, datatype: float64}
# schema: astropy-2.0
mx sigma_6
3.162277660168379e-07 3.5105093248005857e-44
3.2360111549336787e-07 3.5105095373236317e-44
3.311463862505236e-07 3.5105097598728346e-44
3.388675869043115e-07 3.5105099929211937e-44
3.4676881953794695e-07 3.510510236964029e-44
3.548542818811901e-07 3.5105104925200225e-44
3.6312826954049566e-07 3.5105107601323277e-44
3.715951782811629e-07 3.5105110403697215e-44
3.8025950636269697e-07 3.51051133382782e-44
3.89125856928623e-07 3.510511641130331e-44
3.9819894045202297e-07 3.510511962930384e-44
4.0748357723809307e-07 3.510512299911929e-44
4.169846999850535e-07 3.5105126527911794e-44
4.2670735640476865e-07 3.510513022318139e-44
4.3665671190447213e-07 3.510513409278189e-44
4.4683805233101997e-07 3.510513814493764e-44
4.572567867791303e-07 3.5105142388261125e-44
4.6791845046510194e-07 3.5105146831770863e-44
4.788287076675383e-07 3.5105151484911066e-44
4.899933547366384e-07 3.5105156357571407e-44
5.014183231736547e-07 3.510516146010815e-44
5.131096827821533e-07 3.5105166803366036e-44
5.250736448927506e-07 3.510517239870156e-44
5.373165656630395e-07 3.510517825800689e-44
5.4984494945446e-07 3.5105184393735236e-44
5.626654522879044e-07 3.510519081892729e-44
5.757848853798981e-07 3.510519754723914e-44
5.892102187612295e-07 3.5105204592970787e-44
6.029485849799565e-07 3.510521197109714e-44
6.17007282890752e-07 3.510521969729952e-44
6.313937815326057e-07 3.510522778799886e-44
6.461157240969403e-07 3.510523626039099e-44
6.611809319882495e-07 3.5105245132482976e-44
6.765974089794179e-07 3.510525442313108e-44
6.923733454639272e-07 3.5105264152081566e-44
7.085171228072106e-07 3.5105274340012115e-44
7.250373177994646e-07 3.510528500857558e-44
7.419427072122865e-07 3.5105296180446876e-44
7.592422724615558e-07 3.5105307879370136e-44
7.769452043790388e-07 3.5105320130209973e-44
7.950609080952509e-07 3.5105332959003945e-44
8.135990080361694e-07 3.510534639301793e-44
8.325693530364543e-07 3.510536046080398e-44
8.519820215718901e-07 3.5105375192261434e-44
8.718473271138315e-07 3.5105390618699894e-44
8.921758236084957e-07 3.5105406772906285e-44
9.12978311084014e-07 3.5105423689213903e-44
9.342658413882192e-07 3.510544140357622e-44
9.560497240602198e-07 3.5105459953642556e-44
9.78341532338879e-07 3.510547937883839e-44
1.0011531093113902e-06 3.510549972044917e-44
1.0244965742052174e-06 3.5105521021708326e-44
1.048384328826741e-06 3.510554332788823e-44
1.0728290641500308e-06 3.5105566686397564e-44
1.0978437670592484e-06 3.510559114688151e-44
1.1234417272482566e-06 3.5105616761327136e-44
1.149636544281106e-06 3.510564358417377e-44
1.1764421348171486e-06 3.510567167242968e-44
1.2038727400046132e-06 3.510570108579181e-44
1.2319429330465773e-06 3.5105731886773714e-44
1.2606676269433496e-06 3.510576414083842e-44
1.2900620824153782e-06 3.5105797916536165e-44
1.3201419160108953e-06 3.510583328565221e-44
1.3509231084026028e-06 3.510587032335748e-44
1.38242201287781e-06 3.51059091083696e-44
1.4146553640265304e-06 3.510594972311952e-44
1.447640286632156e-06 3.510599225392706e-44
1.4813943047694329e-06 3.510603679118392e-44
1.5159353511145682e-06 3.5106083429546237e-44
1.5512817764724183e-06 3.510613226813558e-44
1.587452359525819e-06 3.5106183410749195e-44
1.6244663168122348e-06 3.5106236966081534e-44
1.6623433129330315e-06 3.5106293047954197e-44
1.7011034710007933e-06 3.510635177555838e-44
1.740767383330235e-06 3.5106413273708325e-44
1.7813561223783898e-06 3.5106477673105856e-44
1.8228912519398869e-06 3.510654511061884e-44
1.8653948386032614e-06 3.510661572957186e-44
1.908889463474389e-06 3.5106689680050503e-44
1.9533982341732686e-06 3.5106767119220405e-44
1.9989447971105317e-06 3.5106848211661703e-44
2.045553350050195e-06 3.5106933129717893e-44
2.0932486549653353e-06 3.5107022053862506e-44
2.1420560511935146e-06 3.510711517308332e-44
2.192001468898943e-06 3.5107212685282165e-44
2.2431114428485372e-06 3.510731479769743e-44
2.2954131265091837e-06 3.5107421727342896e-44
2.3489343064737076e-06 3.510753370146981e-44
2.403703417223201e-06 3.5107650958049086e-44
2.4597495562335635e-06 3.5107773746277673e-44
2.5171024994342686e-06 3.5107902327107105e-44
2.575792717027583e-06 3.510803697379886e-44
2.635851389676631e-06 3.5108177972504296e-44
2.6973104250709106e-06 3.5108325622872856e-44
2.760202474878063e-06 3.5108480238689126e-44
2.8245609520908932e-06 3.510864214853861e-44
2.8904200487788716e-06 3.5108811696506566e-44
2.9578147542535346e-06 3.510898924290893e-44
3.026780873657441e-06 3.510917516505719e-44
3.097355046986562e-06 3.510936985806092e-44
3.1695747685562034e-06 3.5109573735666156e-44
3.2434784069208122e-06 3.5109787231135203e-44
3.319105225258239e-06 3.511001079816651e-44
3.3964954022292982e-06 3.5110244911858377e-44
3.4756900533236943e-06 3.5110490069718414e-44
3.5567312527036693e-06 3.5110746792720356e-44
3.6396620555569646e-06 3.5111015626410207e-44
3.7245265209709786e-06 3.511129714206537e-44
3.811369735340273e-06 3.511159193790794e-44
3.900237836319859e-06 3.511190064037529e-44
3.991178037336996e-06 3.511222390545033e-44
4.0842386526745176e-06 3.5112562420054654e-44
4.179469123139017e-06 3.511291690350749e-44
4.2769200423275275e-06 3.5113288109053036e-44
4.376643183506652e-06 3.5113676825460133e-44
4.478691527118417e-06 3.5114083878696885e-44
4.583119288927478e-06 3.511451013368471e-44
4.689981948824612e-06 3.5114956496134533e-44
4.799336280301815e-06 3.5115423914469777e-44
4.911240380614659e-06 3.5115913381839884e-44
5.0257537016479225e-06 3.511642593822857e-44
5.142937081500915e-06 3.5116962672661453e-44
5.262852776809252e-06 3.5117524725517713e-44
5.385564495820272e-06 3.5118113290950504e-44
5.511137432239651e-06 3.5118729619421503e-44
5.639638299867211e-06 3.5119375020354365e-44
5.771135368040315e-06 3.512005086491379e-44
5.905698497903673e-06 3.5120758588914887e-44
6.043399179524854e-06 3.5121499695869445e-44
6.184310569875183e-06 3.512227576017593e-44
6.32850753169624e-06 3.5123088430459586e-44
6.47606667327258e-06 3.512393943306917e-44
6.627066389131828e-06 3.512483057573889e-44
6.781586901693754e-06 3.512576375142213e-44
6.939710303890459e-06 3.5126740942305873e-44
7.101520602780329e-06 3.5127764224013263e-44
7.267103764178904e-06 3.512883577000478e-44
7.436547758330399e-06 3.5129957856185407e-44
7.609942606644117e-06 3.5131132865728916e-44
7.787380429520604e-06 3.513236329412862e-44
7.968955495292936e-06 3.51336517544858e-44
8.15476427030917e-06 3.5135000983045915e-44
8.344905470182516e-06 3.513641384499589e-44
8.539480112236516e-06 3.5137893340532695e-44
8.738591569173047e-06 3.5139442611217503e-44
8.942345623991688e-06 3.514106494662778e-44
9.150850526189614e-06 3.514276379132179e-44
9.364217049271877e-06 3.5144542752129787e-44
9.58255854960264e-06 3.5146405605787434e-44
9.805991026628606e-06 3.5148356306926754e-44
1.0034633184506672e-05 3.51503989964423e-44
1.0268606495168497e-05 3.5152538010248974e-44
1.0508035262855554e-05 3.515477788845068e-44
1.07530466901589e-05 3.515712338493798e-44
1.1003770945598772e-05 3.5159579477435686e-44
1.1260341232779899e-05 3.516215137802017e-44
1.1522893861159297e-05 3.5164844544129553e-44
1.1791568318464117e-05 3.516766469008825e-44
1.206650734479802e-05 3.5170617799170965e-44
1.2347857008475478e-05 3.5173710136229834e-44
1.263576678362426e-05 3.5176948260912516e-44
1.293038962959737e-05 3.518033904149628e-44
1.3231882072236462e-05 3.518388966936906e-44
1.3540404287030327e-05 3.5187607674185363e-44
1.3856120184212054e-05 3.5191500939728775e-44
1.4179197495840522e-05 3.5195577720514556e-44
1.4509807864912299e-05 3.5199846659164583e-44
1.484812693655133e-05 3.520431680459179e-44
1.5194334451324849e-05 3.5208997631030576e-44
1.5548614340735104e-05 3.521389905795127e-44
1.5911154824937624e-05 3.521903147090142e-44
1.6282148512737936e-05 3.522440574331294e-44
1.6661792503919872e-05 3.523003325932256e-44
1.7050288493959805e-05 3.523592593764957e-44
1.7447842881182494e-05 3.5242096256579704e-44
1.785466687641539e-05 3.5248557280105825e-44
1.8270976615199758e-05 3.525532268527802e-44
1.869699327261814e-05 3.526240679081631e-44
1.91329431807992e-05 3.526982458704546e-44
1.957905794916243e-05 3.5277591767209937e-44
2.003557458746648e-05 3.528572476023205e-44
2.0502735631726606e-05 3.5294240764977714e-44
2.0980789273068064e-05 3.530315778609739e-44
2.1469989489583918e-05 3.5312494671514003e-44
2.1970596181267336e-05 3.532227115162978e-44
2.2482875308090033e-05 3.533250788032981e-44
2.3007099031300245e-05 3.5343226477861933e-44
2.354354585801526e-05 3.535444957567611e-44
2.4092500789185385e-05 3.5366200863310597e-44
2.4654255471007912e-05 3.5378505137414236e-44
2.5229108349871537e-05 3.539138835300059e-44
2.5817364830913554e-05 3.540487767702993e-44
2.641933744027406e-05 3.541900154442307e-44
2.7035345991133382e-05 3.5433789716611756e-44
2.7665717753620915e-05 3.5449273342736626e-44
2.8310787628685666e-05 3.546548502360793e-44
2.8970898326020842e-05 3.548245887854793e-44
2.964640054613707e-05 3.550023061523973e-44
3.033765316668089e-05 3.5518837602711587e-44
3.104502343309761e-05 3.55383189475911e-44
3.176888715373972e-05 3.5558715573768716e-44
3.25096288995246e-05 3.5580070305615897e-44
3.326764220824756e-05 3.5602427954908154e-44
3.4043329793658724e-05 3.56258354116099e-44
3.483710375941493e-05 3.565034173868361e-44
3.5649385818020195e-05 3.567599827109152e-44
3.648060751487119e-05 3.570285871916586e-44
3.73312104575266e-05 3.5730979276528573e-44
3.820164655032238e-05 3.576041873274997e-44
3.90923782344573e-05 3.579123859094185e-44
4.0003878733676586e-05 3.5823503190488415e-44
4.093663230568398e-05 3.5857279835125477e-44
4.1891134499415887e-05 3.5892638926587616e-44
4.2867892418314344e-05 3.592965410404947e-44
4.386742498973848e-05 3.596840238959745e-44
4.489026324065786e-05 3.6008964339975744e-44
4.5936950579773975e-05 3.605142420486108e-44
4.700804308621986e-05 3.6095870091929334e-44
4.8104109804991236e-05 3.614239413898739e-44
4.922573304926602e-05 3.6191092693454914e-44
5.0373508709772956e-05 3.6242066499490666e-44
5.154804657137365e-05 3.6295420893070433e-44
5.27499706370262e-05 3.6351266005335947e-44
5.397991945930254e-05 3.6409716974545867e-44
5.5238546479635675e-05 3.6470894166975225e-44
5.6526520375476976e-05 3.6534923407122986e-44
5.784452541554797e-05 3.660193621760246e-44
5.9193261823375433e-05 3.667207006910634e-44
6.057344614930286e-05 3.6745468640855254e-44
6.198581165117595e-05 3.6822282091955527e-44
6.34311086839044e-05 3.6902667344114083e-44
6.491010509810695e-05 3.698678837617672e-44
6.642358664805138e-05 3.707481653098004e-44
6.797235740910648e-05 3.716693083503045e-44
6.955724020492732e-05 3.726331833154961e-44
7.117907704460117e-05 3.736417442745269e-44
7.283872956998614e-05 3.7469703254856215e-44
7.453707951348025e-05 3.758011804774268e-44
7.627502916646401e-05 3.7695641534443773e-44
7.805350185866558e-05 3.7816506346639563e-44
7.987344244870308e-05 3.7942955445610855e-44
8.173581782606456e-05 3.807524256652205e-44
8.364161742479263e-05 3.821363268155678e-44
8.559185374914618e-05 3.8358402482775996e-44
8.758756291151902e-05 3.8509840885617585e-44
8.96298051829007e-05 3.866824955401031e-44
9.17196655561724e-05 3.883394344813079e-44
9.385825432253677e-05 3.9007251395892576e-44
9.604670766138824e-05 3.9188516689317595e-44
9.828618824393714e-05 3.937809770700658e-44
0.00010057788585090809 3.957636856399424e-44
0.00010292301800464121 3.978371979034456e-44
0.00010532283061593165 4.000055903991665e-44
0.00010777859864595113 4.022731183080731e-44
0.00011029162678360347 4.0464422319052965e-44
0.00011286325013867351 4.071235410725473e-44
0.00011549483495113791 4.0971591089867316e-44
0.00011818777931701482 4.1242638336974543e-44
0.0001209435139311377 4.1526023018451175e-44
0.00012376350284724815 4.182229537048861e-44
0.00012664924425581149 4.2132029706536234e-44
0.00012960227127996844 4.2455825474779194e-44
0.00013262415279004548 4.2794308364339683e-44
0.00013571649423705693 4.3148131462444264e-44
0.0001388809385056415 4.3517976464850685e-44
0.00014211916678688624 4.3904554941864476e-44
0.00014543289947150178 4.4308609662301936e-44
0.0001488238970638237 4.473091597776653e-44
0.00015229396111712465 4.517228326959952e-44
0.00015584493519073535 4.563355646083741e-44
0.00015947870582948208 4.61156175954606e-44
0.00016319720356596128 4.661938748713964e-44
0.00016700240394618395 4.714582743958076e-44
0.00017089632857913436 4.769594104043165e-44
0.000174881046210801 4.827077603053273e-44
0.00017895867382325032 4.88714262500793e-44
0.0001831313777593269 4.949903366299518e-44
0.00018740137487357792 5.01547904605024e-44
0.00019177093371001327 5.083994124449781e-44
0.000196242375707327 5.155578529091266e-44
0.00020081807643222024 5.230367889272698e-44
0.00020550046684148122 5.308503778173445e-44
0.0002102920345734925 5.390133962749186e-44
0.0002151953252698519 5.475412661114289e-44
0.00022021294392780895 5.564500807096147e-44
0.00022534755628423554 5.657566321551536e-44
0.0002306018902318662 5.75478438992947e-44
0.00023597873726856003 5.856337745447457e-44
0.0002414809539803547 5.962416957117978e-44
0.0002471114635590999 6.073220721718198e-44
0.00025287325735547713 6.188956158638148e-44
0.00025876939646823026 6.309839106369422e-44
0.00026480301337045197 6.436094419207676e-44
0.000270977313573789 6.567956262536982e-44
0.00027729557733145163 6.705668404841821e-44
0.00028376116138093086 6.849484504352663e-44
0.0002903775007273506 6.999668387973746e-44
0.00029714811046840066 7.156494319866175e-44
0.00030407658766182135 7.320247256766572e-44
0.00031116661323643183 7.491223086811076e-44
0.0003184219539477161 7.669728848307626e-44
0.00032584646437900766 7.856082924557399e-44
0.00033344408898933415 8.050615210470196e-44
0.0003412188642090111 8.253667246351099e-44
0.0003491749205840977 8.465592313859365e-44
0.0003573164849708539 8.686755488758814e-44
0.0003656478827813646 8.917533644695775e-44
0.0003741735402815245 9.158315401861558e-44
0.0003828979869426037 9.409501014026641e-44
0.000391825857847644 9.671502187080542e-44
0.000400961896153964 9.944741821882189e-44
0.0004103109556130814 1.0229653673930193e-43
0.0004198780031493915 1.052668192210913e-43
0.00042966812149897106 1.0836280638569873e-43
0.000439686511909911 1.1158913151669291e-43
0.0004499384969056106 1.1495051293842027e-43
0.00046042952311250296 1.184517452631703e-43
0.0004711651641537129 1.2209768932740407e-43
0.00048215112361018567 1.2589326074037776e-43
0.0004933932380508582 1.2984341697260753e-43
0.0005048974801334842 1.3395314291727674e-43
0.0005166699617777604 1.3822743486505187e-43
0.0005287169374124361 1.4267128284197707e-43
0.0005410448072981404 1.4728965127130755e-43
0.0005536601209276797 1.5208745793341558e-43
0.0005665695805056229 1.570695512133661e-43
0.0005797800445090163 1.622406856434556e-43
0.0005932985313311235 1.6760549576794858e-43
0.000607132223010125 1.7316846837943028e-43
0.0006212884690447563 1.7893391320049233e-43
0.0006357747902989163 1.8490593211078507e-43
0.0006505988829973161 1.910883870475487e-43
0.0006657686228142928 1.9748486673732677e-43
0.0006812920690579615 2.0409865244727816e-43
0.0006971774689519261 2.1093268297592076e-43
0.0007134332620168255 2.1798951913472463e-43
0.0007300680845540431 2.2527130800314234e-43
0.0007470907742339592 2.3277974726974272e-43
0.0007645103747911887 2.405160500003916e-43
0.0007823361408292924 2.4848091020010096e-43
0.00080057754273752 2.5667446955747945e-43
0.0008192442717221943 2.6509628577880172e-43
0.0008383462449554094 2.7374530293180193e-43
0.0008578936108437789 2.8261982422660394e-43
0.0008778967544200344 2.9171748766202452e-43
0.000898366302860337 3.0103524495921994e-43
0.0009193131311302326 3.105693441908018e-43
0.0009407483677622533 3.203153164917958e-43
0.000962683400768232 3.3026796720897925e-43
0.000985129883689471 3.4042137180726614e-43
0.0010080997417879817 3.507688768061481e-43
0.0010316051783820807 3.613031059662275e-43
0.0010556586813297128 3.720159718862702e-43
0.0010802730296629402 3.8289869310591275e-43
0.001105461300377127 3.939418167392527e-43
0.0011312368753784248 4.05135246591365e-43
0.0011576134485932472 4.164682766347358e-43
0.0011846050332435167 4.279296296472645e-43
0.0012122259692915415 4.395075007394272e-43
0.0012404909310584848 4.5118960542708635e-43
0.0012694149350204683 4.629632318398177e-43
0.0012990133477864558 4.748152965940148e-43
0.0013293018942621524 4.867324038067773e-43
0.001360296666004259 4.987009066818412e-43
0.001392014129769518 5.107069710635488e-43
0.0014244711362630968 5.227366403297322e-43
0.0014576849290909482 5.347759009798923e-43
0.0014916731539209149 5.468107482713012e-43
0.0015264538678574353 5.588272512625532e-43
0.0015620455490348386 5.7081161664129355e-43
0.0015984671064343198 5.827502507396825e-43
0.0016357378899298156 5.946298191769196e-43
0.0016738777005681136 6.0643730361171785e-43
0.0017129068010886602 6.181600551380097e-43
0.0017528459266886532 6.297858439130575e-43
0.00179371629603914 6.4130290466730105e-43
0.0018355396225579732 6.526999778084085e-43
0.0018783381259456144 6.639663458967804e-43
0.0019221345439899109 6.75091865334964e-43
0.001966952144646121 6.860669931778679e-43
0.0020128147383986056 6.968828090332295e-43
0.002059746690910748 7.075310320814355e-43
0.0021077729359698315 7.180040332997161e-43
0.0021569189887337423 7.282948430270758e-43
0.002207210959286545 7.383971540525274e-43
0.0022586755665101248 7.483053204497266e-43
0.0023113401522792685 7.580143524156341e-43
0.0023652326959877285 7.675199073991677e-43
0.0024203818294129824 7.76818277827861e-43
0.0024768168519275916 7.859063757564122e-43
0.002534567746065232 7.947817147709162e-43
0.0025936651934496745 8.034423894867854e-43
0.0026541405910951734 8.11887052977387e-43
0.0027160260680869266 8.201148924646789e-43
0.0027793545026504624 8.281256035932688e-43
0.002844159539619031 8.359193635958873e-43
0.0029104756083082714 8.434968036419118e-43
0.0029783379408076585 8.508589806419733e-43
0.0030477825906984404 8.580073487613369e-43
0.0031188464522080173 8.649437308733182e-43
0.0031915672798109355 8.716702901619943e-43
0.0032659837082868936 8.781895020612502e-43
0.003342135273246469 8.845041266953481e-43
0.0034200624321353945 8.906171819648465e-43
0.0034998065857286074 8.965319174012575e-43
0.0035814101001254554 9.022517888943968e-43
0.003664916329257761 9.0778043437821e-43
0.0037503696379226933 9.131216505438922e-43
0.0038378154253526898 9.182793706335956e-43
0.003927300149334948 9.23257643353788e-43
0.004018871350893299 9.280606129344558e-43
0.00411257767954558 9.326925003488203e-43
0.004208468919149921 9.371575856978904e-43
0.004306596014353682 9.414601917551168e-43
0.004407011097659079 9.456046686583858e-43
0.004509767517119906 9.495953797296917e-43
0.004614919864684026 9.534366883968434e-43
0.004722524005196735 9.5713294618651e-43
0.004832637106080367 9.606884817537088e-43
0.004945317667705937 9.641075909093522e-43
0.005060625554472947 9.673945276047509e-43
0.005178622026613854 9.705534958298307e-43
0.005299369772740128 9.735886423803281e-43
0.005422932943147155 9.765040504481876e-43
0.0055493771838957115 9.793037339889037e-43
0.00567876967168809 9.819916328194186e-43
0.005811179149557424 9.84571608400452e-43
0.0059466759633891655 9.870474402577771e-43
0.006085332099294114 9.89422822997794e-43
0.006227221221852859 9.917013638738901e-43
0.006372418713251954 9.93886580861409e-43
0.006521001713332612 9.959819012005089e-43
0.006673049160573193 9.979906603678304e-43
0.006828641834027273 9.999161014395974e-43
0.006987862396239558 1.001761374810552e-42
0.00715079543716245 1.0035295382349854e-42
0.007317527519096606 1.0052235571579375e-42
0.007488147222679345 1.0068463053065534e-42
0.007662745193945353 1.008400565513386e-42
0.007841414192484688 1.0098890307453018e-42
0.008024249140723652 1.0113143053133929e-42
0.008211347174354735 1.0126789062410814e-42
0.008402807693942412 1.0139852647692393e-42
0.008598732417732204 1.015235727978804e-42
0.008799225435691074 1.0164325605129069e-42
0.009004393264807849 1.0175779463820043e-42
0.009214344905683071 1.01867399083693e-42
0.009429191900438323 1.0197227222960978e-42
0.009649048391975805 1.0207260943143484e-42
0.009874031184619632 1.0216859875821209e-42
0.010104259806171096 1.0226042119447167e-42
0.01033985657141083 1.0234825084324713e-42
0.010580946647081629 1.0243225512936185e-42
0.010827658118386449 1.025125950022477e-42
0.011080122057036918 1.0258942513764956e-42
0.011338472590888495 1.026628941376374e-42
0.01160284697519928 1.0273314472842256e-42
0.01187338566555036 1.0280031395553972e-42
0.012150232392466372 1.0286453337601215e-42
0.012433534237775993 1.0292592924717449e-42
0.01272344171275288 1.0298462271187552e-42
0.013020108838078586 1.0304072997982884e-42
0.013323693225669961 1.0309436250491975e-42
0.013634356162414448 1.031456271583119e-42
0.013952262695857842 1.0319462639723428e-42
0.014277581721889965 1.0324145842935506e-42
0.014610486074474885 1.0328621737267655e-42
0.014951152617473332 1.0332899341091165e-42
0.015299762338606094 1.0336987294432026e-42
0.015656500445608335 1.0340893873600595e-42
0.016021556464625875 1.0344627005368633e-42
0.016395124340905766 1.0348194280696968e-42
0.016777402541834602 1.0351602968017904e-42
0.017168594162379338 1.0354860026077924e-42
0.01756890703298664 1.0357972116346918e-42
0.017978553829998065 1.0360945615001327e-42
0.01839775218863974 1.0363786624488902e-42
0.01882672481864659 1.0366500984683721e-42
0.01926569962258253 1.0369094283640338e-42
0.019714909816919448 1.0371571867956487e-42
0.020174594055939365 1.0373938852753927e-42
0.02064499655852557 1.0376200131287466e-42
0.021126367237910063 1.0378360384192065e-42
0.021618961834446313 1.038042408837841e-42
0.02212304205147776 1.0382395525586957e-42
0.022638875694374342 1.0384278790610989e-42
0.0231667368128109 1.038607779919869e-42
0.02370690584636297 1.0387796295644523e-42
0.024259669773497434 1.0389437860079949e-42
0.024825322264037063 1.0391005915473484e-42
0.025404163835180054 1.0392503734349932e-42
0.025996502011157406 1.039393444523832e-42
0.026602651486612925 1.0395301038858257e-42
0.027222934293792744 1.0396606374053783e-42
0.027857679973633073 1.0397853183483844e-42
0.02850722575083718 1.039904407907844e-42
0.02917191671303455 1.0400181557268791e-42
0.029852105994117403 1.0401268004000378e-42
0.030548154961852016 1.0402305699536495e-42
0.031260433409864494 1.0403296823060857e-42
0.031989319754103004 1.0404243457086623e-42
0.0327352012338808 1.0405147591679602e-42
0.03349847411760691 1.0406011128502434e-42
0.034279543913313774 1.0406835884687532e-42
0.03507882558409363 1.0407623596544911e-42
0.03589674376855814 1.0408375923111893e-42
0.03673373300643846 1.0409094449550854e-42
0.037590237969445384 1.0409780690401096e-42
0.038466713697512506 1.041043609269155e-42
0.03936362584054766 1.0411062038918125e-42
0.04028145090582124 1.0411659849893639e-42
0.04122067651112274 1.0412230787473874e-42
0.04218180164382002 1.0412776057165575e-42
0.043165336925959 1.0413296810621125e-42
0.044171804885544536 1.0413794148024776e-42
0.04520174023414663 1.0414269120374811e-42
0.046255690150979495 1.0414722731666127e-42
0.047334214573604344 1.0415155940977413e-42
0.048437886495410414 1.0415569664467018e-42
0.04956729227003216 1.0415964777281214e-42
0.05072303192286451 1.0416342115378548e-42
0.051905719469841495 1.0416702477275456e-42
0.05311598324364777 1.041704662571211e-42
0.05435446622753626 1.0417375289247864e-42
0.05562182639692926 1.0417689163784906e-42
0.056918737068984544 1.041798891402497e-42
0.058245887260312136 1.041827517486161e-42
0.05960398205303182 1.0418548552711104e-42
0.06099374296936585 1.0418809626784258e-42
0.06241590835496589 1.0419058950302031e-42
0.06387123377117784 1.0419297051657188e-42
0.06536049239645289 1.0419524435524504e-42
0.06688447543711816 1.0419741583921629e-42
0.06844399254772507 1.0419948957222854e-42
0.0700398722611988 1.0420146995127841e-42
0.0716729624290174 1.0420336117587198e-42
0.07334413067165428 1.0420516725686984e-42
0.07505426483952363 1.0420689202493676e-42
0.07680427348467332 1.0420853913861671e-42
0.07859508634347626 1.0421011209204637e-42
0.08042765483057629 1.0421161422232563e-42
0.08230295254435131 1.0421304871655881e-42
0.08422197578416211 1.0421441861858187e-42
0.08618574407966152 1.042157268353892e-42
0.08819530073244539 1.0421697614327267e-42
0.09025171337033296 1.042181691936877e-42
0.09235607451457113 1.0421930851885564e-42
0.09450950216026408 1.0422039653711688e-42
0.09671314037033632 1.0422143555804272e-42
0.09896815988334524 1.04222427787321e-42
0.10127575873546546 1.0422337533142066e-42
0.10363716289697593 1.042242802020487e-42
0.10605362692358762 1.0422514432041326e-42
0.10852643462295801 1.0422596952126625e-42
0.11105689973674641 1.0422675755682283e-42
0.11364636663857243 1.042275101004477e-42
0.11629621104824843 1.0422822875020507e-42
0.1190078407626656 1.0422891503224295e-42
0.12178269640372161 1.042295704040265e-42
0.12462225218368743 1.0423019625742564e-42
0.1275280166884199 1.0423079392166472e-42
0.13050153367883624 1.0423136466613921e-42
0.1335443829110759 1.0423190970310639e-42
0.13665818097578622 1.0423243019025524e-42
0.13984458215697693 1.0423292723316045e-42
0.14310527931090045 1.0423340188762712e-42
0.14644200476542463 1.0423385516192907e-42
0.14985653124037576 1.0423428801894755e-42
0.15335067278934078 1.0423470137821326e-42
0.1569262857634292 1.0423509611785707e-42
0.1605852697975066 1.0423547307647236e-42
0.16432956881942368 1.0423583305489472e-42
0.16816117208277714 1.0423617681790065e-42
0.172082115223751 1.0423650509583038e-42
0.1760944813425998 1.0423681858613805e-42
0.1802004021103484 1.0423711795487122e-42
0.18440205890129596 1.0423740383808514e-42
0.18870168395192646 1.0423767684319206e-42
0.1931015615468407 1.0423793755025106e-42
0.1976040292323402 1.0423818651319887e-42
0.20221147905830805 1.0423842426102645e-42
0.20692635884904578 1.0423865129890131e-42
0.21175117350374192 1.0423886810924049e-42
0.2166884863272632 1.0423907515273457e-42
0.22174092039197504 1.0423927286932589e-42
0.22691115993131514 1.042394616791429e-42
0.23220195176586036 1.0423964198339208e-42
0.2376161067626448 1.0423981416520986e-42
0.24315650132850383 1.0423997859047623e-42
0.24882607893823822 1.0424013560859232e-42
0.25462785169840935 1.0424028555322173e-42
0.2605649019475973 1.0424042874299955e-42
0.26664038389397104 1.0424056548220893e-42
0.27285752529104135 1.0424069606142768e-42
0.2792196291524867 1.0424082075814516e-42
0.2857300755069626 1.0424093983735171e-42
0.2923923231938275 1.0424105355210195e-42
0.2992099117007387 1.0424116214405175e-42
0.3061864630440946 1.0424126584397199e-42
0.31332568369332287 1.0424136487223841e-42
0.32063136654003577 1.0424145943930044e-42
0.3281073929131 1.0424154974612722e-42
0.3357577346406907 1.0424163598463581e-42
0.343586456160426 1.0424171833809777e-42
0.3515977166787018 1.0424179698152953e-42
0.359795772380376 1.0424187208206331e-42
0.368184978689974 1.0424194379930278e-42
0.3767697925856183 1.0424201228566203e-42
0.38555477496691104 1.0424207768668952e-42
0.394544593078027 1.0424214014137712e-42
0.4037440229873054 1.0424219978245545e-42
0.4131579521246571 1.0424225673667582e-42
0.42279138187813525 1.0424231112508007e-42
0.43264943025104924 1.0424236306325728e-42
0.4427373345810337 1.0424241266158922e-42
0.4530604543225162 1.0424246002548562e-42
0.4636242738940635 1.0424250525561353e-42
0.47443440559211736 1.0424254844808691e-42
0.48549659257266914 1.0424258969470784e-42
0.4968167119024568 1.0424262908313723e-42
0.5084007776813051 1.0424266669708682e-42
0.5202549442372687 1.0424270261649711e-42
0.5323855093962742 1.042427369177077e-42
0.5447989178279997 1.0424276967361883e-42
0.557501764469769 1.0424280095384663e-42
0.5705007980302781 1.0424283082487133e-42
0.5838029245750183 1.0424285935017819e-42
0.5974152111952977 1.0424288659039226e-42
0.6113448897628128 1.0424291260340802e-42
0.6255993607717623 1.0424293744451086e-42
0.6401861972705483 1.042429611664967e-42
0.6551131488851486 1.0424298381978226e-42
0.6703881459363026 1.0424300545251304e-42
0.686019303652694 1.0424302611066616e-42
0.7020149264823721 1.0424304583814644e-42
0.7183835125046995 1.0424306467688214e-42
0.7351337579451718 1.0424308266691142e-42
0.7522745617955077 1.0424309984646945e-42
0.7698150305414633 1.0424311625206845e-42
0.7877644830008832 1.0424313191857606e-42
0.8061324552745581 1.042431468792892e-42
0.8249287058125218 1.042431611660043e-42
0.8441632205984669 1.042431748090857e-42
0.8638462184550629 1.0424318783752965e-42
0.8839881564729563 1.0424320027902636e-42
0.9045997355663667 1.0424321216001863e-42
0.9256919061582187 1.0424322350575702e-42
0.9472758739978306 1.042432343403559e-42
0.9693631061142522 1.0424324468684259e-42
0.9919653369084147 1.042432545672067e-42
1.0150945743873274 1.0424326400244801e-42
1.0387631065436362 1.042432730126196e-42
1.0629835078839296 1.0424328161687112e-42
1.0877686461092637 1.0424328983349038e-42
1.1131316889514546 1.0424329767994016e-42
1.1390861111687691 1.0424330517289677e-42
1.16564570170473 1.0424331232828616e-42
1.1928245710138414 1.042433191613156e-42
1.2206371585581264 1.0424332568650816e-42
1.2490982404784545 1.0424333191773206e-42
1.2782229374447416 1.0424333786823117e-42
1.3080267226891875 1.042433435506521e-42
1.3385254302268237 1.0424334897707244e-42
1.369735263267732 1.0424335415902554e-42
1.4016728028254128 1.0424335910752433e-42
1.4343550165258654 1.0424336383308638e-42
1.4677992676220706 1.0424336834575564e-42
1.5020233242186567 1.0424337265512307e-42
1.5370453687116559 1.0424337677034755e-42
1.5728840074483612 1.0424338070017576e-42
1.6095582806124205 1.0424338445295927e-42
1.6470876723394143 1.04243388036675e-42
1.6854921210682972 1.0424339145893964e-42
1.7247920301341966 1.0424339472702623e-42
1.7650082786082029 1.0424339784788108e-42
1.8061622323899016 1.042434008281369e-42
1.848275755558551 1.0424340367412852e-42
1.8913712219889245 1.0424340639190393e-42
1.935471527238 1.0424340898724024e-42
1.9806001007088037 1.0424341146565256e-42
2.0267809180978715 1.0424341383240882e-42
2.0740385141329463 1.0424341609254007e-42
2.1223979956076717 1.0424341825084888e-42
2.171885054720213 1.0424342031192245e-42
2.222525982722885 1.0424342228014252e-42
2.274347683890048 1.0424342415969111e-42
2.327377689811681 1.0424342595456297e-42
2.3816441740202396 1.042434276685739e-42
2.437175966958554 1.0424342930536643e-42
2.4940025712967335 1.0424343086841873e-42
2.552154177606206 1.0424343236105277e-42
2.611661680399223 1.0424343378644244e-42
2.6725566945423505 1.0424343514761611e-42
2.7348715720526675 1.0424343644746665e-42
2.7986394192855935 1.0424343768875681e-42
2.863894114523477 1.0424343887412516e-42
2.9306703259742912 1.042434400060928e-42
2.999003530189995 1.0424344108706186e-42
3.068930030914351 1.0424344211933174e-42
3.1404869783702067 1.0424344310509732e-42
3.21371238899649 1.0424344404645251e-42
3.2886451656454048 1.0424344494539851e-42
3.3653251182505572 1.0424344580384518e-42
3.443792984976987 1.0424344662361706e-42
3.5240904538643507 1.0424344740645811e-42
3.6062601849747473 1.0424344815402992e-42
3.6903458330569543 1.0424344886792399e-42
3.77639207073912 1.0424344954965584e-42
3.8644446122622242 1.0424345020067331e-42
3.9545502377669295 1.0424345082236286e-42
4.046756818146711 1.0424345141604423e-42
4.141113340480481 1.0424345198297917e-42
4.237669934058216 1.042434525243723e-42
4.336477897013409 1.0424345304137578e-42
4.437589723576497 1.0424345353508766e-42
4.541059131963759 1.0424345400655644e-42
4.646941092916466 1.042434544567852e-42
4.755291858905486 1.0424345488673004e-42
4.866168994016832 1.0424345529730588e-42
4.979631404534034 1.0424345568938404e-42
5.0957393702336 1.0424345606379944e-42
5.214554576410165 1.0424345642134718e-42
5.336140146648369 1.0424345676278558e-42
5.4605606763588606 1.042434570888419e-42
5.587882267096237 1.0424345740020963e-42
5.718172561677172 1.042434576975491e-42
5.851500780117376 1.0424345798149361e-42
5.987937756406471 1.0424345825264507e-42
6.127555976140354 1.0424345851158233e-42
6.270429615030991 1.0424345875885283e-42
6.416634578314149 1.0424345899498393e-42
6.566248541075969 1.0424345922047673e-42
6.719350989519823 1.0424345943581078e-42
6.87602326319537 1.0424345964144339e-42
7.036348598212252 1.0424345983781216e-42
7.200412171461376 1.0424346002533562e-42
7.368301145867304 1.0424346020440936e-42
7.540104716695753 1.0424346037541522e-42
7.715914158940838 1.0424346053871833e-42
7.8958228758172275 1.042434606946626e-42
8.07992644838296 1.0424346084358414e-42
8.2683226863193 1.0424346098579644e-42
8.461111679894604 1.0424346112159741e-42
8.658395853139817 1.0424346125128454e-42
8.860280018263818 1.0424346137512738e-42
9.066871431337571 1.042434614933922e-42
9.278279849276613 1.042434616063256e-42
9.494617588152204 1.042434617141768e-42
9.715999582862075 1.0424346181716506e-42
9.942543448192506 1.0424346191551515e-42
10.17436954130415 1.0424346200943336e-42
10.411601025674827 1.0424346209912187e-42
10.654363936533231 1.0424346218476694e-42
10.902787247818345 1.0424346226655698e-42
11.157002940700098 1.0424346234466024e-42
11.417146073697703 1.04243462419247e-42
11.683354854432924 1.042434624904724e-42
11.955770713056356 1.0424346255848771e-42
12.234538377385784 1.0424346262343788e-42
12.519805949796487 1.0424346268546439e-42
12.811724985904382 1.042434627446938e-42
13.110450575083778 1.0424346280126017e-42
13.416141422862523 1.0424346285527446e-42
13.72895993523834 1.0424346290685764e-42
14.04907230496112 1.042434629561114e-42
14.37664859982702 1.0424346300315038e-42
14.711862853031292 1.0424346304806988e-42
15.054893155627816 1.0424346309096646e-42
15.405921751144481 1.0424346313193047e-42
15.765135132404664 1.0424346317104704e-42
16.132724140606275 1.042434632084011e-42
16.50888406671095 1.0424346324407378e-42
16.89381475519735 1.0424346327813756e-42
17.287720710233557 1.0424346331066649e-42
17.690811204325115 1.0424346334173372e-42
18.103300389496336 1.0424346337139775e-42
18.52540741106398 1.0424346339972785e-42
18.957356524063755 1.0424346342678106e-42
19.399377212391464 1.0424346345261805e-42
19.85170431072216 1.04243463477287e-42
20.314578129271972 1.0424346350084759e-42
20.788244581469023 1.0424346352334488e-42
21.272955314601134 1.042434635448273e-42
21.76896784350983 1.0424346356534147e-42
22.27654568740161 1.0424346358493702e-42
22.79595850984919 1.0424346360364267e-42
23.327482262057103 1.0424346362151273e-42
23.871399329467756 1.0424346363856995e-42
24.427998681785848 1.0424346365486142e-42
24.997576026500827 1.042434636704243e-42
25.580433965988984 1.0424346368527974e-42
26.176882158278623 1.042434636994679e-42
26.787237481563718 1.0424346371301332e-42
27.411824202553472 1.042434637259494e-42
28.050974148747212 1.0424346373831573e-42
28.705026884726152 1.0424346375011431e-42
29.374329892555654 1.0424346376137669e-42
30.05923875639388 1.0424346377213765e-42
30.760117351404876 1.0424346378241255e-42
31.477338037076432 1.0424346379222563e-42
32.21128185504559 1.0424346380159955e-42
32.962338731536356 1.0424346381054504e-42
33.730907684518286 1.042434638190921e-42
34.51739703569462 1.04243463827253e-42
35.322224627433556 1.0424346383504359e-42
36.14581804475762 1.0424346384248819e-42
36.98861484250899 1.042434638495923e-42
37.851062777811606 1.0424346385637536e-42
38.733620047953465 1.0424346386285113e-42
39.63675553381552 1.0424346386904743e-42
40.5609490489765 1.0424346387495484e-42
41.506691594626034 1.0424346388059144e-42
42.47448562042145 1.0424346388598363e-42
43.46484529142686 1.0424346389113162e-42
44.4782967612764 1.0424346389604547e-42
45.515378451706574 1.0424346390073816e-42
46.576641338606535 1.0424346390522131e-42
47.66264924473788 1.0424346390950367e-42
48.773979139279795 1.0424346391358276e-42
49.911221444358546 1.0424346391748852e-42
51.07498034872413 1.0424346392121874e-42
52.265874128740876 1.0424346392477651e-42
53.48453547686238 1.0424346392816836e-42
54.731611837765406 1.04243463931423e-42
56.00776575232122 1.0424346393451201e-42
57.31367520958723 1.0424346393748134e-42
58.650034007005786 1.0424346394029917e-42
60.017552119001664 1.0424346394300518e-42
61.416956074173925 1.0424346394558557e-42
62.84898934128261 1.0424346394805182e-42
64.31441272423535 1.0424346395038481e-42
65.81400476628369 1.0424346395263803e-42
67.34856216364385 1.042434639547671e-42
68.91890018876182 1.042434639568211e-42
70.52585312344742 1.0424346395879055e-42
72.17027470210763 1.0424346396064469e-42
73.8530385653146 1.0424346396242836e-42
75.57503872394936 1.0424346396413283e-42
77.33719003416762 1.042434639657699e-42
79.14042868344033 1.0424346396731441e-42
80.98571268792693 1.0424346396879582e-42
82.87402240144569 1.0424346397019891e-42
84.80636103631147 1.042434639715859e-42
86.78375519631766 1.0424346397285838e-42
88.80725542214539 1.0424346397408981e-42
90.8779367494899 1.042434639752687e-42
92.99689928020044 1.0424346397639234e-42
95.16526876673713 1.0424346397746218e-42
97.38419721025556 1.0424346397848345e-42
99.6548634726365 1.0424346397946744e-42
101.97847390278609 1.042434639803921e-42
104.35626297753925 1.0424346398129475e-42
106.78949395750668 1.042434639821541e-42
109.27945955821409 1.0424346398297418e-42
111.82748263689002 1.0424346398374682e-42
114.43491689526716 1.0424346398445667e-42
117.10314759877073 1.0424346398519634e-42
119.8335923124757 1.0424346398586047e-42
122.62770165422418 1.0424346398649426e-42
125.4869600653028 1.0424346398713642e-42
128.41288659908975 1.0424346398771768e-42
131.40703572809028 1.0424346398826014e-42
134.4709981697896 1.0424346398882051e-42
137.6064017317617 1.0424346398934689e-42
140.8149121764835 1.0424346398982743e-42
144.09823410631301 1.042434639902884e-42
147.45811186910282 1.0424346399072346e-42
150.89633048492877 1.0424346399116089e-42
154.41471659442715 1.04243463991562e-42
158.01513942924367 1.042434639919627e-42
161.6995118051102 1.0424346399231657e-42
165.46979113807643 1.0424346399269053e-42
169.32798048443664 1.042434639930418e-42
173.27612960490418 1.0424346399333516e-42
177.3163360535986 1.042434639936248e-42
181.45074629242436 1.0424346399395658e-42
185.68155683143308 1.0424346399427051e-42
190.01101539577502 1.0424346399451389e-42
194.44142211985996 1.042434639947321e-42
198.9751307693619 1.0424346399502226e-42
203.61454999171644 1.0424346399524204e-42
208.36214459577587 1.0424346399546595e-42
213.2204368613011 1.0424346399568718e-42
218.19200787898666 1.042434639958531e-42
223.27949892173046 1.0424346399608038e-42
228.48561284787684 1.04243463996288e-42
233.81311553717836 1.0424346399647548e-42
239.2648373602396 1.0424346399665543e-42
244.8436746822229 1.0424346399679155e-42
250.55259140161598 1.042434639969077e-42
256.3946205248776 1.0424346399711482e-42
262.37286577779935 1.0424346399725079e-42
268.49050325443824 1.0424346399737695e-42
274.7507831044972 1.0424346399746648e-42
281.15703126004934 1.0424346399762035e-42
287.7126512025234 1.0424346399773365e-42
294.4211257708895 1.0424346399787571e-42
301.2860190120053 1.042434639979182e-42
308.3109780741064 1.0424346399804354e-42
315.4997351444457 1.0424346399814792e-42
322.8561094321127 1.042434639982226e-42
330.38400919708465 1.0424346399829423e-42
338.08743382658884 1.0424346399845873e-42
345.970475959878 1.0424346399850299e-42
354.0373236625486 1.0424346399861594e-42
362.2922626515567 1.0424346399858849e-42
370.7396785721134 1.0424346399868629e-42
379.3840593276699 1.0424346399873858e-42
388.22999746422977 1.0424346399880824e-42
397.28219261025527 1.042434639988589e-42
406.54545397346374 1.0424346399897376e-42
416.02470289584096 1.0424346399903276e-42
425.7249754682287 1.0424346399910271e-42
435.6514252058753 1.042434639991966e-42
445.8093257863709 1.0424346399916787e-42
456.2040738514225 1.042434639993086e-42
466.841191873956 1.042434639992689e-42
477.72633109207 1.042434639992865e-42
488.86527451139875 1.0424346399938308e-42
500.26393997748045 1.0424346399940156e-42
511.92838331976236 1.0424346399949682e-42
523.8648015689132 1.0424346399945063e-42
536.079536249153 1.0424346399950962e-42
548.5790767473477 1.0424346399954672e-42
561.3700637606607 1.0424346399955837e-42
574.4592928245908 1.0424346399956405e-42
587.8537179232724 1.0424346399959462e-42
601.560455183956 1.0424346399968328e-42
615.5867866576306 1.042434639996016e-42
629.940164187797 1.0424346399959287e-42
644.6282133694491 1.042434639997281e-42
659.6587376003637 1.0424346399973568e-42
675.039722226853 1.0424346399988884e-42
690.7793387861822 1.042434639996939e-42
706.885949347905 1.0424346399974379e-42
723.368110956425 1.0424346399981129e-42
740.2345801771418 1.042434639999576e-42
757.4943177485981 1.0424346399980909e-42
775.1564933430986 1.0424346399990807e-42
793.2304904383309 1.0424346399989301e-42
811.7259113025749 1.0424346399985412e-42
830.6525820961508 1.0424346399989335e-42
850.0205580918159 1.04243464000051e-42
869.8401290168822 1.0424346399996733e-42
890.1218245198946 1.0424346399992667e-42
910.8764197647733 1.0424346400005092e-42
932.1149411553916 1.0424346400004297e-42
953.848672193633 1.0424346399994064e-42
976.0891594740359 1.0424346399985871e-42
998.8482188182152 1.0424346399998046e-42
1022.1379415523157 1.0424346399998321e-42
1045.9707009308356 1.04243464000091e-42
1070.3591587102305 1.0424346400011e-42
1095.3162718757928 1.0424346399996166e-42
1120.8552995253765 1.0424346399999025e-42
1146.98980991363 1.0424346400013776e-42
1173.7336876604738 1.042434640001169e-42
1201.1011411276565 1.0424346400002919e-42
1229.1067099673062 1.0424346400004021e-42
1257.7652728464884 1.042434640001926e-42
1287.0920553518754 1.0424346400033151e-42
1317.1026380787234 1.0424346400010899e-42
1347.812964908458 1.0424346400000276e-42
1379.239351479266 1.0424346400032405e-42
1411.3984938541882 1.0424346400007695e-42
1444.3074773913293 1.042434640002309e-42
1477.9837858208825 1.0424346400008058e-42
1512.445310533807 1.0424346400012718e-42
1547.71036008708 1.0424346400018713e-42
1583.797669930582 1.0424346400009995e-42
1620.7264123607779 1.042434640001711e-42
1658.5162067064848 1.0424346400014759e-42
1697.1871297521373 1.0424346400026264e-42
1736.7597264040865 1.0424346399989991e-42
1777.255020605602 1.0424346399999422e-42
1818.6945265063737 1.0424346400026003e-42
1861.1002598924472 1.0424346400009449e-42
1904.4947498826687 1.0424346399986653e-42
1948.9010508978479 1.0424346400021341e-42
1994.3427549090043 1.0424346400028439e-42
2040.8440039711966 1.0424346400033078e-42
2088.4295030496014 1.0424346400022523e-42
2137.124533144652 1.0424346400007115e-42
2186.9549647232075 1.042434640001151e-42
2237.947271462894 1.042434640005434e-42
2290.1285443169163 1.0424346400043898e-42
2343.5265059068115 1.0424346400013178e-42
2398.169525250793 1.042434640003345e-42
2454.086632835509 1.042434640003159e-42
2511.3075360392254 1.0424346399999685e-42
2569.8626349146184 1.0424346400019415e-42
2629.783038339575 1.0424346400053586e-42
2691.100580544569 1.0424346400014238e-42
2753.8478380254037 1.0424346400022472e-42
2818.0581468502987 1.0424346400031838e-42
2883.7656203705187 1.0424346400045499e-42
2951.0051673439552 1.0424346400071962e-42
3019.812510481288 1.0424346400021528e-42
3090.2242054245785 1.0424346400020726e-42
3162.2776601683795 1.0424346400047076e-42
