# %ECSV 1.0
# ---
# datatype:
# - {name: mx, unit: MeV, datatype: float64}
# - {name: sigma_9, unit: cm2, datatype: float64}
# schema: astropy-2.0
mx sigma_9
3.162277660168379e-07 1.1250215234228087e-32
3.2360111549336787e-07 1.2272301920038093e-32
3.311463862505236e-07 1.3384134135440235e-32
3.388675869043115e-07 1.4593161665329466e-32
3.4676881953794695e-07 1.590739400801688e-32
3.548542818811901e-07 1.7335434507243937e-32
3.6312826954049566e-07 1.8886515484779129e-32
3.715951782811629e-07 2.0570534241583396e-32
3.8025950636269697e-07 2.239808976316083e-32
3.89125856928623e-07 2.438051993056677e-32
3.9819894045202297e-07 2.6529939010916995e-32
4.0748357723809307e-07 2.8859275149080163e-32
4.169846999850535e-07 3.1382307551216696e-32
4.2670735640476865e-07 3.4113703001873225e-32
4.3665671190447213e-07 3.706905130280827e-32
4.4683805233101997e-07 4.026489919051024e-32
4.572567867791303e-07 4.3718782218588614e-32
4.6791845046510194e-07 4.7449254031012263e-32
4.788287076675383e-07 5.147591244757441e-32
4.899933547366384e-07 5.581942166320407e-32
5.014183231736547e-07 6.050152985837727e-32
5.131096827821533e-07 6.554508144823177e-32
5.250736448927506e-07 7.097402317408726e-32
5.373165656630395e-07 7.68134031548632e-32
5.4984494945446e-07 8.308936203831532e-32
5.626654522879044e-07 8.982911534244616e-32
5.757848853798981e-07 9.706092603224176e-32
5.892102187612295e-07 1.0481406646733647e-31
6.029485849799565e-07 1.131187687231829e-31
6.17007282890752e-07 1.220061625088627e-31
6.313937815326057e-07 1.315081997370632e-31
6.461157240969403e-07 1.4165756509646405e-31
6.611809319882495e-07 1.5248757186791258e-31
6.765974089794179e-07 1.6403204247349369e-31
6.923733454639272e-07 1.7632517334884693e-31
7.085171228072106e-07 1.894013838761306e-31
7.250373177994646e-07 2.032951492976476e-31
7.419427072122865e-07 2.180408178624643e-31
7.592422724615558e-07 2.3367241248746123e-31
7.769452043790388e-07 2.5022341766054717e-31
7.950609080952509e-07 2.677265525559181e-31
8.135990080361694e-07 2.8621353151193245e-31
8.325693530364543e-07 3.057148134634385e-31
8.519820215718901e-07 3.262593421756298e-31
8.718473271138315e-07 3.478742793778916e-31
8.921758236084957e-07 3.705847333540551e-31
9.12978311084014e-07 3.9441348549492073e-31
9.342658413882192e-07 4.1938071804036724e-31
9.560497240602198e-07 4.455037460005661e-31
9.78341532338879e-07 4.727967566820928e-31
1.0011531093113902e-06 5.01270560410111e-31
1.0244965742052174e-06 5.309323557933748e-31
1.048384328826741e-06 5.617855132636848e-31
1.0728290641500308e-06 5.938293804299805e-31
1.0978437670592484e-06 6.270591123085507e-31
1.1234417272482566e-06 6.614655301753018e-31
1.149636544281106e-06 6.970350112786192e-31
1.1764421348171486e-06 7.337494125190396e-31
1.2038727400046132e-06 7.7158602984965965e-31
1.2319429330465773e-06 8.10517595336717e-31
1.2606676269433496e-06 8.505123129952838e-31
1.2900620824153782e-06 8.915339339301922e-31
1.3201419160108953e-06 9.335418706300824e-31
1.3509231084026028e-06 9.764913507589172e-31
1.38242201287781e-06 1.0203336077940937e-30
1.4146553640265304e-06 1.0650161083431684e-30
1.447640286632156e-06 1.1104828124529156e-30
1.4813943047694329e-06 1.1566744655558646e-30
1.5159353511145682e-06 1.203528917335327e-30
1.5512817764724183e-06 1.2509814646244411e-30
1.587452359525819e-06 1.2989652148059126e-30
1.6244663168122348e-06 1.3474114641002226e-30
1.6623433129330315e-06 1.3962500877874614e-30
1.7011034710007933e-06 1.4454099367482677e-30
1.740767383330235e-06 1.4948192367736066e-30
1.7813561223783898e-06 1.544405985476349e-30
1.8228912519398869e-06 1.5940983421772915e-30
1.8653948386032614e-06 1.6438250089641266e-30
1.908889463474389e-06 1.6935155961053524e-30
1.9533982341732686e-06 1.7431009703719967e-30
1.9989447971105317e-06 1.7925135831461942e-30
2.045553350050195e-06 1.8416877748406517e-30
2.0932486549653353e-06 1.890560054251812e-30
2.1420560511935146e-06 1.9390693511006885e-30
2.192001468898943e-06 1.9871572398547467e-30
2.2431114428485372e-06 2.034768134588393e-30
2.2954131265091837e-06 2.081849454678056e-30
2.3489343064737076e-06 2.128351761139559e-30
2.403703417223201e-06 2.174228862984094e-30
2.4597495562335635e-06 2.219437896689029e-30
2.5171024994342686e-06 2.2639393768564893e-30
2.575792717027583e-06 2.3076972226033306e-30
2.635851389676631e-06 2.3506787583635915e-30
2.6973104250709106e-06 2.3928546915170258e-30
2.760202474878063e-06 2.434199071342732e-30
2.8245609520908932e-06 2.4746892254230604e-30
2.8904200487788716e-06 2.514305681851195e-30
2.9578147542535346e-06 2.5530320755460688e-30
3.026780873657441e-06 2.5908550413211523e-30
3.097355046986562e-06 2.627764095546448e-30
3.1695747685562034e-06 2.663751509397805e-30
3.2434784069208122e-06 2.6988121737142787e-30
3.319105225258239e-06 2.7329434597038343e-30
3.3964954022292982e-06 2.7661450726524237e-30
3.4756900533236943e-06 2.7984189076711494e-30
3.5567312527036693e-06 2.8297688985798312e-30
3.6396620555569646e-06 2.8602008724126736e-30
3.7245265209709786e-06 2.8897224018839026e-30
3.811369735340273e-06 2.9183426588245302e-30
3.900237836319859e-06 2.946072274938961e-30
3.991178037336996e-06 2.972923202709762e-30
4.0842386526745176e-06 2.9989085822594284e-30
4.179469123139017e-06 3.024042611776496e-30
4.2769200423275275e-06 3.0483404253332465e-30
4.376643183506652e-06 3.0718179766444823e-30
4.478691527118417e-06 3.0944919232753868e-30
4.583119288927478e-06 3.1163795254165e-30
4.689981948824612e-06 3.137498545177188e-30
4.799336280301815e-06 3.157867151561885e-30
4.911240380614659e-06 3.177503836068725e-30
5.0257537016479225e-06 3.196427330256572e-30
5.142937081500915e-06 3.2146565314044974e-30
5.262852776809252e-06 3.2322104339701774e-30
5.385564495820272e-06 3.249108064491541e-30
5.511137432239651e-06 3.26536842554707e-30
5.639638299867211e-06 3.2810104414692045e-30
5.771135368040315e-06 3.296052911688889e-30
5.905698497903673e-06 3.3105144677119006e-30
6.043399179524854e-06 3.32441353526172e-30
6.184310569875183e-06 3.337768296287197e-30
6.32850753169624e-06 3.350596664317651e-30
6.47606667327258e-06 3.362916254955363e-30
6.627066389131828e-06 3.374744363365249e-30
6.781586901693754e-06 3.386097944070252e-30
6.939710303890459e-06 3.3969935955833165e-30
7.101520602780329e-06 3.407447546400252e-30
7.267103764178904e-06 3.417475640533693e-30
7.436547758330399e-06 3.4270933344971544e-30
7.609942606644117e-06 3.436315685348873e-30
7.787380429520604e-06 3.445157348746992e-30
7.968955495292936e-06 3.453632573246866e-30
8.15476427030917e-06 3.461755203065994e-30
8.344905470182516e-06 3.469538675598294e-30
8.539480112236516e-06 3.476996019475334e-30
8.738591569173047e-06 3.4841398656869946e-30
8.942345623991688e-06 3.490982442041671e-30
9.150850526189614e-06 3.4975355838963075e-30
9.364217049271877e-06 3.503810735816832e-30
9.58255854960264e-06 3.509818960750702e-30
9.805991026628606e-06 3.515570943720833e-30
1.0034633184506672e-05 3.521076999550902e-30
1.0268606495168497e-05 3.5263470832726604e-30
1.0508035262855554e-05 3.531390793515667e-30
1.07530466901589e-05 3.536217386518983e-30
1.1003770945598772e-05 3.540835776391572e-30
1.1260341232779899e-05 3.545254550635635e-30
1.1522893861159297e-05 3.5494819795286894e-30
1.1791568318464117e-05 3.5535260160399924e-30
1.206650734479802e-05 3.557394320615041e-30
1.2347857008475478e-05 3.561094250110846e-30
1.263576678362426e-05 3.564632885261454e-30
1.293038962959737e-05 3.568017022585861e-30
1.3231882072236462e-05 3.571253202750971e-30
1.3540404287030327e-05 3.5743476973059326e-30
1.3856120184212054e-05 3.5773065361055326e-30
1.4179197495840522e-05 3.580135508700865e-30
1.4509807864912299e-05 3.582840164529151e-30
1.484812693655133e-05 3.585425831972654e-30
1.5194334451324849e-05 3.5878976255067556e-30
1.5548614340735104e-05 3.590260449617874e-30
1.5911154824937624e-05 3.5925190043858125e-30
1.6282148512737936e-05 3.594677794406885e-30
1.6661792503919872e-05 3.5967411506968316e-30
1.7050288493959805e-05 3.598713205151239e-30
1.7447842881182494e-05 3.600597929844662e-30
1.785466687641539e-05 3.602399126257812e-30
1.8270976615199758e-05 3.6041204402798036e-30
1.869699327261814e-05 3.6057653566963325e-30
1.91329431807992e-05 3.6073372189086116e-30
1.957905794916243e-05 3.608839226399928e-30
2.003557458746648e-05 3.6102744432308776e-30
2.0502735631726606e-05 3.611645800003025e-30
2.0980789273068064e-05 3.612956107272771e-30
2.1469989489583918e-05 3.614208045630553e-30
2.1970596181267336e-05 3.615404190368252e-30
2.2482875308090033e-05 3.616547001788855e-30
2.3007099031300245e-05 3.6176388323778415e-30
2.354354585801526e-05 3.618681937210029e-30
2.4092500789185385e-05 3.619678472420904e-30
2.4654255471007912e-05 3.620630493254824e-30
2.5229108349871537e-05 3.621539976269135e-30
2.5817364830913554e-05 3.622408806232871e-30
2.641933744027406e-05 3.623238781570929e-30
2.7035345991133382e-05 3.624031636684253e-30
2.7665717753620915e-05 3.6247890154992476e-30
2.8310787628685666e-05 3.6255124925355105e-30
2.8970898326020842e-05 3.626203578521826e-30
2.964640054613707e-05 3.626863714800817e-30
3.033765316668089e-05 3.627494278558197e-30
3.104502343309761e-05 3.628096589463538e-30
3.176888715373972e-05 3.628671904426807e-30
3.25096288995246e-05 3.629221428758975e-30
3.326764220824756e-05 3.6297463167215034e-30
3.4043329793658724e-05 3.63024765453474e-30
3.483710375941493e-05 3.6307265106539866e-30
3.5649385818020195e-05 3.631183878313625e-30
3.648060751487119e-05 3.6316207256605e-30
3.73312104575266e-05 3.632037964922452e-30
3.820164655032238e-05 3.632436470801383e-30
3.90923782344573e-05 3.632817087713083e-30
4.0003878733676586e-05 3.633180613933008e-30
4.093663230568398e-05 3.6335278098819614e-30
4.1891134499415887e-05 3.63385941332988e-30
4.2867892418314344e-05 3.634176118863955e-30
4.386742498973848e-05 3.6344785941193485e-30
4.489026324065786e-05 3.6347674809012e-30
4.5936950579773975e-05 3.6350433834080414e-30
4.700804308621986e-05 3.635306885734618e-30
4.8104109804991236e-05 3.635558546707615e-30
4.922573304926602e-05 3.635798891601115e-30
5.0373508709772956e-05 3.636028426573055e-30
5.154804657137365e-05 3.636247643504947e-30
5.27499706370262e-05 3.636457003607327e-30
5.397991945930254e-05 3.6366569506667754e-30
5.5238546479635675e-05 3.636847904913653e-30
5.6526520375476976e-05 3.6370302644829686e-30
5.784452541554797e-05 3.6372044252067066e-30
5.9193261823375433e-05 3.6373707532239346e-30
6.057344614930286e-05 3.6375295962273786e-30
6.198581165117595e-05 3.6376812967507675e-30
6.34311086839044e-05 3.637826174380251e-30
6.491010509810695e-05 3.6379645262920096e-30
6.642358664805138e-05 3.638096648361923e-30
6.797235740910648e-05 3.638222839200384e-30
6.955724020492732e-05 3.638343333624336e-30
7.117907704460117e-05 3.638458418311915e-30
7.283872956998614e-05 3.638568320113062e-30
7.453707951348025e-05 3.6386732766882076e-30
7.627502916646401e-05 3.63877351081269e-30
7.805350185866558e-05 3.638869222709721e-30
7.987344244870308e-05 3.638960635618122e-30
8.173581782606456e-05 3.639047924769057e-30
8.364161742479263e-05 3.6391312966561674e-30
8.559185374914618e-05 3.6392109042792035e-30
8.758756291151902e-05 3.6392869269240706e-30
8.96298051829007e-05 3.639359536139305e-30
9.17196655561724e-05 3.6394288735340335e-30
9.385825432253677e-05 3.639495088519719e-30
9.604670766138824e-05 3.639558317186774e-30
9.828618824393714e-05 3.639618702945996e-30
0.00010057788585090809 3.6396763651495535e-30
0.00010292301800464121 3.639731441014908e-30
0.00010532283061593165 3.6397840280072644e-30
0.00010777859864595113 3.6398342599894504e-30
0.00011029162678360347 3.639882220364827e-30
0.00011286325013867351 3.639928015444094e-30
0.00011549483495113791 3.63997174642602e-30
0.00011818777931701482 3.640013516975643e-30
0.0001209435139311377 3.640053408686089e-30
0.00012376350284724815 3.6400914982152926e-30
0.00012664924425581149 3.640127883844312e-30
0.00012960227127996844 3.640162618495397e-30
0.00013262415279004548 3.640195785370695e-30
0.00013571649423705693 3.640227457283929e-30
0.0001388809385056415 3.640257717901105e-30
0.00014211916678688624 3.640286620280239e-30
0.00014543289947150178 3.640314178824545e-30
0.0001488238970638237 3.640340533534496e-30
0.00015229396111712465 3.640365702474718e-30
0.00015584493519073535 3.640389718206567e-30
0.00015947870582948208 3.640412669127762e-30
0.00016319720356596128 3.6404345679812515e-30
0.00016700240394618395 3.6404555004716234e-30
0.00017089632857913436 3.6404754766840116e-30
0.000174881046210801 3.6404945527642576e-30
0.00017895867382325032 3.640512768031006e-30
0.0001831313777593269 3.640530168514199e-30
0.00018740137487357792 3.640546789922869e-30
0.00019177093371001327 3.640562662735471e-30
0.000196242375707327 3.640577817994214e-30
0.00020081807643222024 3.640592288167595e-30
0.00020550046684148122 3.640606097211939e-30
0.0002102920345734925 3.640619305149232e-30
0.0002151953252698519 3.640631885133233e-30
0.00022021294392780895 3.640643931865661e-30
0.00022534755628423554 3.640655435991883e-30
0.0002306018902318662 3.6406664008374515e-30
0.00023597873726856003 3.640676883523682e-30
0.0002414809539803547 3.640686890444961e-30
0.0002471114635590999 3.6406964587428475e-30
0.00025287325735547713 3.640705582353811e-30
0.00025876939646823026 3.6407142842778615e-30
0.00026480301337045197 3.6407226142143405e-30
0.000270977313573789 3.6407305443797854e-30
0.00027729557733145163 3.640738165455401e-30
0.00028376116138093086 3.6407454149769435e-30
0.0002903775007273506 3.640752324530606e-30
0.00029714811046840066 3.640758949349817e-30
0.00030407658766182135 3.640765265458921e-30
0.00031116661323643183 3.640771272057153e-30
0.0003184219539477161 3.6407770381228155e-30
0.00032584646437900766 3.6407825257784e-30
0.00033344408898933415 3.640787774780478e-30
0.0003412188642090111 3.640792799465135e-30
0.0003491749205840977 3.640797595055659e-30
0.0003573164849708539 3.640802145936493e-30
0.0003656478827813646 3.6408065222222525e-30
0.0003741735402815245 3.6408106917325355e-30
0.0003828979869426037 3.6408146405201564e-30
0.000391825857847644 3.640818452759318e-30
0.000400961896153964 3.640822083946155e-30
0.0004103109556130814 3.640825559345136e-30
0.0004198780031493915 3.6408288921342245e-30
0.00042966812149897106 3.640832015445997e-30
0.000439686511909911 3.640835032165864e-30
0.0004499384969056106 3.640837948546654e-30
0.00046042952311250296 3.640840698183462e-30
0.0004711651641537129 3.6408433570788024e-30
0.00048215112361018567 3.640845761078002e-30
0.0004933932380508582 3.6408481927541714e-30
0.0005048974801334842 3.640850519269045e-30
0.0005166699617777604 3.640852653127215e-30
0.0005287169374124361 3.6408547782721274e-30
0.0005410448072981404 3.640856711587211e-30
0.0005536601209276797 3.6408586436999836e-30
0.0005665695805056229 3.640860473741783e-30
0.0005797800445090163 3.640862235056579e-30
0.0005932985313311235 3.6408639296025256e-30
0.000607132223010125 3.6408654646674034e-30
0.0006212884690447563 3.6408670466086534e-30
0.0006357747902989163 3.640868467511328e-30
0.0006505988829973161 3.6408697716922376e-30
0.0006657686228142928 3.640871127206194e-30
0.0006812920690579615 3.64087239071654e-30
0.0006971774689519261 3.640873592813102e-30
0.0007134332620168255 3.640874702952691e-30
0.0007300680845540431 3.6408758768736854e-30
0.0007470907742339592 3.640876813356249e-30
0.0007645103747911887 3.640877821311227e-30
0.0007823361408292924 3.640878818694212e-30
0.00080057754273752 3.640879792477049e-30
0.0008192442717221943 3.6408805430030455e-30
0.0008383462449554094 3.6408814902381525e-30
0.0008578936108437789 3.640882231330851e-30
0.0008778967544200344 3.640882944499992e-30
0.000898366302860337 3.640883786808262e-30
0.0009193131311302326 3.6408843882159935e-30
0.0009407483677622533 3.640885089805204e-30
0.000962683400768232 3.640885663479469e-30
0.000985129883689471 3.640886236103288e-30
0.0010080997417879817 3.640886871337371e-30
0.0010316051783820807 3.640887422446329e-30
0.0010556586813297128 3.6408879964692226e-30
0.0010802730296629402 3.6408883904008106e-30
0.001105461300377127 3.640888987309522e-30
0.0011312368753784248 3.6408893792007464e-30
0.0011576134485932472 3.640889728425707e-30
0.0011846050332435167 3.640890275308712e-30
0.0012122259692915415 3.640890669125499e-30
0.0012404909310584848 3.640890926794416e-30
0.0012694149350204683 3.640891402608426e-30
0.0012990133477864558 3.640891662486396e-30
0.0013293018942621524 3.6408921170520045e-30
0.001360296666004259 3.64089241773156e-30
0.001392014129769518 3.640892588898332e-30
0.0014244711362630968 3.6408928794137014e-30
0.0014576849290909482 3.640893198088094e-30
0.0014916731539209149 3.640893496464192e-30
0.0015264538678574353 3.640893715267441e-30
0.0015620455490348386 3.6408938949256146e-30
0.0015984671064343198 3.640894133412332e-30
0.0016357378899298156 3.6408944737960246e-30
0.0016738777005681136 3.640894594922331e-30
0.0017129068010886602 3.6408948340662206e-30
0.0017528459266886532 3.640895010344598e-30
0.00179371629603914 3.640895181652743e-30
0.0018355396225579732 3.640895364709685e-30
0.0018783381259456144 3.6408956502180714e-30
0.0019221345439899109 3.640895725819844e-30
0.001966952144646121 3.64089587743875e-30
0.0020128147383986056 3.640895841122401e-30
0.002059746690910748 3.6408960339299084e-30
0.0021077729359698315 3.6408963439624166e-30
0.0021569189887337423 3.6408963133523766e-30
0.002207210959286545 3.6408965124332505e-30
0.0022586755665101248 3.6408966721035616e-30
0.0023113401522792685 3.6408968765000356e-30
0.0023652326959877285 3.640897028323659e-30
0.0024203818294129824 3.6408969750149926e-30
0.0024768168519275916 3.640897111148852e-30
0.002534567746065232 3.640897090374669e-30
0.0025936651934496745 3.640897244793102e-30
0.0026541405910951734 3.6408974146863924e-30
0.0027160260680869266 3.6408974519234426e-30
0.0027793545026504624 3.640897308000507e-30
0.002844159539619031 3.640897490139815e-30
0.0029104756083082714 3.640897679442891e-30
0.0029783379408076585 3.640897693637329e-30
0.0030477825906984404 3.6408975177238594e-30
0.0031188464522080173 3.640897994384223e-30
0.0031915672798109355 3.64089817172551e-30
0.0032659837082868936 3.6408981235119545e-30
0.003342135273246469 3.6408981882571655e-30
0.0034200624321353945 3.640897408187816e-30
0.0034998065857286074 3.6408981385577374e-30
0.0035814101001254554 3.64089765299367e-30
0.003664916329257761 3.640898043600284e-30
0.0037503696379226933 3.640898454387024e-30
0.0038378154253526898 3.6408979229805566e-30
0.003927300149334948 3.640898037003645e-30
0.004018871350893299 3.6408982047631554e-30
0.00411257767954558 3.640898124677338e-30
0.004208468919149921 3.64089813792028e-30
0.004306596014353682 3.640898292115643e-30
0.004407011097659079 3.640898462988748e-30
0.004509767517119906 3.6408986646265445e-30
0.004614919864684026 3.640898895490305e-30
0.004722524005196735 3.640898507168143e-30
0.004832637106080367 3.6408990923616826e-30
0.004945317667705937 3.6408981848983336e-30
0.005060625554472947 3.640898758386366e-30
0.005178622026613854 3.640898145841967e-30
0.005299369772740128 3.640898819837034e-30
0.005422932943147155 3.640898820705808e-30
0.0055493771838957115 3.6408984099100416e-30
0.00567876967168809 3.640899184707106e-30
0.005811179149557424 3.640898361318534e-30
0.0059466759633891655 3.6408983236268396e-30
0.006085332099294114 3.640898772445282e-30
0.006227221221852859 3.6408985100900256e-30
0.006372418713251954 3.640898722278872e-30
0.006521001713332612 3.6408987041138824e-30
0.006673049160573193 3.640899290636926e-30
0.006828641834027273 3.640898726852149e-30
0.006987862396239558 3.6408987951601554e-30
0.00715079543716245 3.640897849520635e-30
0.007317527519096606 3.6408985018717464e-30
0.007488147222679345 3.640898773443762e-30
0.007662745193945353 3.6408991259128926e-30
0.007841414192484688 3.640899121575745e-30
0.008024249140723652 3.640899245427265e-30
0.008211347174354735 3.640899441820739e-30
0.008402807693942412 3.640898901282764e-30
0.008598732417732204 3.640899578498023e-30
0.008799225435691074 3.640899256200622e-30
0.009004393264807849 3.640898903141832e-30
0.009214344905683071 3.640899293873887e-30
0.009429191900438323 3.640898400036196e-30
0.009649048391975805 3.6408992759915055e-30
0.009874031184619632 3.640898962618346e-30
0.010104259806171096 3.640899084805599e-30
0.01033985657141083 3.6408986049342735e-30
0.010580946647081629 3.640898764454321e-30
0.010827658118386449 3.640899268826199e-30
0.011080122057036918 3.6408988629026156e-30
0.011338472590888495 3.640898126735584e-30
0.01160284697519928 3.6408987296551884e-30
0.01187338566555036 3.640898026897042e-30
0.012150232392466372 3.640899376182656e-30
0.012433534237775993 3.640899972921772e-30
0.01272344171275288 3.640899065707217e-30
0.013020108838078586 3.6408989976389686e-30
0.013323693225669961 3.640899135031653e-30
0.013634356162414448 3.640899483154862e-30
0.013952262695857842 3.640898754989113e-30
0.014277581721889965 3.6409008466085956e-30
0.014610486074474885 3.640897791187092e-30
0.014951152617473332 3.640898603415448e-30
0.015299762338606094 3.640897381835059e-30
0.015656500445608335 3.6408982665617825e-30
0.016021556464625875 3.6408983512523906e-30
0.016395124340905766 3.640899380235485e-30
0.016777402541834602 3.6408976582918666e-30
0.017168594162379338 3.640899828290766e-30
0.01756890703298664 3.6408988678043814e-30
0.017978553829998065 3.640899850672988e-30
0.01839775218863974 3.640900740329331e-30
0.01882672481864659 3.6409003508456046e-30
0.01926569962258253 3.6408984728882524e-30
0.019714909816919448 3.640897210736799e-30
0.020174594055939365 3.640898743177264e-30
0.02064499655852557 3.64090018311105e-30
0.021126367237910063 3.640899990130827e-30
0.021618961834446313 3.640900043344541e-30
0.02212304205147776 3.6408982205777376e-30
0.022638875694374342 3.6408994068050194e-30
0.0231667368128109 3.640897424381468e-30
0.02370690584636297 3.640900516214839e-30
0.024259669773497434 3.64089894514306e-30
0.024825322264037063 3.640899705393121e-30
0.025404163835180054 3.640897931995033e-30
0.025996502011157406 3.64090136776821e-30
0.026602651486612925 3.640899934264651e-30
0.027222934293792744 3.6409003747051156e-30
0.027857679973633073 3.640899579687086e-30
0.02850722575083718 3.6408990437753515e-30
0.02917191671303455 3.6408980694713115e-30
0.029852105994117403 3.640899738258165e-30
0.030548154961852016 3.640898624470066e-30
0.031260433409864494 3.640894731423212e-30
0.031989319754103004 3.640896234612108e-30
0.0327352012338808 3.640898543189928e-30
0.03349847411760691 3.640900858500894e-30
0.034279543913313774 3.640901619177107e-30
0.03507882558409363 3.640901065675959e-30
0.03589674376855814 3.640900282166831e-30
0.03673373300643846 3.640900420225467e-30
0.037590237969445384 3.640901430479308e-30
0.038466713697512506 3.6408960391663366e-30
0.03936362584054766 3.6408981955767464e-30
0.04028145090582124 3.640896002637302e-30
0.04122067651112274 3.6409046824165265e-30
0.04218180164382002 3.64089649765382e-30
0.043165336925959 3.640898631182749e-30
0.044171804885544536 3.640899932446519e-30
0.04520174023414663 3.6408973195181356e-30
0.046255690150979495 3.640898183667254e-30
0.047334214573604344 3.6409035927642104e-30
0.048437886495410414 3.6409008446262235e-30
0.04956729227003216 3.640899138387526e-30
0.05072303192286451 3.640902669430692e-30
0.051905719469841495 3.6408973832391e-30
0.05311598324364777 3.640896850236104e-30
0.05435446622753626 3.6408968634825565e-30
0.05562182639692926 3.640899178986912e-30
0.056918737068984544 3.64089725131969e-30
0.058245887260312136 3.6408953409811406e-30
0.05960398205303182 3.6408969172354625e-30
0.06099374296936585 3.640903200542419e-30
0.06241590835496589 3.6409028756833405e-30
0.06387123377117784 3.640894114733065e-30
0.06536049239645289 3.640901829217472e-30
0.06688447543711816 3.640905558435077e-30
0.06844399254772507 3.640903414215546e-30
0.0700398722611988 3.640900178967785e-30
0.0716729624290174 3.640896234864847e-30
0.07334413067165428 3.640902757332135e-30
0.07505426483952363 3.640898274107656e-30
0.07680427348467332 3.640896522926342e-30
0.07859508634347626 3.640896354374735e-30
0.08042765483057629 3.640902896755833e-30
0.08230295254435131 3.6409011079950956e-30
0.08422197578416211 3.640905034987415e-30
0.08618574407966152 3.640902761623693e-30
0.08819530073244539 3.6408971028776494e-30
0.09025171337033296 3.640906478393643e-30
0.09235607451457113 3.6408880678174655e-30
0.09450950216026408 3.640900356559952e-30
0.09671314037033632 3.640895180759472e-30
0.09896815988334524 3.640896267512252e-30
0.10127575873546546 3.640893285934132e-30
0.10363716289697593 3.64090171317089e-30
0.10605362692358762 3.640898059417601e-30
0.10852643462295801 3.640902313796762e-30
0.11105689973674641 3.640892044066514e-30
0.11364636663857243 3.6409011978929925e-30
0.11629621104824843 3.6408963371708484e-30
0.1190078407626656 3.6408925271470966e-30
0.12178269640372161 3.6409069148196435e-30
0.12462225218368743 3.6408886322037904e-30
0.1275280166884199 3.640893947236945e-30
0.13050153367883624 3.640897133952488e-30
0.1335443829110759 3.640895828726994e-30
0.13665818097578622 3.6408862508548316e-30
0.13984458215697693 3.640905624735456e-30
0.14310527931090045 3.640900148358627e-30
0.14644200476542463 3.640893228192462e-30
0.14985653124037576 3.6409046173292004e-30
0.15335067278934078 3.64091947752065e-30
0.1569262857634292 3.640897140810412e-30
0.1605852697975066 3.6408854739775245e-30
0.16432956881942368 3.6408969291321144e-30
0.16816117208277714 3.6408721999802136e-30
0.172082115223751 3.6409075076644274e-30
0.1760944813425998 3.64089450813852e-30
0.1802004021103484 3.640894522794079e-30
0.18440205890129596 3.640891158468316e-30
0.18870168395192646 3.640877261934462e-30
0.1931015615468407 3.640890694004381e-30
0.1976040292323402 3.640892393594898e-30
0.20221147905830805 3.6408957370060324e-30
0.20692635884904578 3.640889279089279e-30
0.21175117350374192 3.640905065022436e-30
0.2166884863272632 3.640881809843685e-30
0.22174092039197504 3.6408891195451654e-30
0.22691115993131514 3.640898676357083e-30
0.23220195176586036 3.640899296180853e-30
0.2376161067626448 3.640877154868384e-30
0.24315650132850383 3.640883260872315e-30
0.24882607893823822 3.640909691658566e-30
0.25462785169840935 3.640886449311367e-30
0.2605649019475973 3.6408917254488855e-30
0.26664038389397104 3.640885445307128e-30
0.27285752529104135 3.6408982973205066e-30
0.2792196291524867 3.640887909646423e-30
0.2857300755069626 3.6408891453788305e-30
0.2923923231938275 3.640920091517664e-30
0.2992099117007387 3.640878324271908e-30
0.3061864630440946 3.64086390714512e-30
0.31332568369332287 3.640888840765436e-30
0.32063136654003577 3.640913471038529e-30
0.3281073929131 3.640891504849331e-30
0.3357577346406907 3.640918255167505e-30
0.343586456160426 3.640871321201477e-30
0.3515977166787018 3.640916630390477e-30
0.359795772380376 3.640933762064108e-30
0.368184978689974 3.640907682852175e-30
0.3767697925856183 3.640868616032997e-30
0.38555477496691104 3.6408795637258814e-30
0.394544593078027 3.6408921075763374e-30
0.4037440229873054 3.640916231790986e-30
0.4131579521246571 3.640907047833555e-30
0.42279138187813525 3.640903693665787e-30
0.43264943025104924 3.6408853921034226e-30
0.4427373345810337 3.640901162936493e-30
0.4530604543225162 3.640892058042338e-30
0.4636242738940635 3.6409432998982325e-30
0.47443440559211736 3.64093001646793e-30
0.48549659257266914 3.6408989635527786e-30
0.4968167119024568 3.640886451987444e-30
0.5084007776813051 3.6408792618413625e-30
0.5202549442372687 3.6408262055044204e-30
0.5323855093962742 3.640848934719546e-30
0.5447989178279997 3.6408893771028135e-30
0.557501764469769 3.640916874157964e-30
0.5705007980302781 3.640875577261548e-30
0.5838029245750183 3.6409021255041085e-30
0.5974152111952977 3.6408820604082724e-30
0.6113448897628128 3.6408816714555476e-30
0.6255993607717623 3.6408950514856844e-30
0.6401861972705483 3.640842345373787e-30
0.6551131488851486 3.6408752600752296e-30
0.6703881459363026 3.640955961648199e-30
0.686019303652694 3.6409992462984005e-30
0.7020149264823721 3.640842272911656e-30
0.7183835125046995 3.640858801035428e-30
0.7351337579451718 3.640923633504932e-30
0.7522745617955077 3.640913984396876e-30
0.7698150305414633 3.640849888182111e-30
0.7877644830008832 3.6408921281493235e-30
0.8061324552745581 3.640896539835231e-30
0.8249287058125218 3.640936295405327e-30
0.8441632205984669 3.64097411192562e-30
0.8638462184550629 3.640882652813863e-30
0.8839881564729563 3.640915603127384e-30
0.9045997355663667 3.6409388317198605e-30
0.9256919061582187 3.6409627175404354e-30
0.9472758739978306 3.64090637207104e-30
0.9693631061142522 3.640951027481084e-30
0.9919653369084147 3.640964180677899e-30
1.0150945743873274 3.640905565907453e-30
1.0387631065436362 3.6408838711982706e-30
1.0629835078839296 3.640796747963233e-30
1.0877686461092637 3.6409763019913e-30
1.1131316889514546 3.6409216041974405e-30
1.1390861111687691 3.640836085005821e-30
1.16564570170473 3.641006827886287e-30
1.1928245710138414 3.640705392631812e-30
1.2206371585581264 3.640888185227642e-30
1.2490982404784545 3.640878118978775e-30
1.2782229374447416 3.640938633617712e-30
1.3080267226891875 3.640933681217016e-30
1.3385254302268237 3.640928612350581e-30
1.369735263267732 3.64077117526418e-30
1.4016728028254128 3.640991782477902e-30
1.4343550165258654 3.640871768353866e-30
1.4677992676220706 3.6408613952593345e-30
1.5020233242186567 3.640815259608516e-30
1.5370453687116559 3.6408446672339574e-30
1.5728840074483612 3.640973755150288e-30
1.6095582806124205 3.640885799433308e-30
1.6470876723394143 3.640809777357237e-30
1.6854921210682972 3.640904499374332e-30
1.7247920301341966 3.640821032349635e-30
1.7650082786082029 3.640903713887142e-30
1.8061622323899016 3.6408531074875494e-30
1.848275755558551 3.640975884864969e-30
1.8913712219889245 3.6409964813226684e-30
1.935471527238 3.6409390120650846e-30
1.9806001007088037 3.640902220948585e-30
2.0267809180978715 3.640903387188892e-30
2.0740385141329463 3.640869044661732e-30
2.1223979956076717 3.6410044117671216e-30
2.171885054720213 3.640811916732947e-30
2.222525982722885 3.6408392684058714e-30
2.274347683890048 3.641048691299523e-30
2.327377689811681 3.640961694781398e-30
2.3816441740202396 3.64096301614022e-30
2.437175966958554 3.640894779569908e-30
2.4940025712967335 3.64093929618815e-30
2.552154177606206 3.640734361633928e-30
2.611661680399223 3.64084021514117e-30
2.6725566945423505 3.640917886820093e-30
2.7348715720526675 3.641005523236065e-30
2.7986394192855935 3.6409883314289026e-30
2.863894114523477 3.640754343953791e-30
2.9306703259742912 3.640602998670201e-30
2.999003530189995 3.640905265205948e-30
3.068930030914351 3.641143708791617e-30
3.1404869783702067 3.641025474329047e-30
3.21371238899649 3.6406501203629006e-30
3.2886451656454048 3.6407902675342355e-30
3.3653251182505572 3.641029262819933e-30
3.443792984976987 3.641330121203453e-30
3.5240904538643507 3.640679047666022e-30
3.6062601849747473 3.640469845879486e-30
3.6903458330569543 3.640887046084272e-30
3.77639207073912 3.641142696662377e-30
3.8644446122622242 3.641072489348279e-30
3.9545502377669295 3.641083737737133e-30
4.046756818146711 3.64122035340862e-30
4.141113340480481 3.640848025292001e-30
4.237669934058216 3.641235378395327e-30
4.336477897013409 3.640721095083134e-30
4.437589723576497 3.640858512358418e-30
4.541059131963759 3.640769309044882e-30
4.646941092916466 3.640830368078684e-30
4.755291858905486 3.6413650778056304e-30
4.866168994016832 3.641089963660793e-30
4.979631404534034 3.641579572873028e-30
5.0957393702336 3.641059080824472e-30
5.214554576410165 3.6409885488728814e-30
5.336140146648369 3.6405507625162026e-30
5.4605606763588606 3.6407158911480304e-30
5.587882267096237 3.641141861910985e-30
5.718172561677172 3.64097092302831e-30
5.851500780117376 3.6404858379503556e-30
5.987937756406471 3.640280168707421e-30
6.127555976140354 3.640886985367852e-30
6.270429615030991 3.6408149706675425e-30
6.416634578314149 3.640978409129479e-30
6.566248541075969 3.6408891258510946e-30
6.719350989519823 3.641610703300959e-30
6.87602326319537 3.641264125846773e-30
7.036348598212252 3.641226883722517e-30
7.200412171461376 3.641413053911223e-30
7.368301145867304 3.6419494862908636e-30
7.540104716695753 3.641331769236166e-30
7.715914158940838 3.6409405281941574e-30
7.8958228758172275 3.6411222263760044e-30
8.07992644838296 3.6414081116031134e-30
8.2683226863193 3.641618989185863e-30
8.461111679894604 3.641401424185787e-30
8.658395853139817 3.6411977506295154e-30
8.860280018263818 3.640478273583543e-30
9.066871431337571 3.6413477347594594e-30
9.278279849276613 3.641325600243123e-30
9.494617588152204 3.640718232033095e-30
9.715999582862075 3.639911520723241e-30
9.942543448192506 3.6405512734517674e-30
10.17436954130415 3.6407322523175375e-30
10.411601025674827 3.640689005106969e-30
10.654363936533231 3.640070215738394e-30
10.902787247818345 3.640457513629549e-30
11.157002940700098 3.640759071147947e-30
11.417146073697703 3.641276897370379e-30
11.683354854432924 3.641084085345243e-30
11.955770713056356 3.640571301185523e-30
12.234538377385784 3.641437785126995e-30
12.519805949796487 3.641252264012538e-30
12.811724985904382 3.640665403685527e-30
13.110450575083778 3.641667703224715e-30
13.416141422862523 3.6395311387935e-30
13.72895993523834 3.640742492582914e-30
14.04907230496112 3.6420883853203665e-30
14.37664859982702 3.640217577365593e-30
14.711862853031292 3.639527445627677e-30
15.054893155627816 3.640634820885699e-30
15.405921751144481 3.640645389891106e-30
15.765135132404664 3.6408022136955915e-30
16.132724140606275 3.642122905638876e-30
16.50888406671095 3.642593874871905e-30
16.89381475519735 3.64053194949498e-30
17.287720710233557 3.641956520225334e-30
17.690811204325115 3.6389579762512e-30
18.103300389496336 3.641397347262829e-30
18.52540741106398 3.6401570366027106e-30
18.957356524063755 3.640557889279945e-30
19.399377212391464 3.640811156505222e-30
19.85170431072216 3.640200076195519e-30
20.314578129271972 3.6412095895231674e-30
20.788244581469023 3.640493267406039e-30
21.272955314601134 3.641638856066745e-30
21.76896784350983 3.64342706837112e-30
22.27654568740161 3.641215597475309e-30
22.79595850984919 3.63850222458488e-30
23.327482262057103 3.638417194503065e-30
23.871399329467756 3.6417103151111066e-30
24.427998681785848 3.6383223098841735e-30
24.997576026500827 3.641978484029847e-30
25.580433965988984 3.6429556636707936e-30
26.176882158278623 3.6430761782407306e-30
26.787237481563718 3.64205699964381e-30
27.411824202553472 3.641916271714099e-30
28.050974148747212 3.641874966273508e-30
28.705026884726152 3.641209231890903e-30
29.374329892555654 3.64179507878886e-30
30.05923875639388 3.641198358743096e-30
30.760117351404876 3.639984508982617e-30
31.477338037076432 3.6415306969332576e-30
32.21128185504559 3.640381060928637e-30
32.962338731536356 3.640137178640877e-30
33.730907684518286 3.636917889032182e-30
34.51739703569462 3.641268293074016e-30
35.322224627433556 3.637493500581016e-30
36.14581804475762 3.641750282566978e-30
36.98861484250899 3.6407116809889734e-30
37.851062777811606 3.643593563683274e-30
38.733620047953465 3.6414898271835806e-30
39.63675553381552 3.640345683259832e-30
40.5609490489765 3.6421241466730895e-30
41.506691594626034 3.640106223001037e-30
42.47448562042145 3.643411799568383e-30
43.46484529142686 3.641849716521074e-30
44.4782967612764 3.635437746514748e-30
45.515378451706574 3.6407542345244735e-30
46.576641338606535 3.643797736683281e-30
47.66264924473788 3.644182336822405e-30
48.773979139279795 3.6440784906977785e-30
49.911221444358546 3.6415794624749906e-30
51.07498034872413 3.6394429320353816e-30
52.265874128740876 3.642150913529681e-30
53.48453547686238 3.641713733791653e-30
54.731611837765406 3.63703142402634e-30
56.00776575232122 3.640521349794042e-30
57.31367520958723 3.640209744588845e-30
58.650034007005786 3.6416970137572855e-30
60.017552119001664 3.6377938000890756e-30
61.416956074173925 3.6422996362745126e-30
62.84898934128261 3.642651321503556e-30
64.31441272423535 3.646726258909893e-30
65.81400476628369 3.642183034687895e-30
67.34856216364385 3.642550487250361e-30
68.91890018876182 3.645793180235689e-30
70.52585312344742 3.6452126834579755e-30
72.17027470210763 3.6343859032431354e-30
73.8530385653146 3.642229385048877e-30
75.57503872394936 3.640405424276628e-30
77.33719003416762 3.6492799110829e-30
79.14042868344033 3.6417280187084556e-30
80.98571268792693 3.645443571773716e-30
82.87402240144569 3.643328158080873e-30
84.80636103631147 3.644381050089902e-30
86.78375519631766 3.639971675594713e-30
88.80725542214539 3.649401316808094e-30
90.8779367494899 3.6428795870777524e-30
92.99689928020044 3.638081125060601e-30
95.16526876673713 3.633839949797587e-30
97.38419721025556 3.63694767582356e-30
99.6548634726365 3.633402306496635e-30
101.97847390278609 3.64005221126323e-30
104.35626297753925 3.645828348389625e-30
106.78949395750668 3.644376301768408e-30
109.27945955821409 3.646655900520779e-30
111.82748263689002 3.639251777829029e-30
114.43491689526716 3.643245532912243e-30
117.10314759877073 3.63300546120956e-30
119.8335923124757 3.637103970742427e-30
122.62770165422418 3.631887758307319e-30
125.4869600653028 3.643719355572855e-30
128.41288659908975 3.645546216113087e-30
131.40703572809028 3.643208066558098e-30
134.4709981697896 3.639001069565159e-30
137.6064017317617 3.6362198733234425e-30
140.8149121764835 3.643143901454723e-30
144.09823410631301 3.648230612323847e-30
147.45811186910282 3.652967327760597e-30
150.89633048492877 3.6297636992634425e-30
154.41471659442715 3.627457266935259e-30
158.01513942924367 3.6588804833793966e-30
161.6995118051102 3.642692049450008e-30
165.46979113807643 3.609429879445495e-30
169.32798048443664 3.6505612487510565e-30
173.27612960490418 3.6264336080622384e-30
177.3163360535986 3.613071432574684e-30
181.45074629242436 3.6450177257503904e-30
185.68155683143308 3.62754031472843e-30
190.01101539577502 3.641177465779309e-30
194.44142211985996 3.6393947233127075e-30
198.9751307693619 3.6490807799568005e-30
203.61454999171644 3.640606652328973e-30
208.36214459577587 3.6529989728034875e-30
213.2204368613011 3.6297399542842955e-30
218.19200787898666 3.6334966930876054e-30
223.27949892173046 3.629019796727536e-30
228.48561284787684 3.652579694813293e-30
233.81311553717836 3.6172275850733255e-30
239.2648373602396 3.6715753617958144e-30
244.8436746822229 3.606606983530597e-30
250.55259140161598 3.6668947300730786e-30
256.3946205248776 3.64616894545557e-30
262.37286577779935 3.651620022791467e-30
268.49050325443824 3.64703907260709e-30
274.7507831044972 3.644899128953726e-30
281.15703126004934 3.6603805835952686e-30
287.7126512025234 3.6218133913611346e-30
294.4211257708895 3.668743328402415e-30
301.2860190120053 3.64953479643859e-30
308.3109780741064 3.60449887004514e-30
315.4997351444457 3.648247165118237e-30
322.8561094321127 3.6531000473894106e-30
330.38400919708465 3.632123568204769e-30
338.08743382658884 3.6461536408324854e-30
345.970475959878 3.643659436853168e-30
354.0373236625486 3.637137233532545e-30
362.2922626515567 3.6344106357579634e-30
370.7396785721134 3.6459043414671774e-30
379.3840593276699 3.637498928877165e-30
388.22999746422977 3.672495783718888e-30
397.28219261025527 3.6278377315677124e-30
406.54545397346374 3.5952819317187715e-30
416.02470289584096 3.674263362284944e-30
425.7249754682287 3.657071389863907e-30
435.6514252058753 3.6606793462250204e-30
445.8093257863709 3.631378370277967e-30
456.2040738514225 3.686665777332822e-30
466.841191873956 3.6463817293586324e-30
477.72633109207 3.668056175663888e-30
488.86527451139875 3.623123487984102e-30
500.26393997748045 3.654534752083117e-30
511.92838331976236 3.6509655961150854e-30
523.8648015689132 3.5782914434167554e-30
536.079536249153 3.6565200991516864e-30
548.5790767473477 3.660158067570352e-30
561.3700637606607 3.6401222969230394e-30
574.4592928245908 3.64215083118642e-30
587.8537179232724 3.646372074764803e-30
601.560455183956 3.691100794434574e-30
615.5867866576306 3.669307410981077e-30
629.940164187797 3.684838854059405e-30
644.6282133694491 3.57844341586808e-30
659.6587376003637 3.61241258535998e-30
675.039722226853 3.591991036215365e-30
690.7793387861822 3.675485314957038e-30
706.885949347905 3.687458687253157e-30
723.368110956425 3.656025329220488e-30
740.2345801771418 3.565060568639487e-30
757.4943177485981 3.596292549579112e-30
775.1564933430986 3.6009309605372e-30
793.2304904383309 3.70794435124674e-30
811.7259113025749 3.7612742949587374e-30
830.6525820961508 3.700886914378633e-30
850.0205580918159 3.631575515976367e-30
869.8401290168822 3.5765734913311295e-30
890.1218245198946 3.5638504597274175e-30
910.8764197647733 3.5672995673121976e-30
932.1149411553916 3.605405483929099e-30
953.848672193633 3.7404685854390586e-30
976.0891594740359 3.8360434883895354e-30
998.8482188182152 3.715266179769142e-30
1022.1379415523157 3.660889967251265e-30
1045.9707009308356 3.567158451783114e-30
1070.3591587102305 3.565199565676375e-30
1095.3162718757928 3.518115552584303e-30
1120.8552995253765 3.591409590995133e-30
1146.98980991363 3.562698194286679e-30
1173.7336876604738 3.637061900959797e-30
1201.1011411276565 3.782391519732252e-30
1229.1067099673062 3.9502895952445884e-30
1257.7652728464884 3.768092068368602e-30
1287.0920553518754 3.7424276079203386e-30
1317.1026380787234 3.5527240286904106e-30
1347.812964908458 3.509103508322715e-30
1379.239351479266 3.500122972000236e-30
1411.3984938541882 3.5701041980851994e-30
1444.3074773913293 3.52830033289452e-30
1477.9837858208825 3.5828421205380784e-30
1512.445310533807 3.627290511731436e-30
1547.71036008708 3.675561655965381e-30
1583.797669930582 3.7204093444482685e-30
1620.7264123607779 3.86155788597988e-30
1658.5162067064848 4.008561049229258e-30
1697.1871297521373 3.903537078199625e-30
1736.7597264040865 3.699054264755148e-30
1777.255020605602 3.592901194021137e-30
1818.6945265063737 3.579116583117856e-30
1861.1002598924472 3.5740765763794315e-30
1904.4947498826687 3.546078181027746e-30
1948.9010508978479 3.5441110270107635e-30
1994.3427549090043 3.539432305423753e-30
2040.8440039711966 3.5858674603170095e-30
2088.4295030496014 3.548652306658751e-30
2137.124533144652 3.432954722975521e-30
2186.9549647232075 3.459226600084863e-30
2237.947271462894 3.55448959740371e-30
2290.1285443169163 3.751909891078436e-30
2343.5265059068115 3.9314214618274416e-30
2398.169525250793 3.917367348707679e-30
2454.086632835509 3.926313297325311e-30
2511.3075360392254 3.848600567683079e-30
2569.8626349146184 4.0145502891622e-30
2629.783038339575 3.913753894194948e-30
2691.100580544569 4.0238359573575805e-30
2753.8478380254037 3.587444072062e-30
2818.0581468502987 3.432292629546476e-30
2883.7656203705187 3.572692613207908e-30
2951.0051673439552 3.51783267335918e-30
3019.812510481288 3.520063596996505e-30
3090.2242054245785 3.475522285793234e-30
3162.2776601683795 3.411148581941523e-30
