# %ECSV 1.0
# ---
# datatype:
# - {name: mx, unit: MeV, datatype: float64}
# - {name: sigma, unit: cm2 MeV4, datatype: float64}
# schema: astropy-2.0
mx sigma
3.162277660168379e-07 3.510505058804427e-44
3.2360111549336787e-07 3.510505070071391e-44
3.311463862505236e-07 3.5105050818698967e-44
3.388675869043115e-07 3.5105050942250145e-44
3.4676881953794695e-07 3.5105051071630083e-44
3.548542818811901e-07 3.510505120711376e-44
3.6312826954049566e-07 3.510505134898911e-44
3.715951782811629e-07 3.510505149755769e-44
3.8025950636269697e-07 3.51050516531353e-44
3.89125856928623e-07 3.510505181605259e-44
3.9819894045202297e-07 3.510505198665576e-44
4.0748357723809307e-07 3.5105052165307454e-44
4.169846999850535e-07 3.510505235238735e-44
4.2670735640476865e-07 3.5105052548293087e-44
4.3665671190447213e-07 3.510505275344104e-44
4.4683805233101997e-07 3.5105052968267183e-44
4.572567867791303e-07 3.51050531932282e-44
4.6791845046510194e-07 3.5105053428802125e-44
4.788287076675383e-07 3.510505367548968e-44
4.899933547366384e-07 3.5105053933815174e-44
5.014183231736547e-07 3.5105054204327676e-44
5.131096827821533e-07 3.5105054487602065e-44
5.250736448927506e-07 3.5105054784240473e-44
5.373165656630395e-07 3.510505509487335e-44
5.4984494945446e-07 3.510505542016084e-44
5.626654522879044e-07 3.5105055760794345e-44
5.757848853798981e-07 3.5105056117497944e-44
5.892102187612295e-07 3.51050564910296e-44
6.029485849799565e-07 3.510505688218333e-44
6.17007282890752e-07 3.510505729179049e-44
6.313937815326057e-07 3.5105057720721566e-44
6.461157240969403e-07 3.510505816988825e-44
6.611809319882495e-07 3.510505864024527e-44
6.765974089794179e-07 3.510505913279212e-44
6.923733454639272e-07 3.51050596485758e-44
7.085171228072106e-07 3.510506018869265e-44
7.250373177994646e-07 3.510506075429031e-44
7.419427072122865e-07 3.510506134657123e-44
7.592422724615558e-07 3.5105061966793987e-44
7.769452043790388e-07 3.5105062616276894e-44
7.950609080952509e-07 3.51050632964004e-44
8.135990080361694e-07 3.5105064008609996e-44
8.325693530364543e-07 3.51050647544193e-44
8.519820215718901e-07 3.5105065535413567e-44
8.718473271138315e-07 3.510506635325266e-44
8.921758236084957e-07 3.5105067209674885e-44
9.12978311084014e-07 3.51050681065003e-44
9.342658413882192e-07 3.510506904563517e-44
9.560497240602198e-07 3.51050700290755e-44
9.78341532338879e-07 3.510507105891136e-44
1.0011531093113902e-06 3.5105072137331567e-44
1.0244965742052174e-06 3.5105073266628417e-44
1.048384328826741e-06 3.5105074449201756e-44
1.0728290641500308e-06 3.510507568756516e-44
1.0978437670592484e-06 3.510507698435075e-44
1.1234417272482566e-06 3.5105078342314687e-44
1.149636544281106e-06 3.5105079764342863e-44
1.1764421348171486e-06 3.510508125345801e-44
1.2038727400046132e-06 3.5105082812824784e-44
1.2319429330465773e-06 3.510508444575752e-44
1.2606676269433496e-06 3.510508615572717e-44
1.2900620824153782e-06 3.510508794636752e-44
1.3201419160108953e-06 3.510508982148487e-44
1.3509231084026028e-06 3.51050917850642e-44
1.38242201287781e-06 3.510509384127907e-44
1.4146553640265304e-06 3.510509599449965e-44
1.447640286632156e-06 3.510509824930254e-44
1.4813943047694329e-06 3.5105100610479885e-44
1.5159353511145682e-06 3.5105103083050204e-44
1.5512817764724183e-06 3.5105105672268743e-44
1.587452359525819e-06 3.510510838363833e-44
1.6244663168122348e-06 3.5105111222922024e-44
1.6623433129330315e-06 3.510511419615421e-44
1.7011034710007933e-06 3.510511730965414e-44
1.740767383330235e-06 3.510512057003943e-44
1.7813561223783898e-06 3.5105123984239434e-44
1.8228912519398869e-06 3.510512755951071e-44
1.8653948386032614e-06 3.5105131303452235e-44
1.908889463474389e-06 3.51051352240213e-44
1.9533982341732686e-06 3.510513932955056e-44
1.9989447971105317e-06 3.5105143628766136e-44
2.045553350050195e-06 3.510514813080536e-44
2.0932486549653353e-06 3.5105152845236686e-44
2.1420560511935146e-06 3.5105157782080615e-44
2.192001468898943e-06 3.510516295182942e-44
2.2431114428485372e-06 3.5105168365471175e-44
2.2954131265091837e-06 3.5105174034511825e-44
2.3489343064737076e-06 3.5105179971000477e-44
2.403703417223201e-06 3.510518618755441e-44
2.4597495562335635e-06 3.5105192697386494e-44
2.5171024994342686e-06 3.5105199514332493e-44
2.575792717027583e-06 3.510520665288132e-44
2.635851389676631e-06 3.5105214128205184e-44
2.6973104250709106e-06 3.5105221956192074e-44
2.760202474878063e-06 3.5105230153479833e-44
2.8245609520908932e-06 3.510523873749083e-44
2.8904200487788716e-06 3.5105247726469615e-44
2.9578147542535346e-06 3.5105257139521573e-44
3.026780873657441e-06 3.510526699665302e-44
3.097355046986562e-06 3.510527731881462e-44
3.1695747685562034e-06 3.510528812794499e-44
3.2434784069208122e-06 3.5105299447018086e-44
3.319105225258239e-06 3.5105311300091693e-44
3.3964954022292982e-06 3.510532371235838e-44
3.4756900533236943e-06 3.5105336710199355e-44
3.5567312527036693e-06 3.5105350321240626e-44
3.6396620555569646e-06 3.5105364574411196e-44
3.7245265209709786e-06 3.510537950000502e-44
3.811369735340273e-06 3.5105395129745274e-44
3.900237836319859e-06 3.5105411496851925e-44
3.991178037336996e-06 3.5105428636111974e-44
4.0842386526745176e-06 3.510544658395363e-44
4.179469123139017e-06 3.5105465378523854e-44
4.2769200423275275e-06 3.5105485059769105e-44
4.376643183506652e-06 3.5105505669520744e-44
4.478691527118417e-06 3.51055272515833e-44
4.583119288927478e-06 3.510554985182827e-44
4.689981948824612e-06 3.5105573518291097e-44
4.799336280301815e-06 3.510559830127354e-44
4.911240380614659e-06 3.510562425345052e-44
5.0257537016479225e-06 3.510565142998216e-44
5.142937081500915e-06 3.5105679888630864e-44
5.262852776809252e-06 3.510570968988425e-44
5.385564495820272e-06 3.510574089708369e-44
5.511137432239651e-06 3.5105773576559044e-44
5.639638299867211e-06 3.5105807797769354e-44
5.771135368040315e-06 3.5105843633450904e-44
5.905698497903673e-06 3.510588115977166e-44
6.043399179524854e-06 3.5105920456492987e-44
6.184310569875183e-06 3.510596160713939e-44
6.32850753169624e-06 3.510600469917629e-44
6.47606667327258e-06 3.5106049824195464e-44
6.627066389131828e-06 3.5106097078110164e-44
6.781586901693754e-06 3.510614656135884e-44
6.939710303890459e-06 3.5106198379118753e-44
7.101520602780329e-06 3.510625264152933e-44
7.267103764178904e-06 3.5106309463926612e-44
7.436547758330399e-06 3.510636896708833e-44
7.609942606644117e-06 3.510643127749067e-44
7.787380429520604e-06 3.5106496527577064e-44
7.968955495292936e-06 3.5106564856040086e-44
8.15476427030917e-06 3.510663640811582e-44
8.344905470182516e-06 3.5106711335893116e-44
8.539480112236516e-06 3.510678979863671e-44
8.738591569173047e-06 3.510687196312591e-44
8.942345623991688e-06 3.5106958004009155e-44
9.150850526189614e-06 3.5107048104175377e-44
9.364217049271877e-06 3.5107142455142914e-44
9.58255854960264e-06 3.510724125746675e-44
9.805991026628606e-06 3.510734472116485e-44
1.0034633184506672e-05 3.510745306616486e-44
1.0268606495168497e-05 3.5107566522771683e-44
1.0508035262855554e-05 3.510768533215733e-44
1.07530466901589e-05 3.510780974687367e-44
1.1003770945598772e-05 3.5107940031389646e-44
1.1260341232779899e-05 3.510807646265351e-44
1.1522893861159297e-05 3.510821933068206e-44
1.1791568318464117e-05 3.5108368939177213e-44
1.206650734479802e-05 3.5108525606172197e-44
1.2347857008475478e-05 3.510868966470758e-44
1.263576678362426e-05 3.5108861463540215e-44
1.293038962959737e-05 3.5109041367884456e-44
1.3231882072236462e-05 3.5109229760189497e-44
1.3540404287030327e-05 3.510942704095279e-44
1.3856120184212054e-05 3.5109633629571856e-44
1.4179197495840522e-05 3.5109849965236844e-44
1.4509807864912299e-05 3.5110076507864613e-44
1.484812693655133e-05 3.5110313739077404e-44
1.5194334451324849e-05 3.5110562163227715e-44
1.5548614340735104e-05 3.511082230847102e-44
1.5911154824937624e-05 3.511109472789034e-44
1.6282148512737936e-05 3.511138000067263e-44
1.6661792503919872e-05 3.511167873334181e-44
1.7050288493959805e-05 3.5111991561049436e-44
1.7447842881182494e-05 3.5112319148926597e-44
1.785466687641539e-05 3.511266219349961e-44
1.8270976615199758e-05 3.511302142417329e-44
1.869699327261814e-05 3.5113397604783237e-44
1.91329431807992e-05 3.5113791535222174e-44
1.957905794916243e-05 3.5114204053143377e-44
2.003557458746648e-05 3.511463603574423e-44
2.0502735631726606e-05 3.5115088401634584e-44
2.0980789273068064e-05 3.511556211279275e-44
2.1469989489583918e-05 3.5116058176615035e-44
2.1970596181267336e-05 3.5116577648061545e-44
2.2482875308090033e-05 3.511712163190386e-44
2.3007099031300245e-05 3.5117691285079e-44
2.354354585801526e-05 3.5118287819154666e-44
2.4092500789185385e-05 3.511891250291182e-44
2.4654255471007912e-05 3.511956666504861e-44
2.5229108349871537e-05 3.5120251697013387e-44
2.5817364830913554e-05 3.5120969055971133e-44
2.641933744027406e-05 3.512172026791089e-44
2.7035345991133382e-05 3.512250693090047e-44
2.7665717753620915e-05 3.512333071849504e-44
2.8310787628685666e-05 3.512419338330798e-44
2.8970898326020842e-05 3.512509676075048e-44
2.964640054613707e-05 3.5126042772948954e-44
3.033765316668089e-05 3.5127033432848053e-44
3.104502343309761e-05 3.5128070848508743e-44
3.176888715373972e-05 3.5129157227610004e-44
3.25096288995246e-05 3.5130294882164935e-44
3.326764220824756e-05 3.5131486233460216e-44
3.4043329793658724e-05 3.513273381723067e-44
3.483710375941493e-05 3.5134040289080064e-44
3.5649385818020195e-05 3.5135408430159005e-44
3.648060751487119e-05 3.513684115311376e-44
3.73312104575266e-05 3.513834150831738e-44
3.820164655032238e-05 3.5139912690398227e-44
3.90923782344573e-05 3.514155804507883e-44
4.0003878733676586e-05 3.5143281076341236e-44
4.093663230568398e-05 3.5145085453933265e-44
4.1891134499415887e-05 3.5146975021233535e-44
4.2867892418314344e-05 3.5148953803491174e-44
4.386742498973848e-05 3.515102601645954e-44
4.489026324065786e-05 3.515319607544176e-44
4.5936950579773975e-05 3.5155468604769215e-44
4.700804308621986e-05 3.5157848447733187e-44
4.8104109804991236e-05 3.516034067699175e-44
4.922573304926602e-05 3.5162950605475193e-44
5.0373508709772956e-05 3.5165683797814083e-44
5.154804657137365e-05 3.5168546082315413e-44
5.27499706370262e-05 3.5171543563513666e-44
5.397991945930254e-05 3.517468263532446e-44
5.5238546479635675e-05 3.517796999483106e-44
5.6526520375476976e-05 3.518141265673385e-44
5.784452541554797e-05 3.5185017968496e-44
5.9193261823375433e-05 3.518879362621865e-44
6.057344614930286e-05 3.5192747691283324e-44
6.198581165117595e-05 3.5196888607796707e-44
6.34311086839044e-05 3.5201225220880215e-44
6.491010509810695e-05 3.5205766795844413e-44
6.642358664805138e-05 3.52105230382927e-44
6.797235740910648e-05 3.5215504115200846e-44
6.955724020492732e-05 3.522072067702045e-44
7.117907704460117e-05 3.5226183880857854e-44
7.283872956998614e-05 3.5231905414782505e-44
7.453707951348025e-05 3.523789752332113e-44
7.627502916646401e-05 3.5244173034197875e-44
7.805350185866558e-05 3.5250745386382774e-44
7.987344244870308e-05 3.525762865951571e-44
8.173581782606456e-05 3.52648376047749e-44
8.364161742479263e-05 3.5272387677263945e-44
8.559185374914618e-05 3.5280295069995106e-44
8.758756291151902e-05 3.528857674955086e-44
8.96298051829007e-05 3.529725049350951e-44
9.17196655561724e-05 3.5306334929726803e-44
9.385825432253677e-05 3.531584957756961e-44
9.604670766138824e-05 3.532581489120272e-44
9.828618824393714e-05 3.533625230503703e-44
0.00010057788585090809 3.5347184281451846e-44
0.00010292301800464121 3.5358634360911767e-44
0.00010532283061593165 3.5370627214604204e-44
0.00010777859864595113 3.538318869973277e-44
0.00011029162678360347 3.5396345917606846e-44
0.00011286325013867351 3.5410127274679606e-44
0.00011549483495113791 3.542456254669134e-44
0.00011818777931701482 3.5439682946088504e-44
0.0001209435139311377 3.545552119289588e-44
0.00012376350284724815 3.5472111589231583e-44
0.00012664924425581149 3.5489490097666276e-44
0.00012960227127996844 3.550769442363851e-44
0.00013262415279004548 3.5526764102154097e-44
0.00013571649423705693 3.5546740589008384e-44
0.0001388809385056415 3.55676673567879e-44
0.00014211916678688624 3.5589589995922343e-44
0.00014543289947150178 3.561255632107591e-44
0.0001488238970638237 3.563661648318558e-44
0.00015229396111712465 3.56618230874733e-44
0.00015584493519073535 3.568823131778062e-44
0.00015947870582948208 3.5715899067598025e-44
0.00016319720356596128 3.574488707818416e-44
0.00016700240394618395 3.5775259084198835e-44
0.00017089632857913436 3.580708196730009e-44
0.000174881046210801 3.5840425918187983e-44
0.00017895867382325032 3.5875364607609973e-44
0.0001831313777593269 3.591197536687854e-44
0.00018740137487357792 3.595033937849044e-44
0.00019177093371001327 3.5990541877478154e-44
0.000196242375707327 3.6032672364169187e-44
0.00020081807643222024 3.607682482907674e-44
0.00020550046684148122 3.6123097990698143e-44
0.0002102920345734925 3.6171595547053674e-44
0.0002151953252698519 3.622242644185935e-44
0.00022021294392780895 3.627570514629362e-44
0.00022534755628423554 3.633155195738961e-44
0.0002306018902318662 3.6390093314161904e-44
0.00023597873726856003 3.6451462132661006e-44
0.0002414809539803547 3.651579816124016e-44
0.0002471114635590999 3.658324835741726e-44
0.00025287325735547713 3.6653967287823044e-44
0.00025876939646823026 3.6728117552842523e-44
0.00026480301337045197 3.6805870237682994e-44
0.000270977313573789 3.6887405391740537e-44
0.00027729557733145163 3.6972912538285634e-44
0.00028376116138093086 3.706259121665089e-44
0.0002903775007273506 3.7156651559281974e-44
0.00029714811046840066 3.7255314906204025e-44
0.00030407658766182135 3.7358814459666224e-44
0.00031116661323643183 3.746739598195565e-44
0.0003184219539477161 3.7581318539619214e-44
0.00032584646437900766 3.7700855297604963e-44
0.00033344408898933415 3.7826294367128303e-44
0.0003412188642090111 3.795793971139147e-44
0.0003491749205840977 3.809611211363587e-44
0.0003573164849708539 3.8241150212390587e-44
0.0003656478827813646 3.839341160919817e-44
0.0003741735402815245 3.8553274054556167e-44
0.0003828979869426037 3.8721136718311463e-44
0.000391825857847644 3.889742155128866e-44
0.000400961896153964 3.9082574745528816e-44
0.0004103109556130814 3.927706830116439e-44
0.0004198780031493915 3.948140170866645e-44
0.00042966812149897106 3.96961037559749e-44
0.000439686511909911 3.9921734470871343e-44
0.0004499384969056106 4.015888720987912e-44
0.00046042952311250296 4.0408190905988517e-44
0.0004711651641537129 4.0670312488610903e-44
0.00048215112361018567 4.0945959490375326e-44
0.0004933932380508582 4.123588285670302e-44
0.0005048974801334842 4.1540879975539644e-44
0.0005166699617777604 4.186179794620452e-44
0.0005287169374124361 4.219953710804158e-44
0.0005410448072981404 4.2555054851442344e-44
0.0005536601209276797 4.292936973587112e-44
0.0005665695805056229 4.3323565941774045e-44
0.0005797800445090163 4.373879808571141e-44
0.0005932985313311235 4.417629643073694e-44
0.000607132223010125 4.463737252698098e-44
0.0006212884690447563 4.512342532059152e-44
0.0006357747902989163 4.563594777268306e-44
0.0006505988829973161 4.617653403375108e-44
0.0006657686228142928 4.674688722317024e-44
0.0006812920690579615 4.734882786792701e-44
0.0006971774689519261 4.798430305968427e-44
0.0007134332620168255 4.865539639466621e-44
0.0007300680845540431 4.936433876673091e-44
0.0007470907742339592 5.011352009040509e-44
0.0007645103747911887 5.090550203764113e-44
0.0007823361408292924 5.174303187967053e-44
0.00080057754273752 5.262905753363032e-44
0.0008192442717221943 5.356674392269327e-44
0.0008383462449554094 5.455949076830958e-44
0.0008578936108437789 5.561095194395051e-44
0.0008778967544200344 5.672505653152023e-44
0.000898366302860337 5.790603173447506e-44
0.0009193131311302326 5.915842781577686e-44
0.0009407483677622533 6.048714524423691e-44
0.000962683400768232 6.189746424973535e-44
0.000985129883689471 6.339507700639422e-44
0.0010080997417879817 6.4986122683242e-44
0.0010316051783820807 6.667722562445387e-44
0.0010556586813297128 6.847553694614054e-44
0.0010802730296629402 7.038877986418077e-44
0.001105461300377127 7.242529909807008e-44
0.0011312368753784248 7.459411472955639e-44
0.0011576134485932472 7.690498093235869e-44
0.0011846050332435167 7.93684500309568e-44
0.0012122259692915415 8.199594239278121e-44
0.0012404909310584848 8.479982270964004e-44
0.0012694149350204683 8.779348328142626e-44
0.0012990133477864558 9.099143497862093e-44
0.0013293018942621524 9.440940663039673e-44
0.001360296666004259 9.806445366278897e-44
0.001392014129769518 1.0197507689695726e-43
0.0014244711362630968 1.0616135251148515e-43
0.0014576849290909482 1.106450742753798e-43
0.0014916731539209149 1.1544990927028373e-43
0.0015264538678574353 1.2060156844165669e-43
0.0015620455490348386 1.2612799344954085e-43
0.0015984671064343198 1.3205956143011518e-43
0.0016357378899298156 1.3842930942972162e-43
0.0016738777005681136 1.4527318043356096e-43
0.0017129068010886602 1.526302930821032e-43
0.0017528459266886532 1.6054323734991118e-43
0.00179371629603914 1.6905839865483503e-43
0.0018355396225579732 1.7822631307160644e-43
0.0018783381259456144 1.881020565444806e-43
0.0019221345439899109 1.9874567123109697e-43
0.001966952144646121 2.1022263236719847e-43
0.0020128147383986056 2.226043593230314e-43
0.002059746690910748 2.359687748316123e-43
0.0021077729359698315 2.5040091671175802e-43
0.0021569189887337423 2.6599360679052414e-43
0.002207210959286545 2.8284818215668525e-43
0.0022586755665101248 3.010752943556061e-43
0.0023113401522792685 3.207957826730201e-43
0.0023652326959877285 3.4214162825765376e-43
0.0024203818294129824 3.652569965071846e-43
0.0024768168519275916 3.902993758955616e-43
0.002534567746065232 4.174408222591896e-43
0.0025936651934496745 4.468693184919265e-43
0.0026541405910951734 4.787902606314631e-43
0.0027160260680869266 5.134280824599517e-43
0.0027793545026504624 5.510280319974983e-43
0.002844159539619031 5.918581146465582e-43
0.0029104756083082714 6.362112192569367e-43
0.0029783379408076585 6.8440744503418954e-43
0.0030477825906984404 7.367966490184088e-43
0.0031188464522080173 7.937612358263489e-43
0.0031915672798109355 8.557192134892528e-43
0.0032659837082868936 9.231275415449309e-43
0.003342135273246469 9.964858000711853e-43
0.0034200624321353945 1.0763402110964617e-42
0.0034998065857286074 1.1632880468147029e-42
0.0035814101001254554 1.2579824622898489e-42
0.003664916329257761 1.361137793891654e-42
0.0037503696379226933 1.4735353685929805e-42
0.0038378154253526898 1.5960298735190804e-42
0.003927300149334948 1.729556339815582e-42
0.004018871350893299 1.875137800041983e-42
0.00411257767954558 2.0338936839530507e-42
0.004208468919149921 2.207049023755618e-42
0.004306596014353682 2.3959445467792257e-42
0.004407011097659079 2.6020477410335884e-42
0.004509767517119906 2.826964987403468e-42
0.004614919864684026 3.0724548613138144e-42
0.004722524005196735 3.340442716650343e-42
0.004832637106080367 3.6330366756134346e-42
0.004945317667705937 3.952545160095414e-42
0.005060625554472947 4.301496113192105e-42
0.005178622026613854 4.6826580736932106e-42
0.005299369772740128 5.0990632819625764e-42
0.005422932943147155 5.554033012658346e-42
0.0055493771838957115 6.051205348413867e-42
0.00567876967168809 6.594565629082657e-42
0.005811179149557424 7.188479833644149e-42
0.0059466759633891655 7.837731176588448e-42
0.006085332099294114 8.54756022778073e-42
0.006227221221852859 9.323708894696998e-42
0.006372418713251954 1.0172468638783406e-41
0.006521001713332612 1.1100733333796481e-41
0.006673049160573193 1.21160572136241e-41
0.006828641834027273 1.3226718400579391e-41
0.006987862396239558 1.4441788552842927e-41
0.00715079543716245 1.577120922197669e-41
0.007317527519096606 1.7225875568662925e-41
0.007488147222679345 1.8817728147496875e-41
0.007662745193945353 2.0559853540306497e-41
0.007841414192484688 2.2466594692666176e-41
0.008024249140723652 2.4553671890663483e-41
0.008211347174354735 2.683831540528503e-41
0.008402807693942412 2.933941093079821e-41
0.008598732417732204 3.2077659052082365e-41
0.008799225435691074 3.5075750094950425e-41
0.009004393264807849 3.8358555844123286e-41
0.009214344905683071 4.195333975679651e-41
0.009429191900438323 4.58899874568887e-41
0.009649048391975805 5.020125946741866e-41
0.009874031184619632 5.492306832748014e-41
0.010104259806171096 6.0094782447572e-41
0.01033985657141083 6.575955928434801e-41
0.010580946647081629 7.196471066510637e-41
0.010827658118386449 7.876210336565746e-41
0.011080122057036918 8.620859834491404e-41
0.011338472590888495 9.43665323681858e-41
0.01160284697519928 1.0330424611153587e-40
0.01187338566555036 1.1309666323472128e-40
0.012150232392466372 1.2382592534357221e-40
0.012433534237775993 1.355820882378356e-40
0.01272344171275288 1.4846388536157438e-40
0.013020108838078586 1.625795649445944e-40
0.013323693225669961 1.780478079499346e-40
0.013634356162414448 1.9499873462952388e-40
0.013952262695857842 2.135750082435382e-40
0.014277581721889965 2.3393304532516726e-40
0.014610486074474885 2.5624434277847356e-40
0.014951152617473332 2.8069693309049608e-40
0.015299762338606094 3.0749698002814092e-40
0.015656500445608335 3.3687052838502282e-40
0.016021556464625875 3.6906542265340915e-40
0.016395124340905766 4.043534109328505e-40
0.016777402541834602 4.4303245196235556e-40
0.017168594162379338 4.854292448902235e-40
0.01756890703298664 5.319020032897949e-40
0.017978553829998065 5.828434970075502e-40
0.01839775218863974 6.386843877008216e-40
0.01882672481864659 6.9989688643751e-40
0.01926569962258253 7.669987644429161e-40
0.019714909816919448 8.405577511233238e-40
0.020174594055939365 9.211963566662798e-40
0.02064499655852557 1.009597160427464e-39
0.021126367237910063 1.1065086099296743e-39
0.021618961834446313 1.2127513794172266e-39
0.02212304205147776 1.3292253434370305e-39
0.022638875694374342 1.4569172218521919e-39
0.0231667368128109 1.5969089662783314e-39
0.02370690584636297 1.750386951158908e-39
0.024259669773497434 1.918652060509194e-39
0.024825322264037063 2.103130736042272e-39
0.025404163835180054 2.3053871113516187e-39
0.025996502011157406 2.5271362938851508e-39
0.026602651486612925 2.7702589426535157e-39
0.027222934293792744 3.036817275792354e-39
0.027857679973633073 3.3290725663294956e-39
0.02850722575083718 3.6495043841817666e-39
0.02917191671303455 4.000831646757377e-39
0.029852105994117403 4.3860358148204056e-39
0.030548154961852016 4.808386122260322e-39
0.031260433409864494 5.27146744101404e-39
0.031989319754103004 5.779210676667316e-39
0.0327352012338808 6.33592642853442e-39
0.03349847411760691 6.946341298293119e-39
0.034279543913313774 7.615638289680504e-39
0.03507882558409363 8.349500825253487e-39
0.03589674376855814 9.154161069364503e-39
0.03673373300643846 1.0036452917803178e-38
0.037590237969445384 1.1003869814979315e-38
0.038466713697512506 1.206462957275627e-38
0.03936362584054766 1.322774267074968e-38
0.04028145090582124 1.4503089876852382e-38
0.04122067651112274 1.5901506027060873e-38
0.04218180164382002 1.7434872158866268e-38
0.043165336925959 1.9116216542354712e-38
0.044171804885544536 2.0959825468329397e-38
0.04520174023414663 2.298136473575636e-38
0.046255690150979495 2.519801287184313e-38
0.047334214573604344 2.762860721785353e-38
0.048437886495410414 3.0293804123196185e-38
0.04956729227003216 3.32162546103254e-38
0.05072303192286451 3.642079464035623e-38
0.051905719469841495 3.993466546032849e-38
0.05311598324364777 4.3787732037730435e-38
0.05435446622753626 4.801274557185828e-38
0.05562182639692926 5.26456199686573e-38
0.056918737068984544 5.772573727470099e-38
0.058245887260312136 6.329628260891605e-38
0.05960398205303182 6.94046114408841e-38
0.06099374296936585 7.61026523396882e-38
0.06241590835496589 8.344734861898103e-38
0.06387123377117784 9.150114263479822e-38
0.06536049239645289 1.003325068554406e-37
0.06688447543711816 1.100165262205895e-37
0.06844399254772507 1.2063553674307924e-37
0.0700398722611988 1.3227982578514867e-37
0.0716729624290174 1.4504839996559082e-37
0.07334413067165428 1.590498272294849e-37
0.07505426483952363 1.7440316024301694e-37
0.07680427348467332 1.9123894896764255e-37
0.07859508634347626 2.0970035102639865e-37
0.08042765483057629 2.2994434930698967e-37
0.08230295254435131 2.521430871584217e-37
0.08422197578416211 2.7648533253820923e-37
0.08618574407966152 3.0317808356402124e-37
0.08819530073244539 3.32448329126424e-37
0.09025171337033296 3.645449795383181e-37
0.09235607451457113 3.997409836429943e-37
0.09450950216026408 4.383356503887547e-37
0.09671314037033632 4.806571946172227e-37
0.09896815988334524 5.270655287196378e-37
0.10127575873546546 5.779553239067685e-37
0.10363716289697593 6.337593671314195e-37
0.10605362692358762 6.949523276326746e-37
0.10852643462295801 7.620544607874794e-37
0.11105689973674641 8.356365213870394e-37
0.11364636663857243 9.163243008999814e-37
0.11629621104824843 1.0048040276245351e-36
0.1190078407626656 1.1018282035560603e-36
0.12178269640372161 1.2082220049713915e-36
0.12462225218368743 1.324890301173194e-36
0.1275280166884199 1.4528253510956137e-36
0.13050153367883624 1.593115243238386e-36
0.1335443829110759 1.7469531507193265e-36
0.13665818097578622 1.915647480168586e-36
0.13984458215697693 2.1006330007909957e-36
0.14310527931090045 2.3034830482602696e-36
0.14644200476542463 2.5259229072512828e-36
0.14985653124037576 2.769844486442222e-36
0.15335067278934078 3.037322410812152e-36
0.1569262857634292 3.330631668115123e-36
0.1605852697975066 3.652266959631792e-36
0.16432956881942368 4.004963919796156e-36
0.16816117208277714 4.391722385191738e-36
0.172082115223751 4.815831910843504e-36
0.1760944813425998 5.280899750847441e-36
0.1802004021103484 5.7908815413413665e-36
0.18440205890129596 6.350114946806782e-36
0.18870168395192646 6.963356555897895e-36
0.1931015615468407 7.635822340634212e-36
0.1976040292323402 8.37323202310359e-36
0.20221147905830805 9.181857727059796e-36
0.20692635884904578 1.0068577328246114e-35
0.21175117350374192 1.1040932957244214e-35
0.2166884863272632 1.2107195152474982e-35
0.22174092039197504 1.327643320903833e-35
0.22691115993131514 1.455859232178131e-35
0.23220195176586036 1.5964578178775484e-35
0.2376161067626448 1.7506349724758382e-35
0.24315650132850383 1.919702088358742e-35
0.24882607893823822 2.1050972104961085e-35
0.25462785169840935 2.3083972684226925e-35
0.2605649019475973 2.5313314895733103e-35
0.26664038389397104 2.775796108066609e-35
0.27285752529104135 3.0438704940508856e-35
0.2792196291524867 3.337834840808762e-35
0.2857300755069626 3.6601895600678173e-35
0.2923923231938275 4.013676550494465e-35
0.2992099117007387 4.4013025202816457e-35
0.3061864630440946 4.826364562213161e-35
0.31332568369332287 5.292478198747158e-35
0.32063136654003577 5.803608135671295e-35
0.3281073929131 6.364101985921461e-35
0.3357577346406907 6.978727250420178e-35
0.343586456160426 7.652711870495214e-35
0.3515977166787018 8.391788696818952e-35
0.359795772380376 9.202244253123169e-35
0.368184978689974 1.009097220947542e-34
0.3767697925856183 1.106553201996307e-34
0.38555477496691104 1.2134213223559468e-34
0.394544593078027 1.3306105955118404e-34
0.4037440229873054 1.4591178266266267e-34
0.4131579521246571 1.6000360913887082e-34
0.42279138187813525 1.7545640337414569e-34
0.43264943025104924 1.9240160615800789e-34
0.4427373345810337 2.1098335271411528e-34
0.4530604543225162 2.3135969871857354e-34
0.4636242738940635 2.537039991097265e-34
0.47443440559211736 2.7820624815435213e-34
0.48549659257266914 3.0507489273342447e-34
0.4968167119024568 3.3453847697529067e-34
0.5084007776813051 3.6684761760638054e-34
0.5202549442372687 4.022771357055852e-34
0.5323855093962742 4.411283943418894e-34
0.5447989178279997 4.837318619793134e-34
0.557501764469769 5.304499234536146e-34
0.5705007980302781 5.816799624310404e-34
0.5838029245750183 6.3785774156868265e-34
0.5974152111952977 6.994611091282279e-34
0.6113448897628128 7.670140635717493e-34
0.6255993607717623 8.410912107131757e-34
0.6401861972705483 9.223226513381964e-34
0.6551131488851486 1.0113993408669131e-33
0.6703881459363026 1.1090789666488118e-33
0.686019303652694 1.2161923928825942e-33
0.7020149264823721 1.333650727981669e-33
0.7183835125046995 1.4624530745006851e-33
0.7351337579451718 1.6036950275443117e-33
0.7522745617955077 1.758577993946202e-33
0.7698150305414633 1.928419411487485e-33
0.7877644830008832 2.1146639550800055e-33
0.8061324552745581 2.3188958252346132e-33
0.8249287058125218 2.5428522233408732e-33
0.8441632205984669 2.7884381283794564e-33
0.8638462184550629 3.0577425007589592e-33
0.8839881564729563 3.353056051107403e-33
0.9045997355663667 3.67689072516091e-33
0.9256919061582187 4.032001070488884e-33
0.9472758739978306 4.421407666802172e-33
0.9693631061142522 4.848422819143477e-33
0.9919653369084147 5.316678732507738e-33
1.0150945743873274 5.830158407547049e-33
1.0387631065436362 6.39322952016062e-33
1.0629835078839296 7.010681573151217e-33
1.0877686461092637 7.687766635962026e-33
1.1131316889514546 8.430244019027992e-33
1.1390861111687691 9.244429262744201e-33
1.16564570170473 1.0137247857753565e-32
1.1928245710138414 1.1116294153501641e-32
1.2206371585581264 1.2189895956137441e-32
1.2490982404784545 1.3367185365233404e-32
1.2782229374447416 1.4658176451865034e-32
1.3080267226891875 1.607385043878418e-32
1.3385254302268237 1.7626249107232557e-32
1.369735263267732 1.9328577224918492e-32
1.4016728028254128 2.119531486641486e-32
1.4343550165258654 2.3242340581380692e-32
1.4677992676220706 2.548706645828197e-32
1.5020233242186567 2.7948586232470107e-32
1.5370453687116559 3.064783769843335e-32
1.5728840074483612 3.360778080770728e-32
1.6095582806124205 3.68535929673551e-32
1.6470876723394143 4.0412883200235903e-32
1.6854921210682972 4.43159269887189e-32
1.7247920301341966 4.859592379943645e-32
1.7650082786082029 5.328927947959528e-32
1.8061622323899016 5.843591592692074e-32
1.848275755558551 6.40796106673062e-32
1.8913712219889245 7.026836922862762e-32
1.935471527238 7.705483347815918e-32
1.9806001007088037 8.449672939692325e-32
2.0267809180978715 9.265735809977163e-32
2.0740385141329463 1.016061342778342e-31
2.1223979956076717 1.114191766433589e-31
2.171885054720213 1.2217995539929303e-31
2.222525982722885 1.339800022410181e-31
2.274347683890048 1.469196889295466e-31
2.327377689811681 1.61109081058765e-31
2.3816441740202396 1.7666887427891197e-31
2.437175966958554 1.9373142093985241e-31
2.4940025712967335 2.1244185588683304e-31
2.552154177606206 2.3295933098478834e-31
2.611661680399223 2.554583688721342e-31
2.6725566945423505 2.8013034745913226e-31
2.7348715720526675 3.0718512779806185e-31
2.7986394192855935 3.36852839171927e-31
2.863894114523477 3.6938583658577786e-31
2.9306703259742912 4.050608473111424e-31
2.999003530189995 4.441813247421904e-31
3.068930030914351 4.870800295856828e-31
3.1404869783702067 5.3412186034038e-31
3.21371238899649 5.857069571421661e-31
3.2886451656454048 6.422741053763227e-31
3.3653251182505572 7.043044680082677e-31
3.443792984976987 7.723256783801359e-31
3.5240904538643507 8.469163282867723e-31
3.6062601849747473 9.28710889506891e-31
3.6903458330569543 1.0184051106522508e-30
3.77639207073912 1.1167619352406783e-30
3.8644446122622242 1.2246179913323717e-30
3.9545502377669295 1.3428907079307372e-30
4.046756818146711 1.4725861186800851e-30
4.141113340480481 1.6148074192389654e-30
4.237669934058216 1.7707643511185695e-30
4.336477897013409 1.9417834918055126e-30
4.437589723576497 2.1293195386974676e-30
4.541059131963759 2.3349676828332366e-30
4.646941092916466 2.5604771776689286e-30
4.755291858905486 2.8077662183169056e-30
4.866168994016832 3.0789382578110826e-30
4.979631404534034 3.376299899185529e-30
5.0957393702336 3.702380515557388e-30
5.214554576410165 4.059953765103478e-30
5.336140146648369 4.4520611839379905e-30
5.4605606763588606 4.8820380575738146e-30
5.587882267096237 5.353541791030888e-30
5.718172561677172 5.870583018909891e-30
5.851500780117376 6.437559720054556e-30
5.987937756406471 7.059294626983871e-30
6.127555976140354 7.741076248300973e-30
6.270429615030991 8.488703853016742e-30
6.416634578314149 9.308536799428082e-30
6.566248541075969 1.0207548628143765e-29
6.719350989519823 1.119338637937651e-29
6.87602326319537 1.227443563905744e-29
7.036348598212252 1.3459891867057554e-29
7.200412171461376 1.4759838614238764e-29
7.368301145867304 1.6185333293651922e-29
7.540104716695753 1.774850123545643e-29
7.715914158940838 1.9462638825597982e-29
7.8958228758172275 2.1342326605544987e-29
8.07992644838296 2.3403553295119927e-29
8.2683226863193 2.5663851793365267e-29
8.461111679894604 2.8142448314277015e-29
8.658395853139817 3.0860425925965334e-29
8.860280018263818 3.384090388430548e-29
9.066871431337571 3.710923428650943e-29
9.278279849276613 4.069321771735989e-29
9.494617588152204 4.462333972240377e-29
9.715999582862075 4.8933030119557913e-29
9.942543448192506 5.365894735485057e-29
10.17436954130415 5.88412903210319e-29
10.411601025674827 6.45241402914116e-29
10.654363936533231 7.075583587741912e-29
10.902787247818345 7.758938419930162e-29
11.157002940700098 8.508291176739748e-29
11.417146073697703 9.330015890919965e-29
11.683354854432924 1.0231102194784235e-28
11.955770713056356 1.1219214774378674e-28
12.234538377385784 1.2302758565694398e-28
12.519805949796487 1.349095024748117e-28
12.811724985904382 1.4793896638788475e-28
13.110450575083778 1.622268066808451e-28
13.416141422862523 1.77894556452119e-28
13.72895993523834 1.9507548638061767e-28
14.04907230496112 2.1391573833294624e-28
14.37664859982702 2.3457556845358454e-28
14.711862853031292 2.5723071031184957e-28
15.054893155627816 2.8207386970059233e-28
15.405921751144481 3.0931636380154257e-28
15.765135132404664 3.3918991866003903e-28
16.132724140606275 3.719486402586118e-28
16.50888406671095 4.078711759554694e-28
16.89381475519735 4.472630846731358e-28
17.287720710233557 4.904594359982949e-28
17.690811204325115 5.37827660300793e-28
18.103300389496336 5.8977067411513e-28
18.52540741106398 6.467303073691491e-28
18.957356524063755 7.091910616118794e-28
19.399377212391464 7.776842312085727e-28
19.85170431072216 8.527924225576642e-28
20.314578129271972 9.351545097706201e-28
20.788244581469023 1.0254710689676917e-27
21.272955314601134 1.124510337414278e-27
21.76896784350983 1.2331147481863256e-27
22.27654568740161 1.3522080959491861e-27
22.79595850984919 1.4828033948021432e-27
23.327482262057103 1.6260114950281593e-27
23.871399329467756 1.7830505320432372e-27
24.427998681785848 1.9552562879183707e-27
24.997576026500827 2.144093553610243e-27
25.580433965988984 2.3511685885478005e-27
26.176882158278623 2.5782427835572993e-27
26.787237481563718 2.827247643342443e-27
27.411824202553472 3.1003012159622597e-27
28.050974148747212 3.399726109056049e-27
28.705026884726152 3.7280692460627744e-27
29.374329892555654 4.088123530481826e-27
30.05923875639388 4.482951602453101e-27
30.760117351404876 4.915911889730596e-27
31.477338037076432 5.390687174640227e-27
32.21128185504559 5.911315920015244e-27
32.962338731536356 6.482226620565929e-27
33.730907684518286 7.108275471883999e-27
34.51739703569462 7.794787677488935e-27
35.322224627433556 8.547602745282137e-27
36.14581804475762 9.37312415869944e-27
36.98861484250899 1.027837384506744e-26
37.851062777811606 1.1271051904478806e-26
38.733620047953465 1.2359602107234114e-26
39.63675553381552 1.355328371698523e-26
40.5609490489765 1.4862250250505647e-26
41.506691594626034 1.629763584402175e-26
42.47448562042145 1.787164996074681e-26
43.46484529142686 1.9597681245195754e-26
44.4782967612764 2.149041140768298e-26
45.515378451706574 2.3565940107697913e-26
46.576641338606535 2.584192189843548e-26
47.66264924473788 2.8337716397322575e-26
48.773979139279795 3.107455295991777e-26
49.911221444358546 3.407571125789325e-26
51.07498034872413 3.736671929711095e-26
52.265874128740876 4.0975570560146887e-26
53.48453547686238 4.4932962120284546e-26
54.731611837765406 4.927255575238829e-26
56.00776575232122 5.403126426167858e-26
57.31367520958723 5.924956546594897e-26
58.650034007005786 6.497184650193768e-26
60.017552119001664 7.124678138460276e-26
61.416956074173925 7.812774503075513e-26
62.84898934128261 8.567326726885351e-26
64.31441272423535 9.394753069670249e-26
65.81400476628369 1.0302091662191126e-25
67.34856216364385 1.129706037288978e-25
68.91890018876182 1.2388122456473205e-25
70.52585312344742 1.358455854278819e-25
72.17027470210763 1.4896545578334957e-25
73.8530385653146 1.6335243391893495e-25
75.57503872394936 1.791288962059953e-25
77.33719003416762 1.964290380391066e-25
79.14042868344033 2.1540001530888325e-25
80.98571268792693 2.3620319611765027e-25
82.87402240144569 2.590155333846269e-25
84.80636103631147 2.8403107001658386e-25
86.78375519631766 3.1146258944666595e-25
88.80725542214539 3.415434255812421e-25
90.8779367494899 3.745294475499287e-25
92.99689928020044 4.1070123614158052e-25
95.16526876673713 4.503664704387275e-25
97.38419721025556 4.938625449516552e-25
99.6548634726365 5.415594395134556e-25
101.97847390278609 5.938628663470169e-25
104.35626297753925 6.512177210744335e-25
106.78949395750668 7.141118670214615e-25
109.27945955821409 7.830802850082828e-25
111.82748263689002 8.587096239232504e-25
114.43491689526716 9.41643190788882e-25
117.10314759877073 1.0325864227640026e-24
119.8335923124757 1.1323128876280453e-24
122.62770165422418 1.2416708637881814e-24
125.4869600653028 1.3615905557795344e-24
128.41288659908975 1.4930920066315415e-24
131.40703572809028 1.6372937744062199e-24
134.4709981697896 1.7954224467113634e-24
137.6064017317617 1.9688230741157624e-24
140.8149121764835 2.1589706112184092e-24
144.09823410631301 2.3674824626902833e-24
147.45811186910282 2.5961322409961947e-24
150.89633048492877 2.8468648528384774e-24
154.41471659442715 3.1218130426285142e-24
158.01513942924367 3.4233155337224e-24
161.6995118051102 3.753936921720513e-24
165.46979113807643 4.1164894890476855e-24
169.32798048443664 4.5140571263728464e-24
173.27612960490418 4.950021564339344e-24
177.3163360535986 5.428091138741735e-24
181.45074629242436 5.952332333813745e-24
185.68155683143308 6.527204371958564e-24
190.01101539577502 7.157597144112876e-24
194.44142211985996 7.848872803420475e-24
198.9751307693619 8.606911375973289e-24
203.61454999171644 9.438160776612896e-24
208.36214459577587 1.0349691655230948e-23
213.2204368613011 1.1349257540072975e-23
218.19200787898666 1.2445360789645072e-23
223.27949892173046 1.3647324914212306e-23
228.48561284787684 1.496537388206063e-23
233.81311553717836 1.6410719085074184e-23
239.2648373602396 1.7995654703428442e-23
244.8436746822229 1.973366228050407e-23
250.55259140161598 2.1639525397589218e-23
256.3946205248776 2.3729455423773093e-23
262.37286577779935 2.6021229410679274e-23
268.49050325443824 2.853434130498179e-23
274.7507831044972 3.12901677649119e-23
281.15703126004934 3.4312149991189356e-23
287.7126512025234 3.762599311910242e-23
294.4211257708895 4.1259884867680475e-23
301.2860190120053 4.524473530586692e-23
308.3109780741064 4.961443977516721e-23
315.4997351444457 5.440616720517304e-23
322.8561094321127 5.966067627429901e-23
330.38400919708465 6.542266210528973e-23
338.08743382658884 7.174113644412724e-23
345.970475959878 7.866984455646757e-23
354.0373236625486 8.626772238772916e-23
362.2922626515567 9.459939787502055e-23
370.7396785721134 1.0373574067599336e-22
379.3840593276699 1.1375446498943396e-22
388.22999746422977 1.247407905964415e-22
397.28219261025527 1.3678816774420186e-22
406.54545397346374 1.499990720385752e-22
416.02470289584096 1.6448587610665213e-22
425.7249754682287 1.80371805444358e-22
435.6514252058753 1.9779198657863767e-22
445.8093257863709 2.168945964605423e-22
456.2040738514225 2.378421228662799e-22
466.841191873956 2.6081274652595956e-22
477.72633109207 2.860018567387217e-22
488.86527451139875 3.1362371336364155e-22
500.26393997748045 3.4391326932466687e-22
511.92838331976236 3.7712816913335237e-22
523.8648015689132 4.1355094042488794e-22
536.079536249153 4.53491397153964e-22
548.5790767473477 4.972892748866525e-22
561.3700637606607 5.45317120609717e-22
574.4592928245908 5.97983461634152e-22
587.8537179232724 6.5573628054822e-22
601.560455183956 7.190668257817497e-22
615.5867866576306 7.885137901892694e-22
629.940164187797 8.646678931998725e-22
644.6282133694491 9.481769055068646e-22
659.6587376003637 1.03975115903648e-21
675.039722226853 1.1401695890708874e-21
690.7793387861822 1.2502863599072518e-21
706.885949347905 1.3710381304287301e-21
723.368110956425 1.5034520213660027e-21
740.2345801771418 1.6486543520442712e-21
757.4943177485981 1.8078802209080855e-21
775.1564933430986 1.9824840113410385e-21
793.2304904383309 2.1739509121061932e-21
811.7259113025749 2.383909550445815e-21
830.6525820961508 2.6141458452732715e-21
850.0205580918159 2.866618198280213e-21
869.8401290168822 3.143474152203649e-21
890.1218245198946 3.447068657940116e-21
910.8764197647733 3.779984105877257e-21
932.1149411553916 4.145052291825388e-21
953.848672193633 4.545378504434916e-21
976.0891594740359 4.9843679389357546e-21
998.8482188182152 5.4657546618958536e-21
1022.1379415523157 5.993633373385067e-21
1045.9707009308356 6.572494236704347e-21
1070.3591587102305 7.207261071938566e-21
1095.3162718757928 7.903333238255153e-21
1120.8552995253765 8.666631561054231e-21
1146.98980991363 9.50364869489854e-21
1173.7336876604738 1.0421504350307816e-20
1201.1011411276565 1.142800585439924e-20
1229.1067099673062 1.2531714560420926e-20
1257.7652728464884 1.3742018671038712e-20
1287.0920553518754 1.5069213094888826e-20
1317.1026380787234 1.6524587015546257e-20
1347.812964908458 1.8120519917990536e-20
1379.239351479266 1.9870586889082162e-20
1411.3984938541882 2.1789674087893795e-20
1444.3074773913293 2.389410536826648e-20
1477.9837858208825 2.6201781130192418e-20
1512.445310533807 2.8732330581701275e-20
1547.71036008708 3.150727870575292e-20
1583.797669930582 3.455022935290794e-20
1620.7264123607779 3.7887066016995304e-20
1658.5162067064848 4.15461720011049e-20
1697.1871297521373 4.555867184791245e-20
1736.7597264040865 4.995869608599033e-20
1777.255020605602 5.478367154663411e-20
1818.6945265063737 6.007463971765951e-20
1861.1002598924472 6.587660584470974e-20
1904.4947498826687 7.223892174830574e-20
1948.9010508978479 7.921570561278656e-20
1994.3427549090043 8.686630231802083e-20
2040.8440039711966 9.525578823117217e-20
2088.4295030496014 1.0445552474758104e-19
2137.124533144652 1.1454376529681127e-19
2186.9549647232075 1.2560632096825557e-19
2237.947271462894 1.3773729042619645e-19
2290.1285443169163 1.510398603166952e-19
2343.5265059068115 1.6562718297918433e-19
2398.169525250793 1.8162333892602635e-19
2454.086632835509 1.991643922773575e-19
2511.3075360392254 2.1839954812877874e-19
2569.8626349146184 2.394924217001474e-19
2629.783038339575 2.626224300527437e-19
2691.100580544569 2.879863182177204e-19
2753.8478380254037 3.1579983272654377e-19
2818.0581468502987 3.4629955675297017e-19
2883.7656203705187 3.797449225114123e-19
2951.0051673439552 4.164204179898288e-19
3019.812510481288 4.566380068283204e-19
3090.2242054245785 5.00739781893716e-19
3162.2776601683795 5.491008751374017e-19
