# %ECSV 1.0
# ---
# datatype:
# - {name: mx, unit: MeV, datatype: float64}
# - {name: sigma_9, unit: cm2, datatype: float64}
# schema: astropy-2.0
mx sigma_9
3.162277660168379e-07 1.1085138201559245e-29
3.2360111549336787e-07 1.2092227571058158e-29
3.311463862505236e-07 1.3187745613132026e-29
3.388675869043115e-07 1.4379032799977247e-29
3.4676881953794695e-07 1.567398110477824e-29
3.548542818811901e-07 1.7081067632513535e-29
3.6312826954049566e-07 1.8609389237264895e-29
3.715951782811629e-07 2.0268697994034025e-29
3.8025950636269697e-07 2.2069437366857519e-29
3.89125856928623e-07 2.4022778873958075e-29
3.9819894045202297e-07 2.6140659026723667e-29
4.0748357723809307e-07 2.8435816272486886e-29
4.169846999850535e-07 3.092182763210017e-29
4.2670735640476865e-07 3.361314467890434e-29
4.3665671190447213e-07 3.652512846518286e-29
4.4683805233101997e-07 3.9674082933096163e-29
4.572567867791303e-07 4.307728632869056e-29
4.6791845046510194e-07 4.675302005811469e-29
4.788287076675383e-07 5.072059437539609e-29
4.899933547366384e-07 5.500037026758293e-29
5.014183231736547e-07 5.96137767961374e-29
5.131096827821533e-07 6.4583323178131e-29
5.250736448927506e-07 6.993260477638516e-29
5.373165656630395e-07 7.56863021713709e-29
5.4984494945446e-07 8.187017244745356e-29
5.626654522879044e-07 8.851103177690555e-29
5.757848853798981e-07 9.563672842362328e-29
5.892102187612295e-07 1.0327610522019652e-28
6.029485849799565e-07 1.1145895064349283e-28
6.17007282890752e-07 1.2021593762554908e-28
6.313937815326057e-07 1.2957854924613865e-28
6.461157240969403e-07 1.3957899059936504e-28
6.611809319882495e-07 1.5025008615036842e-28
6.765974089794179e-07 1.6162516204955116e-28
6.923733454639272e-07 1.7373791295004539e-28
7.085171228072106e-07 1.8662225318836737e-28
7.250373177994646e-07 2.00312152150878e-28
7.419427072122865e-07 2.1484145408372515e-28
7.592422724615558e-07 2.3024368266721507e-28
7.769452043790388e-07 2.4655183108372596e-28
7.950609080952509e-07 2.6379813839210364e-28
8.135990080361694e-07 2.8201385359539934e-28
8.325693530364543e-07 3.0122898868260393e-28
8.519820215718901e-07 3.214720627343886e-28
8.718473271138315e-07 3.427698389364325e-28
8.921758236084957e-07 3.6514705711581766e-28
9.12978311084014e-07 3.886261644310134e-28
9.342658413882192e-07 4.132270469297908e-28
9.560497240602198e-07 4.389667656075343e-28
9.78341532338879e-07 4.658592995800605e-28
1.0011531093113902e-06 4.939153005402853e-28
1.0244965742052174e-06 5.231418614828288e-28
1.048384328826741e-06 5.53542303375052e-28
1.0728290641500308e-06 5.851159833892329e-28
1.0978437670592484e-06 6.17858127686005e-28
1.1234417272482566e-06 6.517596921531464e-28
1.149636544281106e-06 6.868072539368455e-28
1.1764421348171486e-06 7.229829362230795e-28
1.2038727400046132e-06 7.602643680380954e-28
1.2319429330465773e-06 7.9862468161881535e-28
1.2606676269433496e-06 8.380325474290385e-28
1.2900620824153782e-06 8.784522485171289e-28
1.3201419160108953e-06 9.19843793010708e-28
1.3509231084026028e-06 9.621630653620083e-28
1.38242201287781e-06 1.0053620147622114e-27
1.4146553640265304e-06 1.049388878453282e-27
1.447640286632156e-06 1.094188439148644e-27
1.4813943047694329e-06 1.1397023113403662e-27
1.5159353511145682e-06 1.1858692567755164e-27
1.5512817764724183e-06 1.2326255217964106e-27
1.587452359525819e-06 1.2799051952128017e-27
1.6244663168122348e-06 1.3276405814446244e-27
1.6623433129330315e-06 1.3757625844816241e-27
1.7011034710007933e-06 1.4242010995415561e-27
1.740767383330235e-06 1.4728854054668503e-27
1.7813561223783898e-06 1.5217445561441188e-27
1.8228912519398869e-06 1.5707077654636555e-27
1.8653948386032614e-06 1.6197047812256723e-27
1.908889463474389e-06 1.6686662467444313e-27
1.9533982341732686e-06 1.717524043123217e-27
1.9989447971105317e-06 1.766211613202465e-27
2.045553350050195e-06 1.8146642604069777e-27
2.0932486549653353e-06 1.862819425659774e-27
2.1420560511935146e-06 1.9106169341597116e-27
2.192001468898943e-06 1.957999218094527e-27
2.2431114428485372e-06 2.004911507093565e-27
2.2954131265091837e-06 2.0513019921651967e-27
2.3489343064737076e-06 2.097121959305364e-27
2.403703417223201e-06 2.1423258957784444e-27
2.4597495562335635e-06 2.1868715665783564e-27
2.5171024994342686e-06 2.2307200660829964e-27
2.575792717027583e-06 2.2738358428020234e-27
2.635851389676631e-06 2.3161867005559563e-27
2.6973104250709106e-06 2.357743776700068e-27
2.760202474878063e-06 2.3984815006213683e-27
2.8245609520908932e-06 2.4383775331740688e-27
2.8904200487788716e-06 2.4774126880028503e-27
2.9578147542535346e-06 2.5155708402888403e-27
3.026780873657441e-06 2.552838821031323e-27
3.097355046986562e-06 2.5892063001114693e-27
3.1695747685562034e-06 2.6246656619953794e-27
3.2434784069208122e-06 2.659211873230005e-27
3.319105225258239e-06 2.692842342644458e-27
3.3964954022292982e-06 2.7255567807214287e-27
3.4756900533236943e-06 2.7573570540363114e-27
3.5567312527036693e-06 2.7882470395580087e-27
3.6396620555569646e-06 2.818232477803257e-27
3.7245265209709786e-06 2.847320830672524e-27
3.811369735340273e-06 2.8755211359976936e-27
3.900237836319859e-06 2.902843869185056e-27
3.991178037336996e-06 2.9293008069153735e-27
4.0842386526745176e-06 2.9549048967872032e-27
4.179469123139017e-06 2.9796701287775558e-27
4.2769200423275275e-06 3.0036114155723247e-27
4.376643183506652e-06 3.0267444748556548e-27
4.478691527118417e-06 3.0490857214772296e-27
4.583119288927478e-06 3.0706521622902098e-27
4.689981948824612e-06 3.0914612970392395e-27
4.799336280301815e-06 3.1115310303008107e-27
4.911240380614659e-06 3.130879580994878e-27
5.0257537016479225e-06 3.1495254059752023e-27
5.142937081500915e-06 3.167487126336094e-27
5.262852776809252e-06 3.184783456475779e-27
5.385564495820272e-06 3.2014331439188825e-27
5.511137432239651e-06 3.2174549132461743e-27
5.639638299867211e-06 3.232867409922446e-27
5.771135368040315e-06 3.2476891593010716e-27
5.905698497903673e-06 3.2619385167510966e-27
6.043399179524854e-06 3.275633639897213e-27
6.184310569875183e-06 3.288792443055473e-27
6.32850753169624e-06 3.301432578370403e-27
6.47606667327258e-06 3.3135714003427655e-27
6.627066389131828e-06 3.325225952302298e-27
6.781586901693754e-06 3.3364129396105884e-27
6.939710303890459e-06 3.347148715888625e-27
7.101520602780329e-06 3.357449272880828e-27
7.267103764178904e-06 3.367330223217263e-27
7.436547758330399e-06 3.376806793845024e-27
7.609942606644117e-06 3.3858938234758915e-27
7.787380429520604e-06 3.394605751756182e-27
7.968955495292936e-06 3.4029566164340855e-27
8.15476427030917e-06 3.410960062604348e-27
8.344905470182516e-06 3.418629325374383e-27
8.539480112236516e-06 3.425977246879314e-27
8.738591569173047e-06 3.4330162694199264e-27
8.942345623991688e-06 3.439758442844583e-27
9.150850526189614e-06 3.446215428669302e-27
9.364217049271877e-06 3.452398503999687e-27
9.58255854960264e-06 3.4583185689476625e-27
9.805991026628606e-06 3.463986149319446e-27
1.0034633184506672e-05 3.469411415048615e-27
1.0268606495168497e-05 3.4746041693476854e-27
1.0508035262855554e-05 3.479573872320189e-27
1.07530466901589e-05 3.4843296433643346e-27
1.1003770945598772e-05 3.4888802654658776e-27
1.1260341232779899e-05 3.493234202799075e-27
1.1522893861159297e-05 3.497399601209903e-27
1.1791568318464117e-05 3.501384300946784e-27
1.206650734479802e-05 3.5051958432295045e-27
1.2347857008475478e-05 3.5088414842918875e-27
1.263576678362426e-05 3.51232819387143e-27
1.293038962959737e-05 3.515662677226625e-27
1.3231882072236462e-05 3.5188513701144404e-27
1.3540404287030327e-05 3.5219004606286914e-27
1.3856120184212054e-05 3.524815884885968e-27
1.4179197495840522e-05 3.52760334650207e-27
1.4509807864912299e-05 3.530268315669445e-27
1.484812693655133e-05 3.532816042894801e-27
1.5194334451324849e-05 3.5352515680341204e-27
1.5548614340735104e-05 3.537579719979669e-27
1.5911154824937624e-05 3.5398051355528074e-27
1.6282148512737936e-05 3.541932250566226e-27
1.6661792503919872e-05 3.543965327986647e-27
1.7050288493959805e-05 3.5459084444609266e-27
1.7447842881182494e-05 3.547765516635727e-27
1.785466687641539e-05 3.549540282928861e-27
1.8270976615199758e-05 3.5512363395574936e-27
1.869699327261814e-05 3.552857121638431e-27
1.91329431807992e-05 3.554405919036573e-27
1.957905794916243e-05 3.555885889891968e-27
2.003557458746648e-05 3.557300042641468e-27
2.0502735631726606e-05 3.558651278909931e-27
2.0980789273068064e-05 3.559942358081914e-27
2.1469989489583918e-05 3.561175927754808e-27
2.1970596181267336e-05 3.5623545200845185e-27
2.2482875308090033e-05 3.563480564123231e-27
2.3007099031300245e-05 3.564556374513618e-27
2.354354585801526e-05 3.565584175087206e-27
2.4092500789185385e-05 3.5665660856117804e-27
2.4654255471007912e-05 3.567504137871669e-27
2.5229108349871537e-05 3.568400273509385e-27
2.5817364830913554e-05 3.569256357878038e-27
2.641933744027406e-05 3.5700741560239596e-27
2.7035345991133382e-05 3.5708553752459696e-27
2.7665717753620915e-05 3.571601639634869e-27
2.8310787628685666e-05 3.572314500160659e-27
2.8970898326020842e-05 3.572995446195987e-27
2.964640054613707e-05 3.573645896086872e-27
3.033765316668089e-05 3.574267210967245e-27
3.104502343309761e-05 3.574860683796907e-27
3.176888715373972e-05 3.575427555577333e-27
3.25096288995246e-05 3.575969017529096e-27
3.326764220824756e-05 3.576486198195518e-27
3.4043329793658724e-05 3.576980186134472e-27
3.483710375941493e-05 3.5774520124478926e-27
3.5649385818020195e-05 3.577902673209943e-27
3.648060751487119e-05 3.578333104725922e-27
3.73312104575266e-05 3.578744222854485e-27
3.820164655032238e-05 3.579136883462603e-27
3.90923782344573e-05 3.579511916806492e-27
4.0003878733676586e-05 3.5798701032064576e-27
4.093663230568398e-05 3.580212207083056e-27
4.1891134499415887e-05 3.5805389493066236e-27
4.2867892418314344e-05 3.5808510063529724e-27
4.386742498973848e-05 3.581149041576925e-27
4.489026324065786e-05 3.58143368899075e-27
4.5936950579773975e-05 3.581705539634628e-27
4.700804308621986e-05 3.581965181693895e-27
4.8104109804991236e-05 3.5822131435138814e-27
4.922573304926602e-05 3.5824499665459474e-27
5.0373508709772956e-05 3.582676127720613e-27
5.154804657137365e-05 3.582892134863394e-27
5.27499706370262e-05 3.5830984259849976e-27
5.397991945930254e-05 3.583295429973221e-27
5.5238546479635675e-05 3.583483581827335e-27
5.6526520375476976e-05 3.583663277930047e-27
5.784452541554797e-05 3.5838348776222744e-27
5.9193261823375433e-05 3.583998765527913e-27
6.057344614930286e-05 3.5841552758619985e-27
6.198581165117595e-05 3.58430474663465e-27
6.34311086839044e-05 3.584447492942098e-27
6.491010509810695e-05 3.5845838176541695e-27
6.642358664805138e-05 3.5847140102894915e-27
6.797235740910648e-05 3.584838340102382e-27
6.955724020492732e-05 3.584957075414531e-27
7.117907704460117e-05 3.585070471218492e-27
7.283872956998614e-05 3.5851787502189024e-27
7.453707951348025e-05 3.585282172361819e-27
7.627502916646401e-05 3.5853809261869805e-27
7.805350185866558e-05 3.585475240815803e-27
7.987344244870308e-05 3.585565313081376e-27
8.173581782606456e-05 3.5856513348852296e-27
8.364161742479263e-05 3.585733473898524e-27
8.559185374914618e-05 3.585811918585399e-27
8.758756291151902e-05 3.585886818757197e-27
8.96298051829007e-05 3.58595836218135e-27
9.17196655561724e-05 3.586026677616037e-27
9.385825432253677e-05 3.586091931488102e-27
9.604670766138824e-05 3.58615423643615e-27
9.828618824393714e-05 3.586213736497973e-27
0.00010057788585090809 3.586270551214116e-27
0.00010292301800464121 3.586324812742977e-27
0.00010532283061593165 3.586376631060753e-27
0.00010777859864595113 3.5864261143470605e-27
0.00011029162678360347 3.5864733807498885e-27
0.00011286325013867351 3.5865185086115926e-27
0.00011549483495113791 3.586561597571965e-27
0.00011818777931701482 3.586602731354044e-27
0.0001209435139311377 3.586642058061739e-27
0.00012376350284724815 3.58667958095821e-27
0.00012664924425581149 3.586715435404702e-27
0.00012960227127996844 3.586749656309935e-27
0.00013262415279004548 3.586782344092339e-27
0.00013571649423705693 3.586813551205274e-27
0.0001388809385056415 3.586843368900807e-27
0.00014211916678688624 3.586871830350035e-27
0.00014543289947150178 3.586899015122562e-27
0.0001488238970638237 3.58692495961305e-27
0.00015229396111712465 3.5869497597699674e-27
0.00015584493519073535 3.586973444167271e-27
0.00015947870582948208 3.5869960357318524e-27
0.00016319720356596128 3.5870176157426915e-27
0.00016700240394618395 3.587038261272765e-27
0.00017089632857913436 3.58705792395898e-27
0.000174881046210801 3.587076723788368e-27
0.00017895867382325032 3.587094696689393e-27
0.0001831313777593269 3.587111825697e-27
0.00018740137487357792 3.587128203880346e-27
0.00019177093371001327 3.5871438374579075e-27
0.000196242375707327 3.587158783820559e-27
0.00020081807643222024 3.58717303133504e-27
0.00020550046684148122 3.587186646763e-27
0.0002102920345734925 3.587199631483182e-27
0.0002151953252698519 3.587212069607851e-27
0.00022021294392780895 3.587223931427639e-27
0.00022534755628423554 3.587235244110465e-27
0.0002306018902318662 3.587246074772486e-27
0.00023597873726856003 3.5872563808574156e-27
0.0002414809539803547 3.587266258863374e-27
0.0002471114635590999 3.5872756670446455e-27
0.00025287325735547713 3.587284655649307e-27
0.00025876939646823026 3.587293226348628e-27
0.00026480301337045197 3.5873014488724164e-27
0.000270977313573789 3.587309268466879e-27
0.00027729557733145163 3.587316768795273e-27
0.00028376116138093086 3.5873238755357256e-27
0.0002903775007273506 3.587330719193754e-27
0.00029714811046840066 3.587337201173994e-27
0.00030407658766182135 3.587343449139453e-27
0.00031116661323643183 3.587349391589082e-27
0.0003184219539477161 3.5873550660787946e-27
0.00032584646437900766 3.587360467185943e-27
0.00033344408898933415 3.587365645858645e-27
0.0003412188642090111 3.587370556671109e-27
0.0003491749205840977 3.5873752933049304e-27
0.0003573164849708539 3.587379800842891e-27
0.0003656478827813646 3.587384133774196e-27
0.0003741735402815245 3.58738822163091e-27
0.0003828979869426037 3.587392169000701e-27
0.000391825857847644 3.5873958780800916e-27
0.000400961896153964 3.587399452369151e-27
0.0004103109556130814 3.587402888246698e-27
0.0004198780031493915 3.587406128634459e-27
0.00042966812149897106 3.5874092393850684e-27
0.000439686511909911 3.5874122347669586e-27
0.0004499384969056106 3.5874150844463856e-27
0.00046042952311250296 3.587417793367286e-27
0.0004711651641537129 3.5874204081139585e-27
0.00048215112361018567 3.587422887609661e-27
0.0004933932380508582 3.5874251563487075e-27
0.0005048974801334842 3.5874274588383726e-27
0.0005166699617777604 3.587429642902341e-27
0.0005287169374124361 3.587431682518956e-27
0.0005410448072981404 3.587433649358064e-27
0.0005536601209276797 3.5874355539618175e-27
0.0005665695805056229 3.587437301688682e-27
0.0005797800445090163 3.58743899757459e-27
0.0005932985313311235 3.5874406526920124e-27
0.000607132223010125 3.5874421903532605e-27
0.0006212884690447563 3.587443703011578e-27
0.0006357747902989163 3.587445092959538e-27
0.0006505988829973161 3.587446427910822e-27
0.0006657686228142928 3.58744777484286e-27
0.0006812920690579615 3.5874490349443025e-27
0.0006971774689519261 3.587450187353759e-27
0.0007134332620168255 3.587451415884898e-27
0.0007300680845540431 3.587452344858091e-27
0.0007470907742339592 3.5874534429583575e-27
0.0007645103747911887 3.587454506080652e-27
0.0007823361408292924 3.587455417167294e-27
0.00080057754273752 3.587456291499394e-27
0.0008192442717221943 3.587457089952949e-27
0.0008383462449554094 3.5874579324828395e-27
0.0008578936108437789 3.587458701313434e-27
0.0008778967544200344 3.587459517760729e-27
0.000898366302860337 3.587460169312025e-27
0.0009193131311302326 3.5874609200122035e-27
0.0009407483677622533 3.587461465431128e-27
0.000962683400768232 3.5874620687186546e-27
0.000985129883689471 3.587462754797886e-27
0.0010080997417879817 3.5874632417070285e-27
0.0010316051783820807 3.5874638599966724e-27
0.0010556586813297128 3.587464335915559e-27
0.0010802730296629402 3.5874647583339474e-27
0.001105461300377127 3.5874652650354214e-27
0.0011312368753784248 3.587465758400595e-27
0.0011576134485932472 3.587466179811736e-27
0.0011846050332435167 3.5874666580362725e-27
0.0012122259692915415 3.587467141674203e-27
0.0012404909310584848 3.587467382076776e-27
0.0012694149350204683 3.5874676294114755e-27
0.0012990133477864558 3.587468147879604e-27
0.0013293018942621524 3.587468309185511e-27
0.001360296666004259 3.587468702756075e-27
0.001392014129769518 3.5874690381151676e-27
0.0014244711362630968 3.5874692192601894e-27
0.0014576849290909482 3.58746963552409e-27
0.0014916731539209149 3.5874698538781924e-27
0.0015264538678574353 3.587470040700014e-27
0.0015620455490348386 3.5874703401703955e-27
0.0015984671064343198 3.587470720068047e-27
0.0016357378899298156 3.587470606243038e-27
0.0016738777005681136 3.587470833888656e-27
0.0017129068010886602 3.587471136626454e-27
0.0017528459266886532 3.587471246239893e-27
0.00179371629603914 3.5874717017817684e-27
0.0018355396225579732 3.587471687173775e-27
0.0018783381259456144 3.587471765740613e-27
0.0019221345439899109 3.5874718303104664e-27
0.001966952144646121 3.587472221178428e-27
0.0020128147383986056 3.587472232879203e-27
0.002059746690910748 3.5874724910359285e-27
0.0021077729359698315 3.5874724300527115e-27
0.0021569189887337423 3.587472896674647e-27
0.002207210959286545 3.587472720907332e-27
0.0022586755665101248 3.587472694971367e-27
0.0023113401522792685 3.587472869023034e-27
0.0023652326959877285 3.58747312589388e-27
0.0024203818294129824 3.587473138901648e-27
0.0024768168519275916 3.587473168688127e-27
0.002534567746065232 3.5874732212583995e-27
0.0025936651934496745 3.587473449473838e-27
0.0026541405910951734 3.58747353869342e-27
0.0027160260680869266 3.587473757250731e-27
0.0027793545026504624 3.58747393759397e-27
0.002844159539619031 3.587473781093165e-27
0.0029104756083082714 3.587473845492837e-27
0.0029783379408076585 3.587474054159224e-27
0.0030477825906984404 3.587474142033585e-27
0.0031188464522080173 3.587474152750625e-27
0.0031915672798109355 3.5874737566916366e-27
0.0032659837082868936 3.587473932716739e-27
0.003342135273246469 3.58747448113554e-27
0.0034200624321353945 3.587473499718493e-27
0.0034998065857286074 3.587473945087107e-27
0.0035814101001254554 3.587474133438999e-27
0.003664916329257761 3.587474830114773e-27
0.0037503696379226933 3.587474725394187e-27
0.0038378154253526898 3.587474332964757e-27
0.003927300149334948 3.587474202795189e-27
0.004018871350893299 3.587474497503825e-27
0.00411257767954558 3.587474666036383e-27
0.004208468919149921 3.587474731643149e-27
0.004306596014353682 3.587474755710719e-27
0.004407011097659079 3.587474911804199e-27
0.004509767517119906 3.587474742705862e-27
0.004614919864684026 3.5874751113115065e-27
0.004722524005196735 3.587474746601678e-27
0.004832637106080367 3.587474867630811e-27
0.004945317667705937 3.587474941275418e-27
0.005060625554472947 3.5874744903245615e-27
0.005178622026613854 3.587474970420897e-27
0.005299369772740128 3.587474373886045e-27
0.005422932943147155 3.587475338992242e-27
0.0055493771838957115 3.587474607501732e-27
0.00567876967168809 3.587475022012622e-27
0.005811179149557424 3.5874749475568876e-27
0.0059466759633891655 3.587474548778294e-27
0.006085332099294114 3.587475085572611e-27
0.006227221221852859 3.587475290138355e-27
0.006372418713251954 3.587474684977356e-27
0.006521001713332612 3.587475489786807e-27
0.006673049160573193 3.587475039162934e-27
0.006828641834027273 3.5874753017971676e-27
0.006987862396239558 3.587475011002635e-27
0.00715079543716245 3.587475189780153e-27
0.007317527519096606 3.5874749677816625e-27
0.007488147222679345 3.5874748033059764e-27
0.007662745193945353 3.58747494573911e-27
0.007841414192484688 3.587475159472952e-27
0.008024249140723652 3.5874750704743205e-27
0.008211347174354735 3.587474686757958e-27
0.008402807693942412 3.587475723493244e-27
0.008598732417732204 3.587474247609602e-27
0.008799225435691074 3.5874751937353724e-27
0.009004393264807849 3.5874749828206175e-27
0.009214344905683071 3.5874757499206365e-27
0.009429191900438323 3.587475250175496e-27
0.009649048391975805 3.587475498516919e-27
0.009874031184619632 3.5874761310472116e-27
0.010104259806171096 3.587473448018965e-27
0.01033985657141083 3.587475720721508e-27
0.010580946647081629 3.587474314650944e-27
0.010827658118386449 3.587475701779612e-27
0.011080122057036918 3.587475344672768e-27
0.011338472590888495 3.58747575277954e-27
0.01160284697519928 3.587475323978802e-27
0.01187338566555036 3.587474733992621e-27
0.012150232392466372 3.5874751670714785e-27
0.012433534237775993 3.587474790468466e-27
0.01272344171275288 3.5874754634451664e-27
0.013020108838078586 3.587475046980054e-27
0.013323693225669961 3.58747586602683e-27
0.013634356162414448 3.5874751704495475e-27
0.013952262695857842 3.587475985698985e-27
0.014277581721889965 3.587473980040817e-27
0.014610486074474885 3.587474268852996e-27
0.014951152617473332 3.58747344039768e-27
0.015299762338606094 3.587475815596691e-27
0.015656500445608335 3.587474762136769e-27
0.016021556464625875 3.5874752386957376e-27
0.016395124340905766 3.587476429154261e-27
0.016777402541834602 3.587474417335903e-27
0.017168594162379338 3.587476444558991e-27
0.01756890703298664 3.587475304474407e-27
0.017978553829998065 3.587474264864465e-27
0.01839775218863974 3.587476891468577e-27
0.01882672481864659 3.587474658278897e-27
0.01926569962258253 3.58747585985008e-27
0.019714909816919448 3.587475072815615e-27
0.020174594055939365 3.587475862397879e-27
0.02064499655852557 3.587473210347975e-27
0.021126367237910063 3.587473644084369e-27
0.021618961834446313 3.587476576139468e-27
0.02212304205147776 3.587477785619519e-27
0.022638875694374342 3.587474967219693e-27
0.0231667368128109 3.587477320604772e-27
0.02370690584636297 3.5874766926648645e-27
0.024259669773497434 3.587474955522039e-27
0.024825322264037063 3.587478284961142e-27
0.025404163835180054 3.58747574386937e-27
0.025996502011157406 3.5874730582015344e-27
0.026602651486612925 3.587477568855419e-27
0.027222934293792744 3.587472619248334e-27
0.027857679973633073 3.587477718103771e-27
0.02850722575083718 3.587474639044912e-27
0.02917191671303455 3.587472830894205e-27
0.029852105994117403 3.587475207934174e-27
0.030548154961852016 3.5874782044491965e-27
0.031260433409864494 3.58747393145262e-27
0.031989319754103004 3.587478043658404e-27
0.0327352012338808 3.587478104468748e-27
0.03349847411760691 3.5874769184132905e-27
0.034279543913313774 3.5874766495974864e-27
0.03507882558409363 3.587473827559735e-27
0.03589674376855814 3.5874755456737434e-27
0.03673373300643846 3.587474120347147e-27
0.037590237969445384 3.5874739673305414e-27
0.038466713697512506 3.587472591286524e-27
0.03936362584054766 3.5874764227107845e-27
0.04028145090582124 3.5874759856598325e-27
0.04122067651112274 3.587477510865352e-27
0.04218180164382002 3.587472574127791e-27
0.043165336925959 3.587482237363521e-27
0.044171804885544536 3.587474628245966e-27
0.04520174023414663 3.587474284213013e-27
0.046255690150979495 3.587478120985299e-27
0.047334214573604344 3.5874789519352965e-27
0.048437886495410414 3.587473180233022e-27
0.04956729227003216 3.587475588653992e-27
0.05072303192286451 3.5874750219210365e-27
0.051905719469841495 3.587474814418304e-27
0.05311598324364777 3.5874717552717894e-27
0.05435446622753626 3.587479118045675e-27
0.05562182639692926 3.587472350616608e-27
0.056918737068984544 3.5874727796591625e-27
0.058245887260312136 3.587473901355998e-27
0.05960398205303182 3.587473618241243e-27
0.06099374296936585 3.587477147396058e-27
0.06241590835496589 3.587479204763156e-27
0.06387123377117784 3.587473576349201e-27
0.06536049239645289 3.587475199259783e-27
0.06688447543711816 3.5874758346507335e-27
0.06844399254772507 3.587483143193394e-27
0.0700398722611988 3.587477370086715e-27
0.0716729624290174 3.587475748437013e-27
0.07334413067165428 3.587468137424303e-27
0.07505426483952363 3.5874696344250165e-27
0.07680427348467332 3.5874719976676534e-27
0.07859508634347626 3.587476412107284e-27
0.08042765483057629 3.587473219920753e-27
0.08230295254435131 3.5874797436794634e-27
0.08422197578416211 3.5874734879111454e-27
0.08618574407966152 3.58746754850859e-27
0.08819530073244539 3.587478542999487e-27
0.09025171337033296 3.587476083902062e-27
0.09235607451457113 3.5874781888183545e-27
0.09450950216026408 3.587468668122256e-27
0.09671314037033632 3.587466612884358e-27
0.09896815988334524 3.5874704834577895e-27
0.10127575873546546 3.587476337805286e-27
0.10363716289697593 3.5874840287290786e-27
0.10605362692358762 3.587487866844419e-27
0.10852643462295801 3.587472114688306e-27
0.11105689973674641 3.5874722036450106e-27
0.11364636663857243 3.587463128190913e-27
0.11629621104824843 3.587478766430022e-27
0.1190078407626656 3.587478051129688e-27
0.12178269640372161 3.587473020712253e-27
0.12462225218368743 3.5874807914247465e-27
0.1275280166884199 3.587482044551948e-27
0.13050153367883624 3.5874680693465744e-27
0.1335443829110759 3.587482260596384e-27
0.13665818097578622 3.587465252487237e-27
0.13984458215697693 3.5874732020035366e-27
0.14310527931090045 3.587457918961573e-27
0.14644200476542463 3.587471172659203e-27
0.14985653124037576 3.587481270441076e-27
0.15335067278934078 3.5874734545603726e-27
0.1569262857634292 3.5874744252699276e-27
0.1605852697975066 3.587479094715707e-27
0.16432956881942368 3.58748956644559e-27
0.16816117208277714 3.587469229600917e-27
0.172082115223751 3.5874735849852805e-27
0.1760944813425998 3.587465308402128e-27
0.1802004021103484 3.587466505493842e-27
0.18440205890129596 3.5874582111129955e-27
0.18870168395192646 3.587461003350538e-27
0.1931015615468407 3.5874808125937726e-27
0.1976040292323402 3.58745327630103e-27
0.20221147905830805 3.587480906228089e-27
0.20692635884904578 3.5874711240519336e-27
0.21175117350374192 3.5874737188444974e-27
0.2166884863272632 3.587466882203877e-27
0.22174092039197504 3.587478169518913e-27
0.22691115993131514 3.587459274836419e-27
0.23220195176586036 3.5874760385337836e-27
0.2376161067626448 3.587476248103021e-27
0.24315650132850383 3.5874716099914094e-27
0.24882607893823822 3.587470214608782e-27
0.25462785169840935 3.5874957389057506e-27
0.2605649019475973 3.58746124455589e-27
0.26664038389397104 3.587463243813309e-27
0.27285752529104135 3.5874747755355996e-27
0.2792196291524867 3.587480098802754e-27
0.2857300755069626 3.5874532268636616e-27
0.2923923231938275 3.5875054633116625e-27
0.2992099117007387 3.587492354937382e-27
0.3061864630440946 3.587485249795541e-27
0.31332568369332287 3.5874815335060636e-27
0.32063136654003577 3.587479583572643e-27
0.3281073929131 3.5874680892769656e-27
0.3357577346406907 3.58748103451637e-27
0.343586456160426 3.5874503136412344e-27
0.3515977166787018 3.587459915295881e-27
0.359795772380376 3.5874537289701796e-27
0.368184978689974 3.5874801001203486e-27
0.3767697925856183 3.587456582195495e-27
0.38555477496691104 3.587452537794526e-27
0.394544593078027 3.5874626064901375e-27
0.4037440229873054 3.587474367949344e-27
0.4131579521246571 3.58746254074837e-27
0.42279138187813525 3.587511423596367e-27
0.43264943025104924 3.587457194247106e-27
0.4427373345810337 3.58746454110447e-27
0.4530604543225162 3.58745139156053e-27
0.4636242738940635 3.587478366202701e-27
0.47443440559211736 3.587480373600391e-27
0.48549659257266914 3.587453152648959e-27
0.4968167119024568 3.587478037151221e-27
0.5084007776813051 3.5875086479649806e-27
0.5202549442372687 3.587456014972155e-27
0.5323855093962742 3.587413745048538e-27
0.5447989178279997 3.587447264755832e-27
0.557501764469769 3.5874605360346435e-27
0.5705007980302781 3.5874654633607144e-27
0.5838029245750183 3.587490785695434e-27
0.5974152111952977 3.58747284817822e-27
0.6113448897628128 3.587507076116755e-27
0.6255993607717623 3.58745591138028e-27
0.6401861972705483 3.587521168257377e-27
0.6551131488851486 3.587502059441248e-27
0.6703881459363026 3.587454884557871e-27
0.686019303652694 3.587492961268992e-27
0.7020149264823721 3.587481113681581e-27
0.7183835125046995 3.5874094969427275e-27
0.7351337579451718 3.5874644930291055e-27
0.7522745617955077 3.5875130216345065e-27
0.7698150305414633 3.58747639796643e-27
0.7877644830008832 3.5874746765293404e-27
0.8061324552745581 3.5874653011123116e-27
0.8249287058125218 3.587481157545825e-27
0.8441632205984669 3.587516232046061e-27
0.8638462184550629 3.5874807643813654e-27
0.8839881564729563 3.587515433869245e-27
0.9045997355663667 3.587566763764319e-27
0.9256919061582187 3.587526445843213e-27
0.9472758739978306 3.5874537234778135e-27
0.9693631061142522 3.587426772051929e-27
0.9919653369084147 3.5874968358652435e-27
1.0150945743873274 3.587310318888822e-27
1.0387631065436362 3.587567793924968e-27
1.0629835078839296 3.5875051258229174e-27
1.0877686461092637 3.587504584290865e-27
1.1131316889514546 3.587543031177193e-27
1.1390861111687691 3.587446945050164e-27
1.16564570170473 3.587472517747751e-27
1.1928245710138414 3.587479744009842e-27
1.2206371585581264 3.587381240751158e-27
1.2490982404784545 3.587502040888296e-27
1.2782229374447416 3.5874012194531055e-27
1.3080267226891875 3.587411365473268e-27
1.3385254302268237 3.587309159687146e-27
1.369735263267732 3.587616018673806e-27
1.4016728028254128 3.5874660718810116e-27
1.4343550165258654 3.587483076019343e-27
1.4677992676220706 3.587555262318157e-27
1.5020233242186567 3.587422720863806e-27
1.5370453687116559 3.587451628421112e-27
1.5728840074483612 3.587458275007997e-27
1.6095582806124205 3.587398762867092e-27
1.6470876723394143 3.587331022460422e-27
1.6854921210682972 3.587467856575481e-27
1.7247920301341966 3.587451957837193e-27
1.7650082786082029 3.5874871312143206e-27
1.8061622323899016 3.5873425225947756e-27
1.848275755558551 3.5875800053073844e-27
1.8913712219889245 3.587535005318136e-27
1.935471527238 3.5875464241784775e-27
1.9806001007088037 3.587197943222608e-27
2.0267809180978715 3.587390450399753e-27
2.0740385141329463 3.587479593064025e-27
2.1223979956076717 3.587413527482405e-27
2.171885054720213 3.587376665638542e-27
2.222525982722885 3.5874524277093725e-27
2.274347683890048 3.587590621984945e-27
2.327377689811681 3.58737521920502e-27
2.3816441740202396 3.587418971540263e-27
2.437175966958554 3.5875915582285846e-27
2.4940025712967335 3.587552513989385e-27
2.552154177606206 3.587763136677191e-27
2.611661680399223 3.5874967472590514e-27
2.6725566945423505 3.587347974423793e-27
2.7348715720526675 3.58733638360729e-27
2.7986394192855935 3.5876249350243e-27
2.863894114523477 3.58738925532939e-27
2.9306703259742912 3.587711530018602e-27
2.999003530189995 3.58758866411424e-27
3.068930030914351 3.587353832463963e-27
3.1404869783702067 3.587562852738817e-27
3.21371238899649 3.5874247972888934e-27
3.2886451656454048 3.58747821373802e-27
3.3653251182505572 3.5875231379723974e-27
3.443792984976987 3.587617372062932e-27
3.5240904538643507 3.587487386190297e-27
3.6062601849747473 3.587471456284732e-27
3.6903458330569543 3.587510184113243e-27
3.77639207073912 3.587224161457586e-27
3.8644446122622242 3.587523915437839e-27
3.9545502377669295 3.587777254063041e-27
4.046756818146711 3.587594048982149e-27
4.141113340480481 3.587427181784222e-27
4.237669934058216 3.587484921460152e-27
4.336477897013409 3.587386903294309e-27
4.437589723576497 3.587238090048154e-27
4.541059131963759 3.587499910400517e-27
4.646941092916466 3.587523792028612e-27
4.755291858905486 3.5876449065086705e-27
4.866168994016832 3.5875551938571824e-27
4.979631404534034 3.5874999033947546e-27
5.0957393702336 3.5875196934518774e-27
5.214554576410165 3.5878128826151324e-27
5.336140146648369 3.587345929814836e-27
5.4605606763588606 3.587439065251848e-27
5.587882267096237 3.58691733484731e-27
5.718172561677172 3.587779985645316e-27
5.851500780117376 3.5875798781394395e-27
5.987937756406471 3.587693826342012e-27
6.127555976140354 3.587716498807659e-27
6.270429615030991 3.58665583694519e-27
6.416634578314149 3.587050285858275e-27
6.566248541075969 3.5871985326798304e-27
6.719350989519823 3.5878161860326676e-27
6.87602326319537 3.587767351863419e-27
7.036348598212252 3.588094335721171e-27
7.200412171461376 3.587490649212463e-27
7.368301145867304 3.5870853667713675e-27
7.540104716695753 3.5878530954352074e-27
7.715914158940838 3.587353749915321e-27
7.8958228758172275 3.5868298495081775e-27
8.07992644838296 3.5874438682768966e-27
8.2683226863193 3.587597152030365e-27
8.461111679894604 3.5880385668670396e-27
8.658395853139817 3.5875548513164275e-27
8.860280018263818 3.58748798197862e-27
9.066871431337571 3.587894086299883e-27
9.278279849276613 3.5876085816683355e-27
9.494617588152204 3.587767954496918e-27
9.715999582862075 3.58774390444331e-27
9.942543448192506 3.587709722957221e-27
10.17436954130415 3.587677227058299e-27
10.411601025674827 3.587506964529858e-27
10.654363936533231 3.587580481622736e-27
10.902787247818345 3.5867263541730965e-27
11.157002940700098 3.58785955093042e-27
11.417146073697703 3.587246282433165e-27
11.683354854432924 3.588086241348464e-27
11.955770713056356 3.587388684537876e-27
12.234538377385784 3.5872981800167175e-27
12.519805949796487 3.5878606828008004e-27
12.811724985904382 3.5879600213494025e-27
13.110450575083778 3.587867347331849e-27
13.416141422862523 3.5872768232390845e-27
13.72895993523834 3.588757455394492e-27
14.04907230496112 3.58683397930712e-27
14.37664859982702 3.587884879523976e-27
14.711862853031292 3.5876035918512085e-27
15.054893155627816 3.589011679080027e-27
15.405921751144481 3.587437814291461e-27
15.765135132404664 3.587616321932829e-27
16.132724140606275 3.587577792423213e-27
16.50888406671095 3.5887674822914745e-27
16.89381475519735 3.587750570635731e-27
17.287720710233557 3.5884654913501265e-27
17.690811204325115 3.587411368948971e-27
18.103300389496336 3.5882818773217854e-27
18.52540741106398 3.5865634396250205e-27
18.957356524063755 3.587480770465714e-27
19.399377212391464 3.585430312039396e-27
19.85170431072216 3.5877406616868534e-27
20.314578129271972 3.586745025736646e-27
20.788244581469023 3.5885110448546214e-27
21.272955314601134 3.5886345754900044e-27
21.76896784350983 3.5875579620694176e-27
22.27654568740161 3.590014710228701e-27
22.79595850984919 3.588566446237496e-27
23.327482262057103 3.590152659927982e-27
23.871399329467756 3.5876068536461726e-27
24.427998681785848 3.587658382206244e-27
24.997576026500827 3.588027045054782e-27
25.580433965988984 3.587992268847441e-27
26.176882158278623 3.588628453810288e-27
26.787237481563718 3.5869422520992e-27
27.411824202553472 3.586886322667288e-27
28.050974148747212 3.586193746476732e-27
28.705026884726152 3.586684519200894e-27
29.374329892555654 3.586210667776506e-27
30.05923875639388 3.589834563908504e-27
30.760117351404876 3.5868386577764586e-27
31.477338037076432 3.587648938678947e-27
32.21128185504559 3.589220517890688e-27
32.962338731536356 3.5858947933487176e-27
33.730907684518286 3.585449845299617e-27
34.51739703569462 3.584877899309906e-27
35.322224627433556 3.589373002723647e-27
36.14581804475762 3.589042958744204e-27
36.98861484250899 3.5883452400450865e-27
37.851062777811606 3.5914527281654246e-27
38.733620047953465 3.5874662186458026e-27
39.63675553381552 3.587851447853809e-27
40.5609490489765 3.5856619634490715e-27
41.506691594626034 3.588718747330053e-27
42.47448562042145 3.588375382935053e-27
43.46484529142686 3.589105578362204e-27
44.4782967612764 3.587265985937005e-27
45.515378451706574 3.5841761694455266e-27
46.576641338606535 3.588504412949228e-27
47.66264924473788 3.587242574835786e-27
48.773979139279795 3.589633672005275e-27
49.911221444358546 3.588413428761493e-27
51.07498034872413 3.585876307432769e-27
52.265874128740876 3.5878628447164746e-27
53.48453547686238 3.588454185927263e-27
54.731611837765406 3.587548569666155e-27
56.00776575232122 3.586321951068031e-27
57.31367520958723 3.5855365961367114e-27
58.650034007005786 3.582400481060627e-27
60.017552119001664 3.59011860735741e-27
61.416956074173925 3.58404923628549e-27
62.84898934128261 3.588575831645871e-27
64.31441272423535 3.589859744739848e-27
65.81400476628369 3.5916793227931986e-27
67.34856216364385 3.588696865963671e-27
68.91890018876182 3.591873841919952e-27
70.52585312344742 3.5905766032175315e-27
72.17027470210763 3.593809009220392e-27
73.8530385653146 3.582965458002917e-27
75.57503872394936 3.5895731297337004e-27
77.33719003416762 3.590357782092756e-27
79.14042868344033 3.585013222026508e-27
80.98571268792693 3.58447910007979e-27
82.87402240144569 3.5868423529151314e-27
84.80636103631147 3.5918375003530936e-27
86.78375519631766 3.5833461379826094e-27
88.80725542214539 3.584841959826347e-27
90.8779367494899 3.5901167913164926e-27
92.99689928020044 3.5899229229367294e-27
95.16526876673713 3.588912232165175e-27
97.38419721025556 3.582223061587059e-27
99.6548634726365 3.586644926265515e-27
101.97847390278609 3.5842058342319376e-27
104.35626297753925 3.59078578367931e-27
106.78949395750668 3.598701637001473e-27
109.27945955821409 3.5935580922415606e-27
111.82748263689002 3.597038056225898e-27
114.43491689526716 3.591427894626765e-27
117.10314759877073 3.595136764809199e-27
119.8335923124757 3.600372821996996e-27
122.62770165422418 3.59073169445223e-27
125.4869600653028 3.6003619487683495e-27
128.41288659908975 3.599212171204888e-27
131.40703572809028 3.577377853053265e-27
134.4709981697896 3.593945236966932e-27
137.6064017317617 3.59610333498206e-27
140.8149121764835 3.5912930092793356e-27
144.09823410631301 3.590931184308449e-27
147.45811186910282 3.582980387273898e-27
150.89633048492877 3.593541603164179e-27
154.41471659442715 3.584922401595248e-27
158.01513942924367 3.584330314581033e-27
161.6995118051102 3.590377141204002e-27
165.46979113807643 3.582828347170918e-27
169.32798048443664 3.5741709626366694e-27
173.27612960490418 3.595389289765884e-27
177.3163360535986 3.5851979569298026e-27
181.45074629242436 3.587966089546647e-27
185.68155683143308 3.579699582816612e-27
190.01101539577502 3.5820439070897486e-27
194.44142211985996 3.585038115825329e-27
198.9751307693619 3.5810653084575465e-27
203.61454999171644 3.5853453579594274e-27
208.36214459577587 3.572188349545257e-27
213.2204368613011 3.571110675006317e-27
218.19200787898666 3.590088924518983e-27
223.27949892173046 3.593119923239704e-27
228.48561284787684 3.5960080606431474e-27
233.81311553717836 3.5791685309264795e-27
239.2648373602396 3.585970684918597e-27
244.8436746822229 3.611664306650577e-27
250.55259140161598 3.572888651070348e-27
256.3946205248776 3.598257050935476e-27
262.37286577779935 3.573375458705834e-27
268.49050325443824 3.607685776055332e-27
274.7507831044972 3.579348257600939e-27
281.15703126004934 3.564404696095046e-27
287.7126512025234 3.589330440290649e-27
294.4211257708895 3.5842426867943026e-27
301.2860190120053 3.59454648806687e-27
308.3109780741064 3.603875919148785e-27
315.4997351444457 3.578921353182277e-27
322.8561094321127 3.59826123411661e-27
330.38400919708465 3.591208876081926e-27
338.08743382658884 3.550927300006234e-27
345.970475959878 3.58699510830417e-27
354.0373236625486 3.5898566019630966e-27
362.2922626515567 3.584822102929104e-27
370.7396785721134 3.597167303535047e-27
379.3840593276699 3.553125994899241e-27
388.22999746422977 3.608700031392043e-27
397.28219261025527 3.591940674498796e-27
406.54545397346374 3.5780310920755134e-27
416.02470289584096 3.601218462836929e-27
425.7249754682287 3.589860120237758e-27
435.6514252058753 3.616927250120211e-27
445.8093257863709 3.5432580179162155e-27
456.2040738514225 3.6186367910824385e-27
466.841191873956 3.601617414939968e-27
477.72633109207 3.59031901610121e-27
488.86527451139875 3.547409680356458e-27
500.26393997748045 3.57314729702786e-27
511.92838331976236 3.6076446025516154e-27
523.8648015689132 3.6466236873958974e-27
536.079536249153 3.5355334028859695e-27
548.5790767473477 3.563530741874973e-27
561.3700637606607 3.602759060117808e-27
574.4592928245908 3.60293781679513e-27
587.8537179232724 3.635794585541762e-27
601.560455183956 3.605247965050784e-27
615.5867866576306 3.5342457099797825e-27
629.940164187797 3.57245283497661e-27
644.6282133694491 3.6144361800746996e-27
659.6587376003637 3.6406878543998176e-27
675.039722226853 3.6063768030840945e-27
690.7793387861822 3.5760066566525236e-27
706.885949347905 3.527396060829807e-27
723.368110956425 3.565950025619331e-27
740.2345801771418 3.5815265153339175e-27
757.4943177485981 3.665965786174819e-27
775.1564933430986 3.609668157600636e-27
793.2304904383309 3.5370924124517946e-27
811.7259113025749 3.5522173393395615e-27
830.6525820961508 3.619001304502016e-27
850.0205580918159 3.596092157528534e-27
869.8401290168822 3.5976151338800024e-27
890.1218245198946 3.589051716724743e-27
910.8764197647733 3.651347385550092e-27
932.1149411553916 3.611270762453329e-27
953.848672193633 3.518206750645531e-27
976.0891594740359 3.5340740741935726e-27
998.8482188182152 3.583742309147473e-27
1022.1379415523157 3.570652849488837e-27
1045.9707009308356 3.5659216101452195e-27
1070.3591587102305 3.640068692250829e-27
1095.3162718757928 3.536485150465307e-27
1120.8552995253765 3.566641988125355e-27
1146.98980991363 3.574842599178346e-27
1173.7336876604738 3.56271705680437e-27
1201.1011411276565 3.533607490434251e-27
1229.1067099673062 3.617019170372536e-27
1257.7652728464884 3.6312289497527326e-27
1287.0920553518754 3.615828155928072e-27
1317.1026380787234 3.6824351860642004e-27
1347.812964908458 3.545019692402449e-27
1379.239351479266 3.620959522025198e-27
1411.3984938541882 3.6557203649313774e-27
1444.3074773913293 3.622611129477852e-27
1477.9837858208825 3.6180521271832094e-27
1512.445310533807 3.565151054826831e-27
1547.71036008708 3.44382589525267e-27
1583.797669930582 3.4984818779618036e-27
1620.7264123607779 3.5361661690542894e-27
1658.5162067064848 3.6107801736708485e-27
1697.1871297521373 3.6716283385540224e-27
1736.7597264040865 3.619180363193666e-27
1777.255020605602 3.655742402460619e-27
1818.6945265063737 3.68234472506834e-27
1861.1002598924472 3.642559292516412e-27
1904.4947498826687 3.575443288883962e-27
1948.9010508978479 3.631387347107495e-27
1994.3427549090043 3.6573558690617e-27
2040.8440039711966 3.545948665821467e-27
2088.4295030496014 3.5132855027649966e-27
2137.124533144652 3.433386212945671e-27
2186.9549647232075 3.531631506648902e-27
2237.947271462894 3.450156718015702e-27
2290.1285443169163 3.4775646347547036e-27
2343.5265059068115 3.506308744696606e-27
2398.169525250793 3.5005678010044876e-27
2454.086632835509 3.686710398156894e-27
2511.3075360392254 3.6935357262973334e-27
2569.8626349146184 3.5049150101244384e-27
2629.783038339575 3.666577318193599e-27
2691.100580544569 3.583568736395322e-27
2753.8478380254037 3.8252600944499155e-27
2818.0581468502987 3.797042860590005e-27
2883.7656203705187 3.806186597161284e-27
2951.0051673439552 3.760999598807754e-27
3019.812510481288 3.840341958442855e-27
3090.2242054245785 3.670806372313065e-27
3162.2776601683795 3.522808459283759e-27
