# %ECSV 1.0
# ---
# datatype:
# - {name: mx, unit: MeV, datatype: float64}
# - {name: sigma_6, unit: cm2, datatype: float64}
# schema: astropy-2.0
mx sigma_6
3.162277660168379e-07 3.926736896347149e-39
3.2360111549336787e-07 3.826235936593181e-39
3.311463862505236e-07 3.730211055589724e-39
3.388675869043115e-07 3.638565503474617e-39
3.4676881953794695e-07 3.551255095510992e-39
3.548542818811901e-07 3.4682817196160476e-39
3.6312826954049566e-07 3.3896856594333286e-39
3.715951782811629e-07 3.315537196931159e-39
3.8025950636269697e-07 3.2459280427600866e-39
3.89125856928623e-07 3.18096314018832e-39
3.9819894045202297e-07 3.120753315775999e-39
4.0748357723809307e-07 3.063694993647504e-39
4.169846999850535e-07 2.983442513766585e-39
4.2670735640476865e-07 2.9067857998060223e-39
4.3665671190447213e-07 2.833603405348839e-39
4.4683805233101997e-07 2.763815304955892e-39
4.572567867791303e-07 2.6973781060542906e-39
4.6791845046510194e-07 2.6342799197407262e-39
4.788287076675383e-07 2.5745349516850864e-39
4.899933547366384e-07 2.518177968220925e-39
5.014183231736547e-07 2.4652588505040744e-39
5.131096827821533e-07 2.41583746884615e-39
5.250736448927506e-07 2.3699790934618932e-39
5.373165656630395e-07 2.3121434233856663e-39
5.4984494945446e-07 2.253628461227875e-39
5.626654522879044e-07 2.197846254526102e-39
5.757848853798981e-07 2.144750642866815e-39
5.892102187612295e-07 2.0943204793082525e-39
6.029485849799565e-07 2.0465554446056345e-39
6.17007282890752e-07 2.0014718570630736e-39
6.313937815326057e-07 1.9590985999776383e-39
6.461157240969403e-07 1.919473304766882e-39
6.611809319882495e-07 1.8788250037435697e-39
6.765974089794179e-07 1.8315545949171805e-39
6.923733454639272e-07 1.7865270712612724e-39
7.085171228072106e-07 1.7437071881363076e-39
7.250373177994646e-07 1.703078884066779e-39
7.419427072122865e-07 1.6646419110351842e-39
7.592422724615558e-07 1.6284085263573848e-39
7.769452043790388e-07 1.5944003359677928e-39
7.950609080952509e-07 1.5611793433866204e-39
8.135990080361694e-07 1.5223535774386002e-39
8.325693530364543e-07 1.485408486298724e-39
8.519820215718901e-07 1.450320771758094e-39
8.718473271138315e-07 1.417081691632191e-39
8.921758236084957e-07 1.385694290430336e-39
9.12978311084014e-07 1.3561707339637573e-39
9.342658413882192e-07 1.3274148536526982e-39
9.560497240602198e-07 1.2948363461791514e-39
9.78341532338879e-07 1.2638717535771011e-39
1.0011531093113902e-06 1.2345066932474604e-39
1.0244965742052174e-06 1.2067379594717229e-39
1.048384328826741e-06 1.1805712122328454e-39
1.0728290641500308e-06 1.1552912223235803e-39
1.0978437670592484e-06 1.1272572697121414e-39
1.1234417272482566e-06 1.1006396207903846e-39
1.149636544281106e-06 1.075429266364917e-39
1.1764421348171486e-06 1.0516260967814485e-39
1.2038727400046132e-06 1.029236935294276e-39
1.2319429330465773e-06 1.0045216408548402e-39
1.2606676269433496e-06 9.809668345783895e-40
1.2900620824153782e-06 9.586736061008688e-40
1.3201419160108953e-06 9.376427808961502e-40
1.3509231084026028e-06 9.162743961904143e-40
1.38242201287781e-06 8.947519556637256e-40
1.4146553640265304e-06 8.743794601522622e-40
1.447640286632156e-06 8.551568043637075e-40
1.4813943047694329e-06 8.352719777506999e-40
1.5159353511145682e-06 8.159992194146742e-40
1.5512817764724183e-06 7.977890632219038e-40
1.587452359525819e-06 7.79469630825029e-40
1.6244663168122348e-06 7.615904585811407e-40
1.6623433129330315e-06 7.44537760358315e-40
1.7011034710007933e-06 7.273186573785904e-40
1.740767383330235e-06 7.109259120162478e-40
1.7813561223783898e-06 6.946195508047396e-40
1.8228912519398869e-06 6.78802367301961e-40
1.8653948386032614e-06 6.6335974046795e-40
1.908889463474389e-06 6.4823307968212175e-40
1.9533982341732686e-06 6.3344187036445975e-40
1.9989447971105317e-06 6.190599005457034e-40
2.045553350050195e-06 6.049415259162953e-40
2.0932486549653353e-06 5.911242493082422e-40
2.1420560511935146e-06 5.777217571494811e-40
2.192001468898943e-06 5.644945439373697e-40
2.2431114428485372e-06 5.516757016271785e-40
2.2954131265091837e-06 5.39103680564063e-40
2.3489343064737076e-06 5.267809046000515e-40
2.403703417223201e-06 5.149009947423354e-40
2.4597495562335635e-06 5.030267034480037e-40
2.5171024994342686e-06 4.918076769302728e-40
2.575792717027583e-06 4.803780307261815e-40
2.635851389676631e-06 4.6955603043922515e-40
2.6973104250709106e-06 4.587756199204313e-40
2.760202474878063e-06 4.4835417292084305e-40
2.8245609520908932e-06 4.381497272508518e-40
2.8904200487788716e-06 4.2814478764272e-40
2.9578147542535346e-06 4.1843450659024844e-40
3.026780873657441e-06 4.088697665199091e-40
3.097355046986562e-06 3.995815680847812e-40
3.1695747685562034e-06 3.904846250680762e-40
3.2434784069208122e-06 3.815686558435144e-40
3.319105225258239e-06 3.729505581057844e-40
3.3964954022292982e-06 3.644046760224246e-40
3.4756900533236943e-06 3.5610147433672e-40
3.5567312527036693e-06 3.4799936919611833e-40
3.6396620555569646e-06 3.400817111993079e-40
3.7245265209709786e-06 3.3234343713797478e-40
3.811369735340273e-06 3.24772676302049e-40
3.900237836319859e-06 3.1737970173187976e-40
3.991178037336996e-06 3.101539390626763e-40
4.0842386526745176e-06 3.0308759756240915e-40
4.179469123139017e-06 2.9618641944157003e-40
4.2769200423275275e-06 2.8945840408001143e-40
4.376643183506652e-06 2.8289820249244043e-40
4.478691527118417e-06 2.7642769990226837e-40
4.583119288927478e-06 2.7012755566449307e-40
4.689981948824612e-06 2.6399125050475676e-40
4.799336280301815e-06 2.5800629112182668e-40
4.911240380614659e-06 2.521260147932971e-40
5.0257537016479225e-06 2.463797959130781e-40
5.142937081500915e-06 2.407732290311012e-40
5.262852776809252e-06 2.3529947717098197e-40
5.385564495820272e-06 2.299530467591624e-40
5.511137432239651e-06 2.2471871936415375e-40
5.639638299867211e-06 2.1960820333538333e-40
5.771135368040315e-06 2.1461448574131724e-40
5.905698497903673e-06 2.0973356698647564e-40
6.043399179524854e-06 2.049609923923957e-40
6.184310569875183e-06 2.0030119402080833e-40
6.32850753169624e-06 1.957490970642225e-40
6.47606667327258e-06 1.9130169174666228e-40
6.627066389131828e-06 1.86957055266449e-40
6.781586901693754e-06 1.827141380220543e-40
6.939710303890459e-06 1.7855844975684793e-40
7.101520602780329e-06 1.7449869908413931e-40
7.267103764178904e-06 1.7053699492560643e-40
7.436547758330399e-06 1.666645877579642e-40
7.609942606644117e-06 1.6287925604965882e-40
7.787380429520604e-06 1.591807474063712e-40
7.968955495292936e-06 1.5557301522301694e-40
8.15476427030917e-06 1.5203644442471354e-40
8.344905470182516e-06 1.4858851334760227e-40
8.539480112236516e-06 1.4521846693827357e-40
8.738591569173047e-06 1.4192293987979125e-40
8.942345623991688e-06 1.3870485361355877e-40
9.150850526189614e-06 1.3556062883565586e-40
9.364217049271877e-06 1.3248862222468735e-40
9.58255854960264e-06 1.2948637360416968e-40
9.805991026628606e-06 1.2655252258652247e-40
1.0034633184506672e-05 1.2368715527685472e-40
1.0268606495168497e-05 1.2088627863241354e-40
1.0508035262855554e-05 1.1815015939172758e-40
1.07530466901589e-05 1.1547634738521364e-40
1.1003770945598772e-05 1.1286424196905184e-40
1.1260341232779899e-05 1.1031215335309595e-40
1.1522893861159297e-05 1.078183975486528e-40
1.1791568318464117e-05 1.0538219718278155e-40
1.206650734479802e-05 1.0300206981201214e-40
1.2347857008475478e-05 1.0067643311357277e-40
1.263576678362426e-05 9.840465362737944e-41
1.293038962959737e-05 9.618466234290961e-41
1.3231882072236462e-05 9.401607788997423e-41
1.3540404287030327e-05 9.189704912533946e-41
1.3856120184212054e-05 8.982731439112614e-41
1.4179197495840522e-05 8.780501891041327e-41
1.4509807864912299e-05 8.58295191759066e-41
1.484812693655133e-05 8.389957658862618e-41
1.5194334451324849e-05 8.201417266625935e-41
1.5548614340735104e-05 8.017250838835608e-41
1.5911154824937624e-05 7.837328778240296e-41
1.6282148512737936e-05 7.661587287043106e-41
1.6661792503919872e-05 7.48989448774109e-41
1.7050288493959805e-05 7.322187185721027e-41
1.7447842881182494e-05 7.158377261979038e-41
1.785466687641539e-05 6.99837134810815e-41
1.8270976615199758e-05 6.842086441288792e-41
1.869699327261814e-05 6.689432674075144e-41
1.91329431807992e-05 6.540336482945439e-41
1.957905794916243e-05 6.394715822569388e-41
2.003557458746648e-05 6.252488544569218e-41
2.0502735631726606e-05 6.113592090587608e-41
2.0980789273068064e-05 5.977937555520285e-41
2.1469989489583918e-05 5.845468819854411e-41
2.1970596181267336e-05 5.716098005430786e-41
2.2482875308090033e-05 5.589775346522065e-41
2.3007099031300245e-05 5.46641944192843e-41
2.354354585801526e-05 5.345965735428551e-41
2.4092500789185385e-05 5.228358360015237e-41
2.4654255471007912e-05 5.113530154586503e-41
2.5229108349871537e-05 5.001420267461608e-41
2.5817364830913554e-05 4.891967569153504e-41
2.641933744027406e-05 4.78511832509089e-41
2.7035345991133382e-05 4.680816197060941e-41
2.7665717753620915e-05 4.579003463022175e-41
2.8310787628685666e-05 4.4796252339128964e-41
2.8970898326020842e-05 4.3826297320704035e-41
2.964640054613707e-05 4.287967618920886e-41
3.033765316668089e-05 4.195586717033455e-41
3.104502343309761e-05 4.10544054008634e-41
3.176888715373972e-05 4.0174780802803625e-41
3.25096288995246e-05 3.9316565990005796e-41
3.326764220824756e-05 3.847927191008329e-41
3.4043329793658724e-05 3.766249531920717e-41
3.483710375941493e-05 3.686577651171194e-41
3.5649385818020195e-05 3.608870718466854e-41
3.648060751487119e-05 3.5330883425389344e-41
3.73312104575266e-05 3.4591908934469197e-41
3.820164655032238e-05 3.387137987870111e-41
3.90923782344573e-05 3.316893581059669e-41
4.0003878733676586e-05 3.248420297006911e-41
4.093663230568398e-05 3.1816825378766616e-41
4.1891134499415887e-05 3.1166454753001063e-41
4.2867892418314344e-05 3.0532753557987244e-41
4.386742498973848e-05 2.991539062730785e-41
4.489026324065786e-05 2.931405202536108e-41
4.5936950579773975e-05 2.872842516961844e-41
4.700804308621986e-05 2.815820451282343e-41
4.8104109804991236e-05 2.760310002225279e-41
4.922573304926602e-05 2.7062834350156866e-41
5.0373508709772956e-05 2.6537122850348177e-41
5.154804657137365e-05 2.602570370174982e-41
5.27499706370262e-05 2.5528320803073266e-41
5.397991945930254e-05 2.504472446114504e-41
5.5238546479635675e-05 2.457467071620287e-41
5.6526520375476976e-05 2.411792804051456e-41
5.784452541554797e-05 2.367427324772369e-41
5.9193261823375433e-05 2.324348885719937e-41
6.057344614930286e-05 2.2825369659978778e-41
6.198581165117595e-05 2.2419713296833827e-41
6.34311086839044e-05 2.2026331097602152e-41
6.491010509810695e-05 2.1645037499259637e-41
6.642358664805138e-05 2.127565702056002e-41
6.797235740910648e-05 2.091803136446906e-41
6.955724020492732e-05 2.0571992713167407e-41
7.117907704460117e-05 2.0237395848028096e-41
7.283872956998614e-05 1.9914097922494629e-41
7.453707951348025e-05 1.9601970222333938e-41
7.627502916646401e-05 1.9300886239352104e-41
7.805350185866558e-05 1.9010731899286682e-41
7.987344244870308e-05 1.8731401494248339e-41
8.173581782606456e-05 1.8462799407244812e-41
8.364161742479263e-05 1.8204838662612323e-41
8.559185374914618e-05 1.795744137804279e-41
8.758756291151902e-05 1.7720540308883782e-41
8.96298051829007e-05 1.7494078293690653e-41
9.17196655561724e-05 1.7278008806600676e-41
9.385825432253677e-05 1.707229557947785e-41
9.604670766138824e-05 1.6876913896574652e-41
9.828618824393714e-05 1.6691850230349932e-41
0.00010057788585090809 1.6517103612478132e-41
0.00010292301800464121 1.6352684445960052e-41
0.00010532283061593165 1.6198616665471942e-41
0.00010777859864595113 1.6054937328895328e-41
0.00011029162678360347 1.5921697559502337e-41
0.00011286325013867351 1.5798962757908343e-41
0.00011549483495113791 1.5686813651113912e-41
0.00011818777931701482 1.5585346893246243e-41
0.0001209435139311377 1.5494675329370533e-41
0.00012376350284724815 1.5414929516338425e-41
0.00012664924425581149 1.5346257881969178e-41
0.00012960227127996844 1.5288827765718191e-41
0.00013262415279004548 1.5242827947162606e-41
0.00013571649423705693 1.52084658318452e-41
0.0001388809385056415 1.5185972052815946e-41
0.00014211916678688624 1.5175600595781796e-41
0.00014543289947150178 1.5177628870321378e-41
0.0001488238970638237 1.5192360388402893e-41
0.00015229396111712465 1.5220124937014741e-41
0.00015584493519073535 1.5261280557337241e-41
0.00015947870582948208 1.5316214447504134e-41
0.00016319720356596128 1.5385344807689565e-41
0.00016700240394618395 1.5469121996748778e-41
0.00017089632857913436 1.5568030113952704e-41
0.000174881046210801 1.568258881857246e-41
0.00017895867382325032 1.5813354633000956e-41
0.0001831313777593269 1.59609227375255e-41
0.00018740137487357792 1.612592886241536e-41
0.00019177093371001327 1.6309050681855167e-41
0.000196242375707327 1.651100986326391e-41
0.00020081807643222024 1.673257378186683e-41
0.00020550046684148122 1.6974557402441819e-41
0.0002102920345734925 1.723782516579905e-41
0.0002151953252698519 1.752329280764568e-41
0.00022021294392780895 1.7831929392249997e-41
0.00022534755628423554 1.816475919194374e-41
0.0002306018902318662 1.8522863708187104e-41
0.00023597873726856003 1.89073836364305e-41
0.0002414809539803547 1.931952090840899e-41
0.0002471114635590999 1.9760540663922884e-41
0.00025287325735547713 2.0231773378422025e-41
0.00025876939646823026 2.0734616710607035e-41
0.00026480301337045197 2.12705377677449e-41
0.000270977313573789 2.1841074764167183e-41
0.00027729557733145163 2.244783906642703e-41
0.00028376116138093086 2.309251703659445e-41
0.0002903775007273506 2.377687136238964e-41
0.00029714811046840066 2.4502742692592e-41
0.00030407658766182135 2.5272050676120296e-41
0.00031116661323643183 2.6086794676313917e-41
0.0003184219539477161 2.694905415456907e-41
0.00032584646437900766 2.7860988572290955e-41
0.00033344408898933415 2.8824836608786184e-41
0.0003412188642090111 2.9842915107950377e-41
0.0003491749205840977 3.09176167353756e-41
0.0003573164849708539 3.205140777738517e-41
0.0003656478827813646 3.32468246118334e-41
0.0003741735402815245 3.450646987489137e-41
0.0003828979869426037 3.583300779703613e-41
0.000391825857847644 3.722915899924007e-41
0.000400961896153964 3.8697694661074437e-41
0.0004103109556130814 4.024143004114755e-41
0.0004198780031493915 4.18632173888115e-41
0.00042966812149897106 4.356593804409467e-41
0.000439686511909911 4.535249363762421e-41
0.0004499384969056106 4.722579621070269e-41
0.00046042952311250296 4.918875696664249e-41
0.0004711651641537129 5.124427339907985e-41
0.00048215112361018567 5.33952146173488e-41
0.0004933932380508582 5.564440469838595e-41
0.0005048974801334842 5.799460380492535e-41
0.0005166699617777604 6.044848742687738e-41
0.0005287169374124361 6.300862358919375e-41
0.0005410448072981404 6.567744854775104e-41
0.0005536601209276797 6.845724100025369e-41
0.0005665695805056229 7.135009537820599e-41
0.0005797800445090163 7.435789424751083e-41
0.0005932985313311235 7.748228005100719e-41
0.000607132223010125 8.07246259030958e-41
0.0006212884690447563 8.408600574051655e-41
0.0006357747902989163 8.756716311400209e-41
0.0006505988829973161 9.116847907224892e-41
0.0006657686228142928 9.488993919213136e-41
0.0006812920690579615 9.873109999866674e-41
0.0006971774689519261 1.0269105572202603e-40
0.0007134332620168255 1.0676840617654124e-40
0.0007300680845540431 1.109612264163125e-40
0.0007470907742339592 1.152670388660409e-40
0.0007645103747911887 1.1968278816042927e-40
0.0007823361408292924 1.2420481861251644e-40
0.00080057754273752 1.2882885486600305e-40
0.0008192442717221943 1.3354998508684208e-40
0.0008383462449554094 1.3836264808085533e-40
0.0008578936108437789 1.4326062457737652e-40
0.0008778967544200344 1.4823703394927783e-40
0.000898366302860337 1.5328433696758604e-40
0.0009193131311302326 1.583943449789367e-40
0.0009407483677622533 1.6355823539896654e-40
0.000962683400768232 1.6876657333607389e-40
0.000985129883689471 1.7400933909401329e-40
0.0010080997417879817 1.792759618390963e-40
0.0010316051783820807 1.8455535980132755e-40
0.0010556586813297128 1.898359872365364e-40
0.0010802730296629402 1.951058880118428e-40
0.001105461300377127 2.0035275506795502e-40
0.0011312368753784248 2.055639950032705e-40
0.0011576134485932472 2.1072679697508537e-40
0.0011846050332435167 2.1582820552229846e-40
0.0012122259692915415 2.208551969699052e-40
0.0012404909310584848 2.257947587443429e-40
0.0012694149350204683 2.306339704505768e-40
0.0012990133477864558 2.3536008556500176e-40
0.0013293018942621524 2.3996061254196796e-40
0.001360296666004259 2.4442339479007428e-40
0.001392014129769518 2.487366886949013e-40
0.0014244711362630968 2.5288923880160327e-40
0.0014576849290909482 2.5687034894656844e-40
0.0014916731539209149 2.60669948330291e-40
0.0015264538678574353 2.642786520330194e-40
0.0015620455490348386 2.676878155075496e-40
0.0015984671064343198 2.7088958241920714e-40
0.0016357378899298156 2.7387692508885684e-40
0.0016738777005681136 2.7664367720642584e-40
0.0017129068010886602 2.7918455884816907e-40
0.0017528459266886532 2.814951937623193e-40
0.00179371629603914 2.8357211866672015e-40
0.0018355396225579732 2.8541278465656085e-40
0.0018783381259456144 2.8701555117380154e-40
0.0019221345439899109 2.8837967291797355e-40
0.001966952144646121 2.895052798807421e-40
0.0020128147383986056 2.9039335104290532e-40
0.002059746690910748 2.9104568247634266e-40
0.0021077729359698315 2.914648503525833e-40
0.0021569189887337423 2.916541693945896e-40
0.002207210959286545 2.9161764757766393e-40
0.0022586755665101248 2.913599377613427e-40
0.0023113401522792685 2.908862868030548e-40
0.0023652326959877285 2.902024828983333e-40
0.0024203818294129824 2.893148018104293e-40
0.0024768168519275916 2.88229952504189e-40
0.002534567746065232 2.869550228138895e-40
0.0025936651934496745 2.8549742567323843e-40
0.0026541405910951734 2.8386484632615674e-40
0.0027160260680869266 2.8206519099864017e-40
0.0027793545026504624 2.8010653737543552e-40
0.002844159539619031 2.7799708718441212e-40
0.0029104756083082714 2.7574512119055788e-40
0.0029783379408076585 2.7335895676655266e-40
0.0030477825906984404 2.7084690823876908e-40
0.0031188464522080173 2.6821725010210975e-40
0.0031915672798109355 2.6547818318484867e-40
0.0032659837082868936 2.6263780379800304e-40
0.003342135273246469 2.5970407585907457e-40
0.0034200624321353945 2.5668480596533428e-40
0.0034998065857286074 2.535876213445171e-40
0.0035814101001254554 2.504199506059865e-40
0.003664916329257761 2.471890071790315e-40
0.0037503696379226933 2.4390177532218596e-40
0.0038378154253526898 2.40564998564487e-40
0.003927300149334948 2.3718517043718774e-40
0.004018871350893299 2.3376852734371706e-40
0.00411257767954558 2.3032104341289262e-40
0.004208468919149921 2.2684842717995702e-40
0.004306596014353682 2.2335611993761556e-40
0.004407011097659079 2.1984929560460316e-40
0.004509767517119906 2.163328619604463e-40
0.004614919864684026 2.1281146310113102e-40
0.004722524005196735 2.0928948297630796e-40
0.004832637106080367 2.0577104987469952e-40
0.004945317667705937 2.022600417320795e-40
0.005060625554472947 1.9876009214376847e-40
0.005178622026613854 1.9527459697129757e-40
0.005299369772740128 1.918067214410007e-40
0.005422932943147155 1.8835940764031975e-40
0.0055493771838957115 1.8493538232545342e-40
0.00567876967168809 1.8153716496168534e-40
0.005811179149557424 1.7816707592522834e-40
0.0059466759633891655 1.748272448025672e-40
0.006085332099294114 1.7151961873012738e-40
0.006227221221852859 1.6824597072354078e-40
0.006372418713251954 1.6500790795186062e-40
0.006521001713332612 1.6180687991775098e-40
0.006673049160573193 1.5864418650994766e-40
0.006828641834027273 1.5552098589915524e-40
0.006987862396239558 1.5243830225302266e-40
0.00715079543716245 1.4939703324993092e-40
0.007317527519096606 1.4639795737504278e-40
0.007488147222679345 1.4344174098543987e-40
0.007662745193945353 1.4052894513418985e-40
0.007841414192484688 1.3766003214591041e-40
0.008024249140723652 1.348353719388021e-40
0.008211347174354735 1.3205524809026128e-40
0.008402807693942412 1.2931986364506116e-40
0.008598732417732204 1.2662934666672863e-40
0.008799225435691074 1.2398375553416362e-40
0.009004393264807849 1.2138308398677e-40
0.009214344905683071 1.1882726592240306e-40
0.009429191900438323 1.1631617995331123e-40
0.009649048391975805 1.1384965372597147e-40
0.009874031184619632 1.1142746801131256e-40
0.010104259806171096 1.0904936057227879e-40
0.01033985657141083 1.0671502981606005e-40
0.010580946647081629 1.0442413823857533e-40
0.010827658118386449 1.0217631566898033e-40
0.011080122057036918 9.997116232208532e-41
0.011338472590888495 9.780825166661304e-41
0.01160284697519928 9.568713311721917e-41
0.01187338566555036 9.360733455814316e-41
0.012150232392466372 9.156836470626258e-41
0.012433534237775993 8.956971532119072e-41
0.01272344171275288 8.761086326990381e-41
0.013020108838078586 8.5691272453199e-41
0.013323693225669961 8.381039560108591e-41
0.013634356162414448 8.196767594399708e-41
0.013952262695857842 8.016254876647874e-41
0.014277581721889965 7.83944428497872e-41
0.014610486074474885 7.666278180957287e-41
0.014951152617473332 7.496698533459532e-41
0.015299762338606094 7.33064703321626e-41
0.015656500445608335 7.168065198574709e-41
0.016021556464625875 7.008894472998457e-41
0.016395124340905766 6.85307631480264e-41
0.016777402541834602 6.700552279597735e-41
0.017168594162379338 6.551264095892303e-41
0.01756890703298664 6.405153734282542e-41
0.017978553829998065 6.262163470634861e-41
0.01839775218863974 6.122235943646431e-41
0.01882672481864659 5.985314207148333e-41
0.01926569962258253 5.85134177749638e-41
0.019714909816919448 5.720262676375537e-41
0.020174594055939365 5.592021469326009e-41
0.02064499655852557 5.466563300281448e-41
0.021126367237910063 5.343833922393263e-41
0.021618961834446313 5.223779725399043e-41
0.02212304205147776 5.10634775977797e-41
0.022638875694374342 4.991485757921843e-41
0.0231667368128109 4.879142152536289e-41
0.02370690584636297 4.769266092474092e-41
0.024259669773497434 4.661807456189881e-41
0.024825322264037063 4.5567168629940045e-41
0.025404163835180054 4.4539456822720427e-41
0.025996502011157406 4.3534460408260473e-41
0.026602651486612925 4.255170828483765e-41
0.027222934293792744 4.1590737021125007e-41
0.027857679973633073 4.065109088165626e-41
0.02850722575083718 3.9732321838812955e-41
0.02917191671303455 3.883398957245095e-41
0.029852105994117403 3.795566145820938e-41
0.030548154961852016 3.709691254547559e-41
0.031260433409864494 3.6257325525913943e-41
0.031989319754103004 3.543649069340421e-41
0.0327352012338808 3.46340058961787e-41
0.03349847411760691 3.3849476481890863e-41
0.034279543913313774 3.3082515236299506e-41
0.03507882558409363 3.233274231620173e-41
0.03589674376855814 3.159978517720648e-41
0.03673373300643846 3.0883278496894984e-41
0.037590237969445384 3.01828640938773e-41
0.038466713697512506 2.949819084321622e-41
0.03936362584054766 2.882891458865545e-41
0.04028145090582124 2.8174698052056586e-41
0.04122067651112274 2.7535210740419235e-41
0.04218180164382002 2.6910128850830196e-41
0.043165336925959 2.6299135173661473e-41
0.044171804885544536 2.5701918994312106e-41
0.04520174023414663 2.5118175993765263e-41
0.046255690150979495 2.4547608148211647e-41
0.047334214573604344 2.3989923627969e-41
0.048437886495410414 2.344483669590968e-41
0.04956729227003216 2.2912067605590277e-41
0.05072303192286451 2.2391342499261412e-41
0.051905719469841495 2.1882393305920398e-41
0.05311598324364777 2.1384957639555604e-41
0.05435446622753626 2.0898778697718107e-41
0.05562182639692926 2.0423605160544073e-41
0.056918737068984544 1.9959191090340193e-41
0.058245887260312136 1.9505295831833263e-41
0.05960398205303182 1.9061683913176455e-41
0.06099374296936585 1.862812494779439e-41
0.06241590835496589 1.8204393537141695e-41
0.06387123377117784 1.7790269174441334e-41
0.06536049239645289 1.738553614946232e-41
0.06688447543711816 1.6989983454388988e-41
0.06844399254772507 1.6603404690828593e-41
0.0700398722611988 1.6225597977997545e-41
0.0716729624290174 1.5856365862121862e-41
0.07334413067165428 1.54955152270823e-41
0.07505426483952363 1.5142857206329794e-41
0.07680427348467332 1.4798207096093415e-41
0.07859508634347626 1.446138426989839e-41
0.08042765483057629 1.413221209440883e-41
0.08230295254435131 1.3810517846606092e-41
0.08422197578416211 1.3496132632311242e-41
0.08618574407966152 1.3188891306056733e-41
0.08819530073244539 1.2888632392310386e-41
0.09025171337033296 1.2595198008052335e-41
0.09235607451457113 1.2308433786703352e-41
0.09450950216026408 1.2028188803401292e-41
0.09671314037033632 1.1754315501620434e-41
0.09896815988334524 1.1486669621127166e-41
0.10127575873546546 1.1225110127263715e-41
0.10363716289697593 1.0969499141550689e-41
0.10605362692358762 1.0719701873597737e-41
0.10852643462295801 1.047558655431062e-41
0.11105689973674641 1.0237024370382356e-41
0.11364636663857243 1.0003889400054737e-41
0.11629621104824843 9.776058550136287e-42
0.1190078407626656 9.553411494261693e-42
0.12178269640372161 9.335830612377385e-42
0.12462225218368743 9.123200931437311e-42
0.1275280166884199 8.915410067292619e-42
0.13050153367883624 8.712348167758464e-42
0.1335443829110759 8.51390785684098e-42
0.13665818097578622 8.319984180106985e-42
0.13984458215697693 8.13047455117916e-42
0.14310527931090045 7.945278699338726e-42
0.14644200476542463 7.764298618217959e-42
0.14985653124037576 7.587438515564741e-42
0.15335067278934078 7.414604764061017e-42
0.1569262857634292 7.245705853177265e-42
0.1605852697975066 7.080652342045044e-42
0.16432956881942368 6.919356813329667e-42
0.16816117208277714 6.761733828085077e-42
0.172082115223751 6.607699881573224e-42
0.1760944813425998 6.457173360030186e-42
0.1802004021103484 6.310074498361451e-42
0.18440205890129596 6.166325338748991e-42
0.18870168395192646 6.025849690152709e-42
0.1931015615468407 5.888573088689306e-42
0.1976040292323402 5.754422758871406e-42
0.20221147905830805 5.623327575690348e-42
0.20692635884904578 5.495218027525958e-42
0.21175117350374192 5.370026179866928e-42
0.2166884863272632 5.247685639825715e-42
0.22174092039197504 5.128131521431893e-42
0.22691115993131514 5.0113004116882994e-42
0.23220195176586036 4.897130337374454e-42
0.2376161067626448 4.785560732581956e-42
0.24315650132850383 4.676532406966807e-42
0.24882607893823822 4.569987514703868e-42
0.25462785169840935 4.4658695241288566e-42
0.2605649019475973 4.3641231880535206e-42
0.26664038389397104 4.264694514739951e-42
0.27285752529104135 4.16753073952009e-42
0.2792196291524867 4.0725802970468726e-42
0.2857300755069626 3.979792794163568e-42
0.2923923231938275 3.889118983378225e-42
0.2992099117007387 3.8005107369302383e-42
0.3061864630440946 3.713921021436435e-42
0.31332568369332287 3.6293038731042013e-42
0.32063136654003577 3.5466143734994074e-42
0.3281073929131 3.465808625857254e-42
0.3357577346406907 3.386843731924167e-42
0.343586456160426 3.309677769319305e-42
0.3515977166787018 3.234269769404354e-42
0.359795772380376 3.160579695650512e-42
0.368184978689974 3.088568422491834e-42
0.3767697925856183 3.0181977146542955e-42
0.38555477496691104 2.9494302069500914e-42
0.394544593078027 2.882229384527025e-42
0.4037440229873054 2.8165595635629386e-42
0.4131579521246571 2.752385872395355e-42
0.42279138187813525 2.689674233076786e-42
0.43264943025104924 2.6283913433462173e-42
0.4427373345810337 2.5685046590076407e-42
0.4530604543225162 2.5099823767065537e-42
0.4636242738940635 2.4527934170956004e-42
0.47443440559211736 2.3969074083807552e-42
0.48549659257266914 2.3422946702395028e-42
0.4968167119024568 2.2889261981028065e-42
0.5084007776813051 2.236773647792712e-42
0.5202549442372687 2.1858093205076498e-42
0.5323855093962742 2.136006148147703e-42
0.5447989178279997 2.0873376789721804e-42
0.557501764469769 2.0397780635821368e-42
0.5705007980302781 1.9933020412204822e-42
0.5838029245750183 1.9478849263826253e-42
0.5974152111952977 1.9035025957306397e-42
0.6113448897628128 1.8601314753041875e-42
0.6255993607717623 1.8177485280214694e-42
0.6401861972705483 1.7763312414637576e-42
0.6551131488851486 1.735857615937063e-42
0.6703881459363026 1.6963061528047595e-42
0.686019303652694 1.6576558430850247e-42
0.7020149264823721 1.619886156307132e-42
0.7183835125046995 1.5829770296208008e-42
0.7351337579451718 1.5469088571528453e-42
0.7522745617955077 1.511662479605564e-42
0.7698150305414633 1.4772191740914312e-42
0.7877644830008832 1.4435606441987213e-42
0.8061324552745581 1.4106690102828745e-42
0.8249287058125218 1.3785267999784848e-42
0.8441632205984669 1.3471169389269473e-42
0.8638462184550629 1.3164227417148366e-42
0.8839881564729563 1.2864279030183262e-42
0.9045997355663667 1.2571164889489003e-42
0.9256919061582187 1.2284729285958736e-42
0.9472758739978306 1.2004820057612126e-42
0.9693631061142522 1.1731288508823349e-42
0.9919653369084147 1.1463989331386036e-42
1.0150945743873274 1.1202780527373699e-42
1.0387631065436362 1.0947523333754833e-42
1.0629835078839296 1.0698082148723046e-42
1.0877686461092637 1.0454324459703104e-42
1.1131316889514546 1.0216120772995129e-42
1.1390861111687691 9.983344545019575e-43
1.16564570170473 9.755872115126742e-43
1.1928245710138414 9.533582639935365e-43
1.2206371585581264 9.316358029165478e-43
1.2490982404784545 9.104082882931635e-43
1.2782229374447416 8.896644430463455e-43
1.3080267226891875 8.6939324702208e-43
1.3385254302268237 8.495839311372315e-43
1.369735263267732 8.302259716605869e-43
1.4016728028254128 8.113090846241082e-43
1.4343550165258654 7.928232203614064e-43
1.4677992676220706 7.747585581705551e-43
1.5020233242186567 7.57105501098417e-43
1.5370453687116559 7.398546708437209e-43
1.5728840074483612 7.22996902776195e-43
1.6095582806124205 7.065232410690978e-43
1.6470876723394143 6.9042493394259914e-43
1.6854921210682972 6.74693429015463e-43
1.7247920301341966 6.59320368762582e-43
1.7650082786082029 6.442975860759561e-43
1.8061622323899016 6.296170999267586e-43
1.848275755558551 6.152711111261888e-43
1.8913712219889245 6.012519981828708e-43
1.935471527238 5.875523132545975e-43
1.9806001007088037 5.741647781922662e-43
2.0267809180978715 5.610822806739242e-43
2.0740385141329463 5.482978704268585e-43
2.1223979956076717 5.358047555357337e-43
2.171885054720213 5.2359629883482005e-43
2.222525982722885 5.116660143823915e-43
2.274347683890048 5.000075640154312e-43
2.327377689811681 4.886147539828139e-43
2.3816441740202396 4.774815316551732e-43
2.437175966958554 4.666019823097185e-43
2.4940025712967335 4.559703259882859e-43
2.552154177606206 4.4558091442696236e-43
2.611661680399223 4.354282280556454e-43
2.6725566945423505 4.255068730659604e-43
2.7348715720526675 4.15811578545963e-43
2.7986394192855935 4.063371936801169e-43
2.863894114523477 3.970786850130538e-43
2.9306703259742912 3.880311337756686e-43
2.999003530189995 3.791897332721319e-43
3.068930030914351 3.705497863264192e-43
3.1404869783702067 3.621067027870207e-43
3.21371238899649 3.538559970884926e-43
3.2886451656454048 3.4579328586855923e-43
3.3653251182505572 3.3791428563950383e-43
3.443792984976987 3.302148105126104e-43
3.5240904538643507 3.226907699744427e-43
3.6062601849747473 3.1533816671378866e-43
3.6903458330569543 3.08153094498111e-43
3.77639207073912 3.0113173609837632e-43
3.8644446122622242 2.94270361261163e-43
3.9545502377669295 2.875653247269687e-43
4.046756818146711 2.8101306429366947e-43
4.141113340480481 2.746100989240941e-43
4.237669934058216 2.6835302689671817e-43
4.336477897013409 2.6223852399848824e-43
4.437589723576497 2.5626334175882015e-43
4.541059131963759 2.5042430572383395e-43
4.646941092916466 2.4471831376990497e-43
4.755291858905486 2.391423344556409e-43
4.866168994016832 2.3369340541140453e-43
4.979631404534034 2.2836863176553076e-43
5.0957393702336 2.2316518460639878e-43
5.214554576410165 2.1808029947954552e-43
5.336140146648369 2.1311127491901897e-43
5.4605606763588606 2.0825547101219515e-43
5.587882267096237 2.0351030799729144e-43
5.718172561677172 1.9887326489283832e-43
5.851500780117376 1.9434187815837296e-43
5.987937756406471 1.8991374038565053e-43
6.127555976140354 1.8558649901967453e-43
6.270429615030991 1.8135785510886724e-43
6.416634578314149 1.7722556208371767e-43
6.566248541075969 1.7318742456325553e-43
6.719350989519823 1.6924129718872041e-43
6.87602326319537 1.6538508348380427e-43
7.036348598212252 1.616167347408642e-43
7.200412171461376 1.5793424893250931e-43
7.368301145867304 1.5433566964799052e-43
7.540104716695753 1.508190850538206e-43
7.715914158940838 1.4738262687807873e-43
7.8958228758172275 1.4402446941785575e-43
8.07992644838296 1.407428285693155e-43
8.2683226863193 1.3753596087985485e-43
8.461111679894604 1.3440216262186127e-43
8.658395853139817 1.313397688875735e-43
8.860280018263818 1.2834715270456593e-43
9.066871431337571 1.2542272417138715e-43
9.278279849276613 1.2256492961289188e-43
9.494617588152204 1.19772250754819e-43
9.715999582862075 1.1704320391717696e-43
9.942543448192506 1.1437633922600708e-43
10.17436954130415 1.1177023984310746e-43
10.411601025674827 1.0922352121330773e-43
10.654363936533231 1.0673483032889295e-43
10.902787247818345 1.0430284501079035e-43
11.157002940700098 1.019262732061315e-43
11.417146073697703 9.960385230182124e-44
11.683354854432924 9.733434845374621e-44
11.955770713056356 9.511655593126782e-44
12.234538377385784 9.294929647665011e-44
12.519805949796487 9.083141867908462e-44
12.811724985904382 8.87617973629762e-44
13.110450575083778 8.673933299016834e-44
13.416141422862523 8.476295107578815e-44
13.72895993523834 8.283160161740163e-44
14.04907230496112 8.094425853717488e-44
14.37664859982702 7.909991913674732e-44
14.711862853031292 7.729760356452404e-44
15.054893155627816 7.553635429510682e-44
15.405921751144481 7.381523562058651e-44
15.765135132404664 7.213333315342574e-44
16.132724140606275 7.048975334066915e-44
16.50888406671095 6.888362298922175e-44
16.89381475519735 6.731408880194488e-44
17.287720710233557 6.578031692432111e-44
17.690811204325115 6.428149250144955e-44
18.103300389496336 6.281681924513427e-44
18.52540741106398 6.138551901083706e-44
18.957356524063755 5.9986831384269405e-44
19.399377212391464 5.862001327740413e-44
19.85170431072216 5.728433853369168e-44
20.314578129271972 5.597909754227194e-44
20.788244581469023 5.470359686097613e-44
21.272955314601134 5.345715884791873e-44
21.76896784350983 5.223912130148389e-44
22.27654568740161 5.104883710851419e-44
22.79595850984919 4.988567390051635e-44
23.327482262057103 4.874901371769984e-44
23.871399329467756 4.763825268067046e-44
24.427998681785848 4.655280066960453e-44
24.997576026500827 4.549208101073344e-44
25.580433965988984 4.445553016997116e-44
26.176882158278623 4.344259745352313e-44
26.787237481563718 4.245274471531642e-44
27.411824202553472 4.1485446071096223e-44
28.050974148747212 4.054018761903712e-44
28.705026884726152 3.96164671667197e-44
29.374329892555654 3.8713793964328526e-44
30.05923875639388 3.783168844392897e-44
30.760117351404876 3.696968196468509e-44
31.477338037076432 3.612731656388209e-44
32.21128185504559 3.53041447136227e-44
32.962338731536356 3.449972908306671e-44
33.730907684518286 3.371364230608766e-44
34.51739703569462 3.2945466754224416e-44
35.322224627433556 3.2194794314805445e-44
36.14581804475762 3.1461226174128625e-44
36.98861484250899 3.074437260558178e-44
37.851062777811606 3.0043852762590405e-44
38.733620047953465 2.9359294476283525e-44
39.63675553381552 2.8690334057769626e-44
40.5609490489765 2.8036616104917865e-44
41.506691594626034 2.7397793313541797e-44
42.47448562042145 2.677352629288512e-44
43.46484529142686 2.616348338531213e-44
44.4782967612764 2.55673404901061e-44
45.515378451706574 2.4984780891282597e-44
46.576641338606535 2.441549508932628e-44
47.66264924473788 2.3859180636761476e-44
48.773979139279795 2.3315541977469333e-44
49.911221444358546 2.278429028966621e-44
51.07498034872413 2.2265143332459795e-44
52.265874128740876 2.1757825295901715e-44
53.48453547686238 2.1262066654456278e-44
54.731611837765406 2.077760402380852e-44
56.00776575232122 2.0304180020934494e-44
57.31367520958723 1.9841543127360097e-44
58.650034007005786 1.938944755553561e-44
60.017552119001664 1.8947653118254748e-44
61.416956074173925 1.85159251010493e-44
62.84898934128261 1.8094034137491021e-44
64.31441272423535 1.7681756087335034e-44
65.81400476628369 1.7278871917439615e-44
67.34856216364385 1.6885167585399362e-44
68.91890018876182 1.6500433925829738e-44
70.52585312344742 1.6124466539242657e-44
72.17027470210763 1.57570656834542e-44
73.8530385653146 1.5398036167466438e-44
75.57503872394936 1.504718724776733e-44
77.33719003416762 1.4704332526993413e-44
79.14042868344033 1.4369289854901553e-44
80.98571268792693 1.4041881231596902e-44
82.87402240144569 1.372193271296613e-44
84.80636103631147 1.3409274318265067e-44
86.78375519631766 1.3103739939812228e-44
88.80725542214539 1.2805167254739933e-44
90.8779367494899 1.2513397638756069e-44
92.99689928020044 1.222827608187109e-44
95.16526876673713 1.1949651106044905e-44
97.38419721025556 1.167737468471041e-44
99.6548634726365 1.1411302164130634e-44
101.97847390278609 1.1151292186547761e-44
104.35626297753925 1.0897206615083308e-44
106.78949395750668 1.0648910460349294e-44
109.27945955821409 1.0406271808731901e-44
111.82748263689002 1.0169161752308833e-44
114.43491689526716 9.937454320363893e-45
117.10314759877073 9.711026412461754e-45
119.8335923124757 9.48975773304776e-45
122.62770165422418 9.273530727537947e-45
125.4869600653028 9.062230519865064e-45
128.41288659908975 8.855744851447872e-45
131.40703572809028 8.653964021550879e-45
134.4709981697896 8.456780829003086e-45
137.6064017317617 8.264090515244626e-45
140.8149121764835 8.07579070867113e-45
144.09823410631301 7.891781370246243e-45
147.45811186910282 7.711964740353354e-45
150.89633048492877 7.536245286858305e-45
154.41471659442715 7.364529654355569e-45
158.01513942924367 7.196726614570792e-45
161.6995118051102 7.032747017893473e-45
165.46979113807643 6.872503746014018e-45
169.32798048443664 6.715911665639862e-45
173.27612960490418 6.562887583266338e-45
177.3163360535986 6.413350200977946e-45
181.45074629242436 6.26722007325683e-45
185.68155683143308 6.124419564775334e-45
190.01101539577502 5.98487280915024e-45
194.44142211985996 5.848505668636853e-45
198.9751307693619 5.715245694741466e-45
203.61454999171644 5.585022089731231e-45
208.36214459577587 5.4577656690211024e-45
213.2204368613011 5.33340882441775e-45
218.19200787898666 5.2118854882010226e-45
223.27949892173046 5.093131098023768e-45
228.48561284787684 4.9770825626115017e-45
233.81311553717836 4.863678228243515e-45
239.2648373602396 4.752857845997811e-45
244.8436746822229 4.64456253974234e-45
250.55259140161598 4.5387347748555587e-45
256.3946205248776 4.4353183276596946e-45
262.37286577779935 4.334258255550517e-45
268.49050325443824 4.235500867807677e-45
274.7507831044972 4.1389936970701547e-45
281.15703126004934 4.044685471461642e-45
287.7126512025234 3.9525260873510754e-45
294.4211257708895 3.862466582733801e-45
301.2860190120053 3.774459111219272e-45
308.3109780741064 3.6884569166114543e-45
315.4997351444457 3.6044143080684035e-45
322.8561094321127 3.52228663582785e-45
330.38400919708465 3.4420302674858874e-45
338.08743382658884 3.363602564816158e-45
345.970475959878 3.2869618611171974e-45
354.0373236625486 3.2120674390759746e-45
362.2922626515567 3.138879509135763e-45
370.7396785721134 3.067359188356941e-45
379.3840593276699 2.997468479759458e-45
388.22999746422977 2.9291702521359544e-45
397.28219261025527 2.8624282203248926e-45
406.54545397346374 2.797206925933124e-45
416.02470289584096 2.733471718497739e-45
425.7249754682287 2.6711887370771257e-45
435.6514252058753 2.6103248922614808e-45
445.8093257863709 2.5508478485932335e-45
456.2040738514225 2.4927260073880127e-45
466.841191873956 2.435928489947038e-45
477.72633109207 2.3804251211520517e-45
488.86527451139875 2.3261864134339926e-45
500.26393997748045 2.2731835511070068e-45
511.92838331976236 2.2213883750593698e-45
523.8648015689132 2.1707733677932488e-45
536.079536249153 2.1213116388053418e-45
548.5790767473477 2.0729769103006103e-45
561.3700637606607 2.0257435032315363e-45
574.4592928245908 1.9795863236554818e-45
587.8537179232724 1.9344808494028988e-45
601.560455183956 1.8904031170492992e-45
615.5867866576306 1.8473297091840842e-45
629.940164187797 1.805237741969454e-45
644.6282133694491 1.7641048529827806e-45
659.6587376003637 1.723909189336021e-45
675.039722226853 1.6846293960657993e-45
690.7793387861822 1.646244604788056e-45
706.885949347905 1.6087344226111865e-45
723.368110956425 1.5720789213017978e-45
740.2345801771418 1.5362586266973355e-45
757.4943177485981 1.5012545083599375e-45
775.1564933430986 1.467047969466038e-45
793.2304904383309 1.433620836926332e-45
811.7259113025749 1.400955351730858e-45
830.6525820961508 1.3690341595140783e-45
850.0205580918159 1.337840301334934e-45
869.8401290168822 1.3073572046669768e-45
890.1218245198946 1.2775686745937967e-45
910.8764197647733 1.2484588852050604e-45
932.1149411553916 1.2200123711885926e-45
953.848672193633 1.1922140196140505e-45
976.0891594740359 1.1650490619037854e-45
998.8482188182152 1.1385030659866612e-45
1022.1379415523157 1.112561928630664e-45
1045.9707009308356 1.0872118679501876e-45
1070.3591587102305 1.0624394160840689e-45
1095.3162718757928 1.0382314120404434e-45
1120.8552995253765 1.014574994704631e-45
1146.98980991363 9.914575960063516e-46
1173.7336876604738 9.688669342426094e-46
1201.1011411276565 9.467910075527377e-46
1229.1067099673062 9.252180875420988e-46
1257.7652728464884 9.04136713051083e-46
1287.0920553518754 8.835356840660736e-46
1317.1026380787234 8.634040557691584e-46
1347.812964908458 8.437311327234198e-46
1379.239351479266 8.245064631907076e-46
1411.3984938541882 8.057198335788977e-46
1444.3074773913293 7.873612630156521e-46
1477.9837858208825 7.694209980458361e-46
1512.445310533807 7.518895074497463e-46
1547.71036008708 7.347574771794075e-46
1583.797669930582 7.180158054102506e-46
1620.7264123607779 7.016555977055365e-46
1658.5162067064848 6.856681622909637e-46
1697.1871297521373 6.7004500543694016e-46
1736.7597264040865 6.547778269460785e-46
1777.255020605602 6.398585157435021e-46
1818.6945265063737 6.252791455676356e-46
1861.1002598924472 6.1103197075917316e-46
1904.4947498826687 5.9710942214600455e-46
1948.9010508978479 5.835041030218987e-46
1994.3427549090043 5.702087852168198e-46
2040.8440039711966 5.572164052567733e-46
2088.4295030496014 5.445200606111635e-46
2137.124533144652 5.321130060256426e-46
2186.9549647232075 5.1998864993852985e-46
2237.947271462894 5.081405509788731e-46
2290.1285443169163 4.965624145443098e-46
2343.5265059068115 4.852480894569003e-46
2398.169525250793 4.741915646951569e-46
2454.086632835509 4.6338696620054e-46
2511.3075360392254 4.528285537567113e-46
2569.8626349146184 4.42510717939903e-46
2629.783038339575 4.3242797713876725e-46
2691.100580544569 4.225749746421317e-46
2753.8478380254037 4.129464757931119e-46
2818.0581468502987 4.035373652080655e-46
2883.7656203705187 3.943426440589173e-46
2951.0051673439552 3.853574274174047e-46
3019.812510481288 3.765769416598355e-46
3090.2242054245785 3.6799652193098e-46
3162.2776601683795 3.596116096657488e-46
