# %ECSV 1.0
# ---
# datatype:
# - {name: mx, unit: MeV, datatype: float64}
# - {name: sigma_9, unit: cm2, datatype: float64}
# schema: astropy-2.0
mx sigma_9
3.162277660168379e-07 5.127546103829244e-39
3.2360111549336787e-07 5.095901045261503e-39
3.311463862505236e-07 5.0662415561215505e-39
3.388675869043115e-07 5.038517486869039e-39
3.4676881953794695e-07 5.0126779317552794e-39
3.548542818811901e-07 4.9886713543229686e-39
3.6312826954049566e-07 4.966445306678878e-39
3.715951782811629e-07 4.945945399953525e-39
3.8025950636269697e-07 4.927120377181656e-39
3.89125856928623e-07 4.9099113865421216e-39
3.9819894045202297e-07 4.8942625839244267e-39
4.0748357723809307e-07 4.880115521594409e-39
4.169846999850535e-07 4.867410375223206e-39
4.2670735640476865e-07 4.856084861972154e-39
4.3665671190447213e-07 4.8460773353160875e-39
4.4683805233101997e-07 4.8373207651018814e-39
4.572567867791303e-07 4.829748440544683e-39
4.6791845046510194e-07 4.823290929225271e-39
4.788287076675383e-07 4.817876592093626e-39
4.899933547366384e-07 4.8134315140764464e-39
5.014183231736547e-07 4.809879411377669e-39
5.131096827821533e-07 4.8071415943579644e-39
5.250736448927506e-07 4.805136846790639e-39
5.373165656630395e-07 4.8037814914495165e-39
5.4984494945446e-07 4.802989314933656e-39
5.626654522879044e-07 4.802671636378663e-39
5.757848853798981e-07 4.802737244930759e-39
5.892102187612295e-07 4.803092539883889e-39
6.029485849799565e-07 4.803641594838008e-39
6.17007282890752e-07 4.804286240398852e-39
6.313937815326057e-07 4.804926222045611e-39
6.461157240969403e-07 4.805459447280418e-39
6.611809319882495e-07 4.805782020504e-39
6.765974089794179e-07 4.8057886600236854e-39
6.923733454639272e-07 4.8053728799373355e-39
7.085171228072106e-07 4.804427333784842e-39
7.250373177994646e-07 4.8028442076597657e-39
7.419427072122865e-07 4.80051545041443e-39
7.592422724615558e-07 4.797333365175911e-39
7.769452043790388e-07 4.793190968056134e-39
7.950609080952509e-07 4.7879824674444503e-39
8.135990080361694e-07 4.781603840904905e-39
8.325693530364543e-07 4.773953242024252e-39
8.519820215718901e-07 4.764931645518189e-39
8.718473271138315e-07 4.754443388819585e-39
8.921758236084957e-07 4.7423967483866247e-39
9.12978311084014e-07 4.728704480804149e-39
9.342658413882192e-07 4.7132844187524804e-39
9.560497240602198e-07 4.696060153995705e-39
9.78341532338879e-07 4.67696131391531e-39
1.0011531093113902e-06 4.6559243828367474e-39
1.0244965742052174e-06 4.63289302776129e-39
1.048384328826741e-06 4.607818667157753e-39
1.0728290641500308e-06 4.580660753267083e-39
1.0978437670592484e-06 4.5513872857328495e-39
1.1234417272482566e-06 4.519975043482264e-39
1.149636544281106e-06 4.4864098725077286e-39
1.1764421348171486e-06 4.4506868519110554e-39
1.2038727400046132e-06 4.4128104402236144e-39
1.2319429330465773e-06 4.372794468032279e-39
1.2606676269433496e-06 4.3306621267142004e-39
1.2900620824153782e-06 4.286446020745441e-39
1.3201419160108953e-06 4.2401875996920016e-39
1.3509231084026028e-06 4.1919372780277457e-39
1.38242201287781e-06 4.141754058206927e-39
1.4146553640265304e-06 4.089704846448889e-39
1.447640286632156e-06 4.035864331012652e-39
1.4813943047694329e-06 3.980314311353444e-39
1.5159353511145682e-06 3.9231431121562194e-39
1.5512817764724183e-06 3.8644450367812536e-39
1.587452359525819e-06 3.8043196551098844e-39
1.6244663168122348e-06 3.74287116649588e-39
1.6623433129330315e-06 3.68020765408508e-39
1.7011034710007933e-06 3.616440428899424e-39
1.740767383330235e-06 3.551683220749582e-39
1.7813561223783898e-06 3.486051528531433e-39
1.8228912519398869e-06 3.419661913034117e-39
1.8653948386032614e-06 3.352631234867194e-39
1.908889463474389e-06 3.2850760555861874e-39
1.9533982341732686e-06 3.217111968005631e-39
1.9989447971105317e-06 3.1488530158174863e-39
2.045553350050195e-06 3.0804110858234076e-39
2.0932486549653353e-06 3.011895439619468e-39
2.1420560511935146e-06 2.943412194662969e-39
2.192001468898943e-06 2.8750639490212935e-39
2.2431114428485372e-06 2.8069493423956877e-39
2.2954131265091837e-06 2.739162783299839e-39
2.3489343064737076e-06 2.6717941475252487e-39
2.403703417223201e-06 2.6049285586073232e-39
2.4597495562335635e-06 2.5386462089756072e-39
2.5171024994342686e-06 2.4730222269485493e-39
2.575792717027583e-06 2.4081266003009878e-39
2.635851389676631e-06 2.3440241050292937e-39
2.6973104250709106e-06 2.280774326664706e-39
2.760202474878063e-06 2.2184316713944295e-39
2.8245609520908932e-06 2.157045437226805e-39
2.8904200487788716e-06 2.0966598966932204e-39
2.9578147542535346e-06 2.037314419710355e-39
3.026780873657441e-06 1.9790436091607743e-39
3.097355046986562e-06 1.9218774610892765e-39
3.1695747685562034e-06 1.8658415519516837e-39
3.2434784069208122e-06 1.8109571958225678e-39
3.319105225258239e-06 1.757241679060697e-39
3.3964954022292982e-06 1.704708449565347e-39
3.4756900533236943e-06 1.6533673310296203e-39
3.5567312527036693e-06 1.6032247507374152e-39
3.6396620555569646e-06 1.5542839351793144e-39
3.7245265209709786e-06 1.5065451496808773e-39
3.811369735340273e-06 1.4600059020617603e-39
3.900237836319859e-06 1.4146611568756095e-39
3.991178037336996e-06 1.3705035421751683e-39
4.0842386526745176e-06 1.3275235504077235e-39
4.179469123139017e-06 1.2857097328742394e-39
4.2769200423275275e-06 1.24504888740337e-39
4.376643183506652e-06 1.205526236131658e-39
4.478691527118417e-06 1.1671256008443395e-39
4.583119288927478e-06 1.1298295568874144e-39
4.689981948824612e-06 1.0936195950616562e-39
4.799336280301815e-06 1.0584762624537812e-39
4.911240380614659e-06 1.0243792978521261e-39
5.0257537016479225e-06 9.913077601880957e-40
5.142937081500915e-06 9.592401457500957e-40
5.262852776809252e-06 9.281544988381972e-40
5.385564495820272e-06 8.980285123460336e-40
5.511137432239651e-06 8.688396220229825e-40
5.639638299867211e-06 8.405650932502362e-40
5.771135368040315e-06 8.131820970360706e-40
5.905698497903673e-06 7.866677844706616e-40
6.043399179524854e-06 7.609993498357747e-40
6.184310569875183e-06 7.361540899186858e-40
6.32850753169624e-06 7.121094584742252e-40
6.47606667327258e-06 6.88843108113109e-40
6.627066389131828e-06 6.663329387466507e-40
6.781586901693754e-06 6.445571300629624e-40
6.939710303890459e-06 6.234941752829744e-40
7.101520602780329e-06 6.031229121946817e-40
7.267103764178904e-06 5.834225415254999e-40
7.436547758330399e-06 5.643726528915098e-40
7.609942606644117e-06 5.45953240842542e-40
7.787380429520604e-06 5.2814471858040995e-40
7.968955495292936e-06 5.10927929971353e-40
8.15476427030917e-06 4.942841586576371e-40
8.344905470182516e-06 4.781951354527235e-40
8.539480112236516e-06 4.626430416629931e-40
8.738591569173047e-06 4.476105132338913e-40
8.942345623991688e-06 4.330806414113245e-40
9.150850526189614e-06 4.190369719318641e-40
9.364217049271877e-06 4.054635039414491e-40
9.58255854960264e-06 3.923446880766756e-40
9.805991026628606e-06 3.796654181515036e-40
1.0034633184506672e-05 3.674110314156142e-40
1.0268606495168497e-05 3.555672999319043e-40
1.0508035262855554e-05 3.4412042447681215e-40
1.07530466901589e-05 3.330570287345487e-40
1.1003770945598772e-05 3.223641487496587e-40
1.1260341232779899e-05 3.1202922805990874e-40
1.1522893861159297e-05 3.020401074726963e-40
1.1791568318464117e-05 2.923850168892923e-40
1.206650734479802e-05 2.830525661997468e-40
1.2347857008475478e-05 2.7403173632456593e-40
1.263576678362426e-05 2.653118697711772e-40
1.293038962959737e-05 2.5688266147365014e-40
1.3231882072236462e-05 2.4873414937528338e-40
1.3540404287030327e-05 2.408567049871809e-40
1.3856120184212054e-05 2.3324102391755672e-40
1.4179197495840522e-05 2.258781175542143e-40
1.4509807864912299e-05 2.1875930186636555e-40
1.484812693655133e-05 2.1187619026011685e-40
1.5194334451324849e-05 2.052206835821229e-40
1.5548614340735104e-05 1.987849614338672e-40
1.5911154824937624e-05 1.925614736322008e-40
1.6282148512737936e-05 1.865429313581714e-40
1.6661792503919872e-05 1.8072229898756625e-40
1.7050288493959805e-05 1.750927858621685e-40
1.7447842881182494e-05 1.6964783825025466e-40
1.785466687641539e-05 1.643811314226109e-40
1.8270976615199758e-05 1.592865621490546e-40
1.869699327261814e-05 1.543582411804822e-40
1.91329431807992e-05 1.4959048601963738e-40
1.957905794916243e-05 1.4497781389341752e-40
2.003557458746648e-05 1.405149348110153e-40
2.0502735631726606e-05 1.3619674504339681e-40
2.0980789273068064e-05 1.3201832053574649e-40
2.1469989489583918e-05 1.2797491084772354e-40
2.1970596181267336e-05 1.2406193273601262e-40
2.2482875308090033e-05 1.2027496458286658e-40
2.3007099031300245e-05 1.1660974059864853e-40
2.354354585801526e-05 1.1306214527157904e-40
2.4092500789185385e-05 1.0962820804168535e-40
2.4654255471007912e-05 1.0630409825427793e-40
2.5229108349871537e-05 1.0308611993462076e-40
2.5817364830913554e-05 9.997070719812646e-41
2.641933744027406e-05 9.695441948516592e-41
2.7035345991133382e-05 9.403393712452694e-41
2.7665717753620915e-05 9.120605685644943e-41
2.8310787628685666e-05 8.84676877926917e-41
2.8970898326020842e-05 8.581584737363539e-41
2.964640054613707e-05 8.324765725796948e-41
3.033765316668089e-05 8.076033981494369e-41
3.104502343309761e-05 7.835121434388423e-41
3.176888715373972e-05 7.601769361108124e-41
3.25096288995246e-05 7.375728049834561e-41
3.326764220824756e-05 7.156756468838944e-41
3.4043329793658724e-05 6.944621956794124e-41
3.483710375941493e-05 6.739099925004514e-41
3.5649385818020195e-05 6.53997355379283e-41
3.648060751487119e-05 6.347033523839224e-41
3.73312104575266e-05 6.160077739149603e-41
3.820164655032238e-05 5.978911069993138e-41
3.90923782344573e-05 5.803345099932704e-41
4.0003878733676586e-05 5.633197882317504e-41
4.093663230568398e-05 5.468293712186652e-41
4.1891134499415887e-05 5.308462898428045e-41
4.2867892418314344e-05 5.153541548670287e-41
4.386742498973848e-05 5.003371361320813e-41
4.489026324065786e-05 4.857799425448106e-41
4.5936950579773975e-05 4.716678026459245e-41
4.700804308621986e-05 4.579864463047555e-41
4.8104109804991236e-05 4.4472208648663594e-41
4.922573304926602e-05 4.3186140134151157e-41
5.0373508709772956e-05 4.193915222033753e-41
5.154804657137365e-05 4.073000082125778e-41
5.27499706370262e-05 3.9557484024723735e-41
5.397991945930254e-05 3.8420440150281375e-41
5.5238546479635675e-05 3.731774641649032e-41
5.6526520375476976e-05 3.6248317555871057e-41
5.784452541554797e-05 3.521110449363615e-41
5.9193261823375433e-05 3.420509309153919e-41
6.057344614930286e-05 3.3229302868114194e-41
6.198581165117595e-05 3.228278588003535e-41
6.34311086839044e-05 3.136462552267138e-41
6.491010509810695e-05 3.0473935480075477e-41
6.642358664805138e-05 2.960985863922367e-41
6.797235740910648e-05 2.877156606156449e-41
6.955724020492732e-05 2.7958256028459536e-41
7.117907704460117e-05 2.716915307599355e-41
7.283872956998614e-05 2.640350708831802e-41
7.453707951348025e-05 2.5660592416079135e-41
7.627502916646401e-05 2.4939707032928304e-41
7.805350185866558e-05 2.4240171711740167e-41
7.987344244870308e-05 2.3561329240730684e-41
8.173581782606456e-05 2.2902543675997517e-41
8.364161742479263e-05 2.2263199590707873e-41
8.559185374914618e-05 2.1642701375218385e-41
8.758756291151902e-05 2.1040472567456733e-41
8.96298051829007e-05 2.045595518600847e-41
9.17196655561724e-05 1.988860911044522e-41
9.385825432253677e-05 1.9337911453257485e-41
9.604670766138824e-05 1.8803355984970245e-41
9.828618824393714e-05 1.8284452563115734e-41
0.00010057788585090809 1.7780726587221745e-41
0.00010292301800464121 1.7291718469670784e-41
0.00010532283061593165 1.6816983123744433e-41
0.00010777859864595113 1.6356089476736926e-41
0.00011029162678360347 1.590861999364073e-41
0.00011286325013867351 1.547417022326658e-41
0.00011549483495113791 1.5052348347384925e-41
0.00011818777931701482 1.4642774767800713e-41
0.0001209435139311377 1.424508168729998e-41
0.00012376350284724815 1.3858912712002625e-41
0.00012664924425581149 1.3483922486671121e-41
0.00012960227127996844 1.311977629061511e-41
0.00013262415279004548 1.2766149715074897e-41
0.00013571649423705693 1.2422728302954413e-41
0.0001388809385056415 1.2089207227301715e-41
0.00014211916678688624 1.1765290952976915e-41
0.00014543289947150178 1.1450692952552971e-41
0.0001488238970638237 1.1145135387523411e-41
0.00015229396111712465 1.0848348836502687e-41
0.00015584493519073535 1.0560072011622528e-41
0.00015947870582948208 1.0280051489732531e-41
0.00016319720356596128 1.0008041462633398e-41
0.00016700240394618395 9.74380348316991e-42
0.00017089632857913436 9.48710622863039e-42
0.000174881046210801 9.237725273035267e-42
0.00017895867382325032 8.99544286333269e-42
0.0001831313777593269 8.760047708371483e-42
0.00018740137487357792 8.531334773561205e-42
0.00019177093371001327 8.309105084930714e-42
0.000196242375707327 8.093165538730171e-42
0.00020081807643222024 7.883328721237268e-42
0.00020550046684148122 7.679412732033189e-42
0.0002102920345734925 7.481241018952271e-42
0.0002151953252698519 7.28864221557761e-42
0.00022021294392780895 7.101449987059624e-42
0.00022534755628423554 6.919502881926327e-42
0.0002306018902318662 6.74264418976576e-42
0.00023597873726856003 6.570721804974654e-42
0.0002414809539803547 6.403588094994666e-42
0.0002471114635590999 6.241099775129987e-42
0.00025287325735547713 6.08311778696705e-42
0.00025876939646823026 5.929507182849184e-42
0.00026480301337045197 5.78013701303495e-42
0.000270977313573789 5.6348802183684277e-42
0.00027729557733145163 5.493613526151463e-42
0.00028376116138093086 5.356217349970777e-42
0.0002903775007273506 5.222575691923564e-42
0.00029714811046840066 5.092576048957071e-42
0.00030407658766182135 4.966109321357562e-42
0.00031116661323643183 4.843069723915247e-42
0.0003184219539477161 4.7233546995197454e-42
0.00032584646437900766 4.606864834520911e-42
0.00033344408898933415 4.493503776845915e-42
0.0003412188642090111 4.3831781546815254e-42
0.0003491749205840977 4.2757974984680097e-42
0.0003573164849708539 4.171274162265087e-42
0.0003656478827813646 4.069523248663391e-42
0.0003741735402815245 3.970462533617329e-42
0.0003828979869426037 3.874012393167987e-42
0.000391825857847644 3.780095731050521e-42
0.000400961896153964 3.688637907580559e-42
0.0004103109556130814 3.5995666696523976e-42
0.0004198780031493915 3.512812081589338e-42
0.00042966812149897106 3.4283064572646185e-42
0.000439686511909911 3.345984293073944e-42
0.0004499384969056106 3.2657822019532677e-42
0.00046042952311250296 3.187638848395818e-42
0.0004711651641537129 3.111494884617437e-42
0.00048215112361018567 3.037292887586741e-42
0.0004933932380508582 2.9649772975125165e-42
0.0005048974801334842 2.894494357022384e-42
0.0005166699617777604 2.8257920523105826e-42
0.0005287169374124361 2.7588200548189263e-42
0.0005410448072981404 2.6935296648372795e-42
0.0005536601209276797 2.6298737563114724e-42
0.0005665695805056229 2.5678067230986446e-42
0.0005797800445090163 2.5072844267021633e-42
0.0005932985313311235 2.4482641453327217e-42
0.000607132223010125 2.3907045247089016e-42
0.0006212884690447563 2.3345655299854882e-42
0.0006357747902989163 2.279808399119394e-42
0.0006505988829973161 2.2263955980029143e-42
0.0006657686228142928 2.174290776512133e-42
0.0006812920690579615 2.123458726330275e-42
0.0006971774689519261 2.073865340093483e-42
0.0007134332620168255 2.025477571922801e-42
0.0007300680845540431 1.978263399387893e-42
0.0007470907742339592 1.932191786820828e-42
0.0007645103747911887 1.8872326499888607e-42
0.0007823361408292924 1.8433568219805696e-42
0.00080057754273752 1.8005360204824103e-42
0.0008192442717221943 1.7587428160974938e-42
0.0008383462449554094 1.717950601913467e-42
0.0008578936108437789 1.6781335642861054e-42
0.0008778967544200344 1.6392666546934357e-42
0.000898366302860337 1.601325562711286e-42
0.0009193131311302326 1.5642866900605304e-42
0.0009407483677622533 1.52812712565499e-42
0.000962683400768232 1.4928246216437837e-42
0.000985129883689471 1.458357570378393e-42
0.0010080997417879817 1.4247049822933548e-42
0.0010316051783820807 1.3918464646693096e-42
0.0010556586813297128 1.359762201245162e-42
0.0010802730296629402 1.3284329326488841e-42
0.001105461300377127 1.2978399376078201e-42
0.0011312368753784248 1.2679650149045799e-42
0.0011576134485932472 1.238790466046165e-42
0.0011846050332435167 1.2102990786206693e-42
0.0012122259692915415 1.1824741103167344e-42
0.0012404909310584848 1.1552992735785946e-42
0.0012694149350204683 1.1287587208655471e-42
0.0012990133477864558 1.1028370304919767e-42
0.0013293018942621524 1.0775191930157326e-42
0.001360296666004259 1.0527905981600987e-42
0.001392014129769518 1.0286370222439265e-42
0.0014244711362630968 1.0050446160991489e-42
0.0014576849290909482 9.819998934505879e-43
0.0014916731539209149 9.5948971973898e-43
0.0015264538678574353 9.375013013677025e-43
0.0015620455490348386 9.160221753565628e-43
0.0015984671064343198 8.950401993842576e-43
0.0016357378899298156 8.74543542199999e-43
0.0016738777005681136 8.545206743893542e-43
0.0017129068010886602 8.349603594791919e-43
0.0017528459266886532 8.158516453675412e-43
0.00179371629603914 7.971838560626296e-43
0.0018355396225579732 7.789465837175015e-43
0.0018783381259456144 7.611296809484358e-43
0.0019221345439899109 7.437232534249798e-43
0.001966952144646121 7.267176527186825e-43
0.0020128147383986056 7.1010346939980465e-43
0.002059746690910748 6.938715263720138e-43
0.0021077729359698315 6.7801287243447775e-43
0.0021569189887337423 6.625187760613514e-43
0.002207210959286545 6.473807193900121e-43
0.0022586755665101248 6.325903924093044e-43
0.0023113401522792685 6.181396873390409e-43
0.0023652326959877285 6.040206931931456e-43
0.0024203818294129824 5.902256905189965e-43
0.0024768168519275916 5.7674714630546074e-43
0.002534567746065232 5.635777090530239e-43
0.0025936651934496745 5.5071020399951435e-43
0.0026541405910951734 5.381376284950469e-43
0.0027160260680869266 5.258531475204712e-43
0.0027793545026504624 5.138500893436241e-43
0.002844159539619031 5.0212194130799596e-43
0.0029104756083082714 4.90662345748815e-43
0.0029783379408076585 4.7946509603157755e-43
0.0030477825906984404 4.685241327084687e-43
0.0031188464522080173 4.578335397882249e-43
0.0031915672798109355 4.473875411152274e-43
0.0032659837082868936 4.3718049685382695e-43
0.003342135273246469 4.272069000740361e-43
0.0034200624321353945 4.174613734349749e-43
0.0034998065857286074 4.079386659625322e-43
0.0035814101001254554 3.986336499179461e-43
0.003664916329257761 3.895413177540954e-43
0.0037503696379226933 3.806567791564667e-43
0.0038378154253526898 3.719752581658879e-43
0.003927300149334948 3.6349209038025024e-43
0.004018871350893299 3.5520272023254307e-43
0.00411257767954558 3.4710269834267404e-43
0.004208468919149921 3.3918767894062424e-43
0.004306596014353682 3.3145341735860337e-43
0.004407011097659079 3.2389576758997877e-43
0.004509767517119906 3.1651067991282424e-43
0.004614919864684026 3.0929419857603493e-43
0.004722524005196735 3.022424595460437e-43
0.004832637106080367 2.9535168831223817e-43
0.004945317667705937 2.8861819774926627e-43
0.005060625554472947 2.8203838603449135e-43
0.005178622026613854 2.7560873461890847e-43
0.005299369772740128 2.6932580624992605e-43
0.005422932943147155 2.6318624304445146e-43
0.0055493771838957115 2.571867646107991e-43
0.00567876967168809 2.5132416621798436e-43
0.005811179149557424 2.4559531701102197e-43
0.0059466759633891655 2.3999715827089892e-43
0.006085332099294114 2.3452670171794807e-43
0.006227221221852859 2.2918102785737614e-43
0.006372418713251954 2.2395728436576455e-43
0.006521001713332612 2.1885268451739235e-43
0.006673049160573193 2.1386450564926848e-43
0.006828641834027273 2.0899008766381167e-43
0.006987862396239558 2.04226831568137e-43
0.00715079543716245 1.9957219804895285e-43
0.007317527519096606 1.950237060821067e-43
0.007488147222679345 1.905789315758433e-43
0.007662745193945353 1.8623550604687185e-43
0.007841414192484688 1.819911153283752e-43
0.008024249140723652 1.7784349830910817e-43
0.008211347174354735 1.737904457027765e-43
0.008402807693942412 1.6982979884689396e-43
0.008598732417732204 1.6595944853035978e-43
0.008799225435691074 1.6217733384900731e-43
0.009004393264807849 1.5848144108840286e-43
0.009214344905683071 1.548698026332026e-43
0.009429191900438323 1.513404959023794e-43
0.009649048391975805 1.47891642309671e-43
0.009874031184619632 1.4452140624860764e-43
0.010104259806171096 1.4122799410149935e-43
0.01033985657141083 1.3800965327178327e-43
0.010580946647081629 1.348646712391465e-43
0.010827658118386449 1.317913746368559e-43
0.011080122057036918 1.2878812835074679e-43
0.011338472590888495 1.258533346393324e-43
0.01160284697519928 1.22985432274512e-43
0.01187338566555036 1.2018289570237816e-43
0.012150232392466372 1.1744423422362308e-43
0.012433534237775993 1.1476799119307118e-43
0.01272344171275288 1.1215274323786783e-43
0.013020108838078586 1.0959709949387602e-43
0.013323693225669961 1.0709970085983553e-43
0.013634356162414448 1.0465921926885803e-43
0.013952262695857842 1.0227435697684058e-43
0.014277581721889965 9.99438458673895e-44
0.014610486074474885 9.766644677285892e-44
0.014951152617473332 9.544094881111977e-44
0.015299762338606094 9.326616873768082e-44
0.015656500445608335 9.11409503127998e-44
0.016021556464625875 8.906416368322321e-44
0.016395124340905766 8.703470477821212e-44
0.016777402541834602 8.505149471951146e-44
0.017168594162379338 8.311347924493639e-44
0.01756890703298664 8.121962814525023e-44
0.017978553829998065 7.936893471402461e-44
0.01839775218863974 7.756041521017222e-44
0.01882672481864659 7.579310833285707e-44
0.01926569962258253 7.406607470848991e-44
0.019714909816919448 7.237839638952559e-44
0.020174594055939365 7.072917636478685e-44
0.02064499655852557 6.911753808104345e-44
0.021126367237910063 6.754262497558464e-44
0.021618961834446313 6.600360001952833e-44
0.02212304205147776 6.44996452716152e-44
0.022638875694374342 6.302996144224593e-44
0.0231667368128109 6.159376746752098e-44
0.02370690584636297 6.019030009305124e-44
0.024259669773497434 5.881881346731279e-44
0.024825322264037063 5.747857874432358e-44
0.025404163835180054 5.616888369542698e-44
0.025996502011157406 5.488903232996891e-44
0.026602651486612925 5.363834452466631e-44
0.027222934293792744 5.241615566146125e-44
0.027857679973633073 5.122181627366858e-44
0.02850722575083718 5.005469170022301e-44
0.02917191671303455 4.891416174783921e-44
0.029852105994117403 4.779962036090262e-44
0.030548154961852016 4.67104752989125e-44
0.031260433409864494 4.564614782130227e-44
0.031989319754103004 4.460607237946872e-44
0.0327352012338808 4.358969631584316e-44
0.03349847411760691 4.259647956984134e-44
0.034279543913313774 4.162589439053649e-44
0.03507882558409363 4.06774250558983e-44
0.03589674376855814 3.9750567598448373e-44
0.03673373300643846 3.8844829537183933e-44
0.037590237969445384 3.795972961562663e-44
0.038466713697512506 3.709479754585442e-44
0.03936362584054766 3.624957375838082e-44
0.04028145090582124 3.5423609157746334e-44
0.04122067651112274 3.461646488369077e-44
0.04218180164382002 3.3827712077779397e-44
0.043165336925959 3.305693165535736e-44
0.044171804885544536 3.2303714082710074e-44
0.04520174023414663 3.1567659159310535e-44
0.046255690150979495 3.0848375805037145e-44
0.047334214573604344 3.0145481852247813e-44
0.048437886495410414 2.9458603842599744e-44
0.04956729227003216 2.878737682850529e-44
0.05072303192286451 2.813144417911895e-44
0.051905719469841495 2.749045739075095e-44
0.05311598324364777 2.68640759016064e-44
0.05435446622753626 2.625196691075114e-44
0.05562182639692926 2.5653805201207587e-44
0.056918737068984544 2.506927296708613e-44
0.058245887260312136 2.4498059644659615e-44
0.05960398205303182 2.393986174729127e-44
0.06099374296936585 2.3394382704127325e-44
0.06241590835496589 2.2861332702468965e-44
0.06387123377117784 2.2340428533738979e-44
0.06536049239645289 2.1831393442961367e-44
0.06688447543711816 2.1333956981673524e-44
0.06844399254772507 2.084785486419239e-44
0.0700398722611988 2.0372828827158411e-44
0.0716729624290174 1.9908626492281946e-44
0.07334413067165428 1.9455001232219527e-44
0.07505426483952363 1.90117120395078e-44
0.07680427348467332 1.8578523398486347e-44
0.07859508634347626 1.815520516014002e-44
0.08042765483057629 1.7741532419795027e-44
0.08230295254435131 1.7337285397603247e-44
0.08422197578416211 1.694224932175112e-44
0.08618574407966152 1.6556214314331206e-44
0.08819530073244539 1.6178975279815133e-44
0.09025171337033296 1.581033179606924e-44
0.09235607451457113 1.5450088007854492e-44
0.09450950216026408 1.509805252275384e-44
0.09671314037033632 1.4754038309472145e-44
0.09896815988334524 1.4417862598454205e-44
0.10127575873546546 1.408934678476783e-44
0.10363716289697593 1.3768316333200888e-44
0.10605362692358762 1.3454600685521318e-44
0.10852643462295801 1.3148033169850794e-44
0.11105689973674641 1.2848450912104255e-44
0.11364636663857243 1.2555694749447628e-44
0.11629621104824843 1.2269609145728176e-44
0.1190078407626656 1.1990042108832318e-44
0.12178269640372161 1.1716845109926781e-44
0.12462225218368743 1.1449873004540465e-44
0.1275280166884199 1.1188983955444928e-44
0.13050153367883624 1.0934039357292321e-44
0.1335443829110759 1.0684903762970918e-44
0.13665818097578622 1.0441444811639006e-44
0.13984458215697693 1.0203533158398835e-44
0.14310527931090045 9.971042405573282e-45
0.14644200476542463 9.743849035548641e-45
0.14985653124037576 9.5218323451479e-45
0.15335067278934078 9.30487438149963e-45
0.1569262857634292 9.092859879368202e-45
0.1605852697975066 8.885676199912334e-45
0.16432956881942368 8.683213270839151e-45
0.16816117208277714 8.485363527921977e-45
0.172082115223751 8.292021857850971e-45
0.1760944813425998 8.103085542386015e-45
0.1802004021103484 7.918454203782207e-45
0.18440205890129596 7.738029751459098e-45
0.18870168395192646 7.561716329885055e-45
0.1931015615468407 7.389420267649374e-45
0.1976040292323402 7.221050027694829e-45
0.20221147905830805 7.056516158684324e-45
0.20692635884904578 6.89573124747576e-45
0.21175117350374192 6.738609872679804e-45
0.2166884863272632 6.585068559276084e-45
0.22174092039197504 6.435025734263436e-45
0.22691115993131514 6.288401683320755e-45
0.23220195176586036 6.145118508455475e-45
0.2376161067626448 6.005100086617042e-45
0.24315650132850383 5.868272029253488e-45
0.24882607893823822 5.734561642789566e-45
0.25462785169840935 5.6038978900054475e-45
0.2605649019475973 5.4762113522954875e-45
0.26664038389397104 5.35143419278695e-45
0.27285752529104135 5.229500120299172e-45
0.2792196291524867 5.110344354123916e-45
0.2857300755069626 4.993903589608295e-45
0.2923923231938275 4.880115964521916e-45
0.2992099117007387 4.768921026190385e-45
0.3061864630440946 4.660259699377724e-45
0.31332568369332287 4.554074254900637e-45
0.32063136654003577 4.450308278957905e-45
0.3281073929131 4.34890664315867e-45
0.3357577346406907 4.2498154752336625e-45
0.343586456160426 4.152982130413761e-45
0.3515977166787018 4.0583551634607865e-45
0.359795772380376 3.9658843013355246e-45
0.368184978689974 3.875520416488615e-45
0.3767697925856183 3.787215500759959e-45
0.38555477496691104 3.7009226398728986e-45
0.394544593078027 3.6165959885095475e-45
0.4037440229873054 3.534190745954073e-45
0.4131579521246571 3.453663132290908e-45
0.42279138187813525 3.3749703651454016e-45
0.43264943025104924 3.298070636954363e-45
0.4427373345810337 3.22292309275454e-45
0.4530604543225162 3.149487808477243e-45
0.4636242738940635 3.0777257697374703e-45
0.47443440559211736 3.007598851106418e-45
0.48549659257266914 2.939069795856188e-45
0.4968167119024568 2.872102196166122e-45
0.5084007776813051 2.806660473780075e-45
0.5202549442372687 2.7427098611044405e-45
0.5323855093962742 2.6802163827369128e-45
0.5447989178279997 2.6191468374160653e-45
0.557501764469769 2.5594687803822525e-45
0.5705007980302781 2.5011505061404236e-45
0.5838029245750183 2.4441610316156928e-45
0.5974152111952977 2.3884700796927246e-45
0.6113448897628128 2.334048063130169e-45
0.6255993607717623 2.2808660688416347e-45
0.6401861972705483 2.228895842534805e-45
0.6551131488851486 2.17810977370059e-45
0.6703881459363026 2.1284808809442685e-45
0.686019303652694 2.079982797650907e-45
0.7020149264823721 2.0325897579773686e-45
0.7183835125046995 1.986276583163522e-45
0.7351337579451718 1.9410186681553465e-45
0.7522745617955077 1.89679196853282e-45
0.7698150305414633 1.8535729877357018e-45
0.7877644830008832 1.811338764580334e-45
0.8061324552745581 1.7700668610609143e-45
0.8249287058125218 1.729735350428703e-45
0.8441632205984669 1.6903228055428662e-45
0.8638462184550629 1.6518082874867142e-45
0.8839881564729563 1.6141713344433753e-45
0.9045997355663667 1.5773919508249033e-45
0.9256919061582187 1.541450596649098e-45
0.9472758739978306 1.506328177158369e-45
0.9693631061142522 1.472006032675156e-45
0.9919653369084147 1.4384659286884786e-45
1.0150945743873274 1.4056900461663735e-45
1.0387631065436362 1.3736609720890785e-45
1.0629835078839296 1.3423616901978969e-45
1.0877686461092637 1.3117755719548822e-45
1.1131316889514546 1.2818863677084813e-45
1.1390861111687691 1.2526781980604937e-45
1.16564570170473 1.2241355454297248e-45
1.1928245710138414 1.1962432458078716e-45
1.2206371585581264 1.1689864807032449e-45
1.2490982404784545 1.1423507692680703e-45
1.2782229374447416 1.1163219606051585e-45
1.3080267226891875 1.0908862262498713e-45
1.3385254302268237 1.0660300528234065e-45
1.369735263267732 1.0417402348534555e-45
1.4016728028254128 1.018003867758459e-45
1.4343550165258654 9.948083409917146e-46
1.4677992676220706 9.721413313417061e-46
1.5020233242186567 9.499907963850728e-46
1.5370453687116559 9.283449680887675e-46
1.5728840074483612 9.07192346557985e-46
1.6095582806124205 8.8652169392655e-46
1.6470876723394143 8.6632202838651e-46
1.6854921210682972 8.465826183537678e-46
1.7247920301341966 8.27292976766659e-46
1.7650082786082029 8.084428555144289e-46
1.8061622323899016 7.900222399926547e-46
1.848275755558551 7.720213437827421e-46
1.8913712219889245 7.544306034526321e-46
1.935471527238 7.372406734759903e-46
1.9806001007088037 7.204424212671492e-46
2.0267809180978715 7.040269223291963e-46
2.0740385141329463 6.879854555126028e-46
2.1223979956076717 6.723094983818937e-46
2.171885054720213 6.569907226878869e-46
2.222525982722885 6.420209899430941e-46
2.274347683890048 6.273923470979462e-46
2.327377689811681 6.130970223155326e-46
2.3816441740202396 5.9912742084261375e-46
2.437175966958554 5.854761209747152e-46
2.4940025712967335 5.721358701131603e-46
2.552154177606206 5.590995809119406e-46
2.611661680399223 5.46360327512383e-46
2.6725566945423505 5.33911341863612e-46
2.7348715720526675 5.2174601012685215e-46
2.7986394192855935 5.0985786916165544e-46
2.863894114523477 4.982406030921924e-46
2.9306703259742912 4.868880399517887e-46
2.999003530189995 4.757941484039053e-46
3.068930030914351 4.6495303453783985e-46
3.1404869783702067 4.543589387374364e-46
3.21371238899649 4.440062326211447e-46
3.2886451656454048 4.338894160517979e-46
3.3653251182505572 4.2400311421452565e-46
3.443792984976987 4.143420747612475e-46
3.5240904538643507 4.049011650202288e-46
3.6062601849747473 3.956753692692195e-46
3.6903458330569543 3.8665978607072615e-46
3.77639207073912 3.778496256679941e-46
3.8644446122622242 3.692402074403323e-46
3.9545502377669295 3.608269574164132e-46
4.046756818146711 3.526054058442346e-46
4.141113340480481 3.4457118481644985e-46
4.237669934058216 3.367200259498079e-46
4.336477897013409 3.2904775811746485e-46
4.437589723576497 3.2155030523296864e-46
4.541059131963759 3.1422368408473302e-46
4.646941092916466 3.070640022198573e-46
4.755291858905486 3.0006745587616064e-46
4.866168994016832 2.93230327961338e-46
4.979631404534034 2.865489860781605e-46
5.0957393702336 2.800198805946708e-46
5.214554576410165 2.736395427583546e-46
5.336140146648369 2.6740458285327365e-46
5.4605606763588606 2.6131168839919786e-46
5.587882267096237 2.5535762239176164e-46
5.718172561677172 2.495392215827276e-46
5.851500780117376 2.4385339479942757e-46
5.987937756406471 2.3829712130250103e-46
6.127555976140354 2.3286744918104892e-46
6.270429615030991 2.2756149378435824e-46
6.416634578314149 2.2237643618935646e-46
6.566248541075969 2.1730952170298838e-46
6.719350989519823 2.123580583987157e-46
6.87602326319537 2.075194156863614e-46
7.036348598212252 2.027910229145451e-46
7.200412171461376 1.981703680049558e-46
7.368301145867304 1.9365499611774966e-46
7.540104716695753 1.8924250834735218e-46
7.715914158940838 1.8493056044798014e-46
7.8958228758172275 1.80716861588201e-46
8.07992644838296 1.765991731338713e-46
8.2683226863193 1.7257530745880425e-46
8.461111679894604 1.6864312678254018e-46
8.658395853139817 1.6480054203459439e-46
8.860280018263818 1.6104551174458676e-46
9.066871431337571 1.573760409576586e-46
9.278279849276613 1.537901801746022e-46
9.494617588152204 1.5028602431614075e-46
9.715999582862075 1.4686171171080581e-46
9.942543448192506 1.4351542310587757e-46
10.17436954130415 1.4024538070086147e-46
10.411601025674827 1.3704984720298542e-46
10.654363936533231 1.339271249042203e-46
10.902787247818345 1.3087555477932845e-46
11.157002940700098 1.278935156044657e-46
11.417146073697703 1.2497942309586407e-46
11.683354854432924 1.2213172906814162e-46
11.955770713056356 1.1934892061178959e-46
12.234538377385784 1.16629519289401e-46
12.519805949796487 1.13972080350213e-46
12.811724985904382 1.1137519196254715e-46
13.110450575083778 1.0883747446373736e-46
13.416141422862523 1.0635757962714944e-46
13.72895993523834 1.039341899459025e-46
14.04907230496112 1.015660179329078e-46
14.37664859982702 9.925180543686187e-47
14.711862853031292 9.69903229738184e-47
15.054893155627816 9.478036907399625e-47
15.405921751144481 9.262076964346727e-47
15.765135132404664 9.051037734038924e-47
16.132724140606275 8.844807096545153e-47
16.50888406671095 8.643275486620945e-47
16.89381475519735 8.446335835499158e-47
17.287720710233557 8.25388351400693e-47
17.690811204325115 8.065816276978836e-47
18.103300389496336 7.882034208936528e-47
18.52540741106398 7.702439671006068e-47
18.957356524063755 7.526937249044927e-47
19.399377212391464 7.355433702950677e-47
19.85170431072216 7.187837917124874e-47
20.314578129271972 7.024060852065633e-47
20.788244581469023 6.864015497063081e-47
21.272955314601134 6.707616823972729e-47
21.76896784350983 6.554781742042168e-47
22.27654568740161 6.405429053766894e-47
22.79595850984919 6.2594794117522205e-47
23.327482262057103 6.116855276557851e-47
23.871399329467756 5.97748087550317e-47
24.427998681785848 5.841282162411001e-47
24.997576026500827 5.708186778268796e-47
25.580433965988984 5.578124012786021e-47
26.176882158278623 5.451024766827539e-47
26.787237481563718 5.326821515702966e-47
27.411824202553472 5.2054482732924035e-47
28.050974148747212 5.08684055698974e-47
28.705026884726152 4.970935353444565e-47
29.374329892555654 4.857671085084753e-47
30.05923875639388 4.746987577401823e-47
30.760117351404876 4.638826026981696e-47
31.477338037076432 4.533128970263913e-47
32.21128185504559 4.429840253012646e-47
32.962338731536356 4.3289050004833677e-47
33.730907684518286 4.2302695882692043e-47
34.51739703569462 4.1338816138116505e-47
35.322224627433556 4.0396898685603905e-47
36.14581804475762 3.947644310767433e-47
36.98861484250899 3.8576960389011833e-47
37.851062777811606 3.7697972656662614e-47
38.733620047953465 3.683901292615292e-47
39.63675553381552 3.59996248533918e-47
40.5609490489765 3.51793624922266e-47
41.506691594626034 3.437779005752303e-47
42.47448562042145 3.3594481693643024e-47
43.46484529142686 3.2829021248198366e-47
44.4782967612764 3.2081002050959063e-47
45.515378451706574 3.1350026697799546e-47
46.576641338606535 3.0635706839567663e-47
47.66264924473788 2.9937662975764374e-47
48.773979139279795 2.9255524252924626e-47
49.911221444358546 2.858892826759176e-47
51.07498034872413 2.7937520873781804e-47
52.265874128740876 2.730095599483438e-47
53.48453547686238 2.6678895439550587e-47
54.731611837765406 2.6071008722520565e-47
56.00776575232122 2.5476972888544553e-47
57.31367520958723 2.4896472341055094e-47
58.650034007005786 2.43291986744479e-47
60.017552119001664 2.377485051023394e-47
61.416956074173925 2.3233133336924495e-47
62.84898934128261 2.2703759353564174e-47
64.31441272423535 2.2186447316829664e-47
65.81400476628369 2.1680922391612044e-47
67.34856216364385 2.1186916005003515e-47
68.91890018876182 2.0704165703611433e-47
70.52585312344742 2.0232415014123269e-47
72.17027470210763 1.9771413307048544e-47
73.8530385653146 1.9320915663565784e-47
75.57503872394936 1.8880682745403e-47
77.33719003416762 1.845048066768326e-47
79.14042868344033 1.8030080874667483e-47
80.98571268792693 1.7619260018328282e-47
82.87402240144569 1.721779983969082e-47
84.80636103631147 1.6825487052877124e-47
86.78375519631766 1.644211323179255e-47
88.80725542214539 1.6067474699394227e-47
90.8779367494899 1.5701372419482383e-47
92.99689928020044 1.53436118909574e-47
95.16526876673713 1.4994003044486166e-47
97.38419721025556 1.4652360141522861e-47
99.6548634726365 1.4318501675630798e-47
101.97847390278609 1.3992250276052393e-47
104.35626297753925 1.367343261347652e-47
106.78949395750668 1.3361879307952968e-47
109.27945955821409 1.3057424838905002e-47
111.82748263689002 1.2759907457192344e-47
114.43491689526716 1.2469169099177992e-47
117.10314759877073 1.2185055302752695e-47
119.8335923124757 1.1907415125273238e-47
122.62770165422418 1.163610106337025e-47
125.4869600653028 1.137096897458337e-47
128.41288659908975 1.1111878000781786e-47
131.40703572809028 1.085869049332996e-47
134.4709981697896 1.0611271939958205e-47
137.6064017317617 1.036949089329964e-47
140.8149121764835 1.0133218901055492e-47
144.09823410631301 9.902330437751529e-48
147.45811186910282 9.676702838049501e-48
150.89633048492877 9.456216231578036e-48
154.41471659442715 9.240753479248531e-48
158.01513942924367 9.030200111021978e-48
161.6995118051102 8.824444265093922e-48
165.46979113807643 8.623376628465015e-48
169.32798048443664 8.4268903788657e-48
173.27612960490418 8.234881128004247e-48
177.3163360535986 8.047246866107751e-48
181.45074629242436 7.863887907726888e-48
185.68155683143308 7.684706838775535e-48
190.01101539577502 7.50960846477703e-48
194.44142211985996 7.338499760289676e-48
198.9751307693619 7.171289819484716e-48
203.61454999171644 7.0078898078502e-48
208.36214459577587 6.84821291499546e-48
213.2204368613011 6.692174308530901e-48
218.19200787898666 6.539691088998614e-48
223.27949892173046 6.390682245829969e-48
228.48561284787684 6.245068614306689e-48
233.81311553717836 6.102772833502599e-48
239.2648373602396 5.963719305183658e-48
244.8436746822229 5.827834153644495e-48
250.55259140161598 5.695045186460084e-48
256.3946205248776 5.565281856131673e-48
262.37286577779935 5.438475222606645e-48
268.49050325443824 5.314557916652368e-48
274.7507831044972 5.193464104064607e-48
281.15703126004934 5.0751294506914087e-48
287.7126512025234 4.959491088253964e-48
294.4211257708895 4.846487580946253e-48
301.2860190120053 4.73605889279571e-48
308.3109780741064 4.628146355767599e-48
315.4997351444457 4.522692638596139e-48
322.8561094321127 4.419641716325793e-48
330.38400919708465 4.3189388405466383e-48
338.08743382658884 4.220530510307848e-48
345.970475959878 4.1243644436939674e-48
354.0373236625486 4.0303895500488417e-48
362.2922626515567 3.938555902832395e-48
370.7396785721134 3.8488147130958845e-48
379.3840593276699 3.761118303561565e-48
388.22999746422977 3.6754200832929026e-48
397.28219261025527 3.591674522941972e-48
406.54545397346374 3.509837130560844e-48
416.02470289584096 3.429864427964089e-48
425.7249754682287 3.3517139276299265e-48
435.6514252058753 3.2753441101276243e-48
445.8093257863709 3.2007144020592647e-48
456.2040738514225 3.127785154504088e-48
466.841191873956 3.0565176219540127e-48
477.72633109207 2.986873941729115e-48
488.86527451139875 2.918817113862088e-48
500.26393997748045 2.8523109814410964e-48
511.92838331976236 2.787320211400496e-48
523.8648015689132 2.7238102757492592e-48
536.079536249153 2.661747433227089e-48
548.5790767473477 2.6010987113785285e-48
561.3700637606607 2.5418318890355174e-48
574.4592928245908 2.4839154791990612e-48
587.8537179232724 2.4273187123109912e-48
601.560455183956 2.372011519906837e-48
615.5867866576306 2.3179645186412068e-48
629.940164187797 2.265148994677142e-48
644.6282133694491 2.213536888431148e-48
659.6587376003637 2.1631007796658542e-48
675.039722226853 2.1138138729223013e-48
690.7793387861822 2.0656499832841838e-48
706.885949347905 2.0185835224664518e-48
723.368110956425 1.9725894852208807e-48
740.2345801771418 1.927643436051405e-48
757.4943177485981 1.883721496232141e-48
775.1564933430986 1.8408003311212108e-48
793.2304904383309 1.798857137763626e-48
811.7259113025749 1.7578696327766293e-48
830.6525820961508 1.7178160405110994e-48
850.0205580918159 1.6786750814826792e-48
869.8401290168822 1.640425961066502e-48
890.1218245198946 1.603048358449542e-48
910.8764197647733 1.5665224158346485e-48
932.1149411553916 1.5308287278905986e-48
953.848672193633 1.4959483314425178e-48
976.0891594740359 1.4618626953972257e-48
998.8482188182152 1.4285537108981063e-48
1022.1379415523157 1.3960036817043374e-48
1045.9707009308356 1.3641953147892991e-48
1070.3591587102305 1.3331117111532277e-48
1095.3162718757928 1.3027363568451892e-48
1120.8552995253765 1.2730531141896226e-48
1146.98980991363 1.2440462132128026e-48
1173.7336876604738 1.2157002432646256e-48
1201.1011411276565 1.1880001448313234e-48
1229.1067099673062 1.1609312015347138e-48
1257.7652728464884 1.1344790323137492e-48
1287.0920553518754 1.1086295837842184e-48
1317.1026380787234 1.0833691227725224e-48
1347.812964908458 1.0586842290195923e-48
1379.239351479266 1.0345617880510227e-48
1411.3984938541882 1.0109889842096827e-48
1444.3074773913293 9.879532938470739e-49
1477.9837858208825 9.654424786698228e-49
1512.445310533807 9.434445792377797e-49
1547.71036008708 9.219479086102628e-49
1583.797669930582 9.009410461370757e-49
1620.7264123607779 8.804128313909945e-49
1658.5162067064848 8.603523582385157e-49
1697.1871297521373 8.407489690456885e-49
1736.7597264040865 8.215922490159856e-49
1777.255020605602 8.028720206571699e-49
1818.6945265063737 7.845783383742533e-49
1861.1002598924472 7.667014831856402e-49
1904.4947498826687 7.492319575596778e-49
1948.9010508978479 7.321604803688472e-49
1994.3427549090043 7.154779819589358e-49
2040.8440039711966 6.991755993305489e-49
2088.4295030496014 6.8324467143041954e-49
2137.124533144652 6.676767345500022e-49
2186.9549647232075 6.524635178289173e-49
2237.947271462894 6.3759693886084404e-49
2290.1285443169163 6.230690993995392e-49
2343.5265059068115 6.088722811626946e-49
2398.169525250793 5.949989417314012e-49
2454.086632835509 5.814417105430529e-49
2511.3075360392254 5.681933849755439e-49
2569.8626349146184 5.552469265206955e-49
2629.783038339575 5.425954570448741e-49
2691.100580544569 5.3023225513480085e-49
2753.8478380254037 5.181507525266382e-49
2818.0581468502987 5.06344530616429e-49
2883.7656203705187 4.948073170500529e-49
2951.0051673439552 4.835329823908789e-49
3019.812510481288 4.725155368633471e-49
3090.2242054245785 4.617491271707484e-49
3162.2776601683795 4.512280333855126e-49
