# %ECSV 1.0
# ---
# datatype:
# - {name: mx, unit: MeV, datatype: float64}
# - {name: sigma_6, unit: cm2, datatype: float64}
# schema: astropy-2.0
mx sigma_6
3.162277660168379e-07 2.1729415590775723e-39
3.2360111549336787e-07 2.1729420517508427e-39
3.311463862505236e-07 2.1729425676669335e-39
3.388675869043115e-07 2.1729431079223834e-39
3.4676881953794695e-07 2.172943673665441e-39
3.548542818811901e-07 2.1729442660985488e-39
3.6312826954049566e-07 2.172944886480858e-39
3.715951782811629e-07 2.172945536130942e-39
3.8025950636269697e-07 2.172946216429568e-39
3.89125856928623e-07 2.1729469288226424e-39
3.9819894045202297e-07 2.1729476748243093e-39
4.0748357723809307e-07 2.1729484560201044e-39
4.169846999850535e-07 2.1729492740704064e-39
4.2670735640476865e-07 2.172950130713899e-39
4.3665671190447213e-07 2.1729510277713176e-39
4.4683805233101997e-07 2.1729519671492653e-39
4.572567867791303e-07 2.172952950844324e-39
4.6791845046510194e-07 2.1729539809472554e-39
4.788287076675383e-07 2.172955059647466e-39
4.899933547366384e-07 2.1729561892376398e-39
5.014183231736547e-07 2.172957372118627e-39
5.131096827821533e-07 2.17295861080457e-39
5.250736448927506e-07 2.1729599079282017e-39
5.373165656630395e-07 2.172961266246469e-39
5.4984494945446e-07 2.1729626886463708e-39
5.626654522879044e-07 2.1729641781511387e-39
5.757848853798981e-07 2.1729657379266185e-39
5.892102187612295e-07 2.1729673712880197e-39
6.029485849799565e-07 2.1729690817069512e-39
6.17007282890752e-07 2.1729708728188166e-39
6.313937815326057e-07 2.1729727484305237e-39
6.461157240969403e-07 2.1729747125286025e-39
6.611809319882495e-07 2.1729767692876516e-39
6.765974089794179e-07 2.1729789230792063e-39
6.923733454639272e-07 2.1729811784810883e-39
7.085171228072106e-07 2.1729835402870522e-39
7.250373177994646e-07 2.17298601351706e-39
7.419427072122865e-07 2.17298860342788e-39
7.592422724615558e-07 2.172991315524299e-39
7.769452043790388e-07 2.1729941555708424e-39
7.950609080952509e-07 2.1729971296039775e-39
8.135990080361694e-07 2.173000243944971e-39
8.325693530364543e-07 2.1730035052133483e-39
8.519820215718901e-07 2.173006920340937e-39
8.718473271138315e-07 2.1730104965865962e-39
8.921758236084957e-07 2.17301424155169e-39
9.12978311084014e-07 2.1730181631961932e-39
9.342658413882192e-07 2.1730222698556596e-39
9.560497240602198e-07 2.1730265702589164e-39
9.78341532338879e-07 2.1730310735466288e-39
1.0011531093113902e-06 2.1730357892907248e-39
1.0244965742052174e-06 2.1730407275147768e-39
1.048384328826741e-06 2.173045898715265e-39
1.0728290641500308e-06 2.1730513138839266e-39
1.0978437670592484e-06 2.173056984531131e-39
1.1234417272482566e-06 2.1730629227103027e-39
1.149636544281106e-06 2.1730691410436194e-39
1.1764421348171486e-06 2.1730756527488044e-39
1.2038727400046132e-06 2.173082471667233e-39
1.2319429330465773e-06 2.173089612293387e-39
1.2606676269433496e-06 2.1730970898056525e-39
1.2900620824153782e-06 2.1731049200986035e-39
1.3201419160108953e-06 2.1731131198167947e-39
1.3509231084026028e-06 2.1731217063901815e-39
1.38242201287781e-06 2.1731306980711486e-39
1.4146553640265304e-06 2.1731401139733485e-39
1.447640286632156e-06 2.1731499741123463e-39
1.4813943047694329e-06 2.173160299448187e-39
1.5159353511145682e-06 2.17317111192997e-39
1.5512817764724183e-06 2.1731824345425296e-39
1.587452359525819e-06 2.1731942913553417e-39
1.6244663168122348e-06 2.173206707573681e-39
1.6623433129330315e-06 2.1732197095922845e-39
1.7011034710007933e-06 2.1732333250514435e-39
1.740767383330235e-06 2.173247582895848e-39
1.7813561223783898e-06 2.1732625134361277e-39
1.8228912519398869e-06 2.173278148413363e-39
1.8653948386032614e-06 2.1732945210665872e-39
1.908889463474389e-06 2.1733116662035285e-39
1.9533982341732686e-06 2.173329620274659e-39
1.9989447971105317e-06 2.1733484214507582e-39
2.045553350050195e-06 2.1733681097041452e-39
2.0932486549653353e-06 2.173388726893719e-39
2.1420560511935146e-06 2.173410316854084e-39
2.192001468898943e-06 2.1734329254887986e-39
2.2431114428485372e-06 2.1734566008681113e-39
2.2954131265091837e-06 2.1734813933312626e-39
2.3489343064737076e-06 2.1735073555936683e-39
2.403703417223201e-06 2.1735345428591173e-39
2.4597495562335635e-06 2.1735630129373375e-39
2.5171024994342686e-06 2.173592826367057e-39
2.575792717027583e-06 2.173624046544942e-39
2.635851389676631e-06 2.1736567398605945e-39
2.6973104250709106e-06 2.1736909758379527e-39
2.760202474878063e-06 2.1737268272833904e-39
2.8245609520908932e-06 2.173764370440805e-39
2.8904200487788716e-06 2.173803685154049e-39
2.9578147542535346e-06 2.17384485503707e-39
3.026780873657441e-06 2.173887967652088e-39
3.097355046986562e-06 2.173933114696204e-39
3.1695747685562034e-06 2.1739803921968687e-39
3.2434784069208122e-06 2.1740299007165742e-39
3.319105225258239e-06 2.1740817455672917e-39
3.3964954022292982e-06 2.1741360370350333e-39
3.4756900533236943e-06 2.17419289061505e-39
3.5567312527036693e-06 2.174252427258227e-39
3.6396620555569646e-06 2.1743147736291115e-39
3.7245265209709786e-06 2.174380062376198e-39
3.811369735340273e-06 2.174448432415048e-39
3.900237836319859e-06 2.174520029224823e-39
3.991178037336996e-06 2.1745950051588985e-39
4.0842386526745176e-06 2.1746735197702314e-39
4.179469123139017e-06 2.1747557401521826e-39
4.2769200423275275e-06 2.174841841295515e-39
4.376643183506652e-06 2.1749320064623546e-39
4.478691527118417e-06 2.1750264275779728e-39
4.583119288927478e-06 2.1751253056411337e-39
4.689981948824612e-06 2.175228851154012e-39
4.799336280301815e-06 2.175337284572551e-39
4.911240380614659e-06 2.1754508367782714e-39
5.0257537016479225e-06 2.175569749572544e-39
5.142937081500915e-06 2.1756942761944117e-39
5.262852776809252e-06 2.175824681863115e-39
5.385564495820272e-06 2.175961244346491e-39
5.511137432239651e-06 2.1761042545564675e-39
5.639638299867211e-06 2.176254017173039e-39
5.771135368040315e-06 2.176410851298021e-39
5.905698497903673e-06 2.1765750911400492e-39
6.043399179524854e-06 2.176747086732364e-39
6.184310569875183e-06 2.1769272046849484e-39
6.32850753169624e-06 2.1771158289726528e-39
6.47606667327258e-06 2.1773133617611534e-39
6.627066389131828e-06 2.177520224272453e-39
6.781586901693754e-06 2.1777368576919936e-39
6.939710303890459e-06 2.1779637241192777e-39
7.101520602780329e-06 2.1782013075642453e-39
7.267103764178904e-06 2.178450114991564e-39
7.436547758330399e-06 2.1787106774152065e-39
7.609942606644117e-06 2.178983551045832e-39
7.787380429520604e-06 2.179269318493486e-39
7.968955495292936e-06 2.17956859002843e-39
8.15476427030917e-06 2.1798820049029082e-39
8.344905470182516e-06 2.1802102327369502e-39
8.539480112236516e-06 2.1805539749712617e-39
8.738591569173047e-06 2.180913966390713e-39
8.942345623991688e-06 2.1812909767217622e-39
9.150850526189614e-06 2.181685812307659e-39
9.364217049271877e-06 2.182099317865232e-39
9.58255854960264e-06 2.182532378327409e-39
9.805991026628606e-06 2.1829859207757592e-39
1.0034633184506672e-05 2.1834609164676192e-39
1.0268606495168497e-05 2.1839583829626136e-39
1.0508035262855554e-05 2.1844793863535643e-39
1.07530466901589e-05 2.185025043607174e-39
1.1003770945598772e-05 2.185596525020077e-39
1.1260341232779899e-05 2.186195056796135e-39
1.1522893861159297e-05 2.1868219237512996e-39
1.1791568318464117e-05 2.187478472152556e-39
1.206650734479802e-05 2.18816611269798e-39
1.2347857008475478e-05 2.1888863236451753e-39
1.263576678362426e-05 2.1896406540959278e-39
1.293038962959737e-05 2.1904307274452048e-39
1.3231882072236462e-05 2.191258245003245e-39
1.3540404287030327e-05 2.1921249897998378e-39
1.3856120184212054e-05 2.193032830580485e-39
1.4179197495840522e-05 2.1939837260047996e-39
1.4509807864912299e-05 2.194979729057851e-39
1.484812693655133e-05 2.1960229916860917e-39
1.5194334451324849e-05 2.197115769669945e-39
1.5548614340735104e-05 2.1982604277460542e-39
1.5911154824937624e-05 2.199459444992824e-39
1.6282148512737936e-05 2.2007154204937553e-39
1.6661792503919872e-05 2.2020310792940864e-39
1.7050288493959805e-05 2.2034092786669963e-39
1.7447842881182494e-05 2.204853014706783e-39
1.785466687641539e-05 2.206365429267527e-39
1.8270976615199758e-05 2.207949817266813e-39
1.869699327261814e-05 2.209609634375435e-39
1.91329431807992e-05 2.2113485051153085e-39
1.957905794916243e-05 2.213170231389253e-39
2.003557458746648e-05 2.2150788014678643e-39
2.0502735631726606e-05 2.2170783994603316e-39
2.0980789273068064e-05 2.219173415297898e-39
2.1469989489583918e-05 2.2213684552605418e-39
2.1970596181267336e-05 2.2236683530794633e-39
2.2482875308090033e-05 2.226078181650347e-39
2.3007099031300245e-05 2.2286032653945876e-39
2.354354585801526e-05 2.231249193308385e-39
2.4092500789185385e-05 2.2340218327423135e-39
2.4654255471007912e-05 2.2369273439570333e-39
2.5229108349871537e-05 2.239972195504038e-39
2.5817364830913554e-05 2.243163180483806e-39
2.641933744027406e-05 2.2465074337375812e-39
2.7035345991133382e-05 2.2500124500330642e-39
2.7665717753620915e-05 2.2536861033086973e-39
2.8310787628685666e-05 2.257536667046113e-39
2.8970898326020842e-05 2.2615728358454246e-39
2.964640054613707e-05 2.2658037482837312e-39
3.033765316668089e-05 2.2702390111432587e-39
3.104502343309761e-05 2.274888725102235e-39
3.176888715373972e-05 2.279763511988739e-39
3.25096288995246e-05 2.2848745437055648e-39
3.326764220824756e-05 2.290233572942643e-39
3.4043329793658724e-05 2.295852965802688e-39
3.483710375941493e-05 2.301745736475827e-39
3.5649385818020195e-05 2.307925584109768e-39
3.648060751487119e-05 2.3144069320339117e-39
3.73312104575266e-05 2.3212049695086812e-39
3.820164655032238e-05 2.3283356961853452e-39
3.90923782344573e-05 2.3358159694768635e-39
4.0003878733676586e-05 2.3436635550568874e-39
4.093663230568398e-05 2.351897180722165e-39
4.1891134499415887e-05 2.3605365938733177e-39
4.2867892418314344e-05 2.3696026228904728e-39
4.386742498973848e-05 2.379117242703719e-39
4.489026324065786e-05 2.3891036448838936e-39
4.5936950579773975e-05 2.399586312607214e-39
4.700804308621986e-05 2.4105911008776877e-39
4.8104109804991236e-05 2.422145322424529e-39
4.922573304926602e-05 2.4342778397281596e-39
5.0373508709772956e-05 2.4470191636680185e-39
5.154804657137365e-05 2.4604015593287552e-39
5.27499706370262e-05 2.4744591595486913e-39
5.397991945930254e-05 2.4892280868461794e-39
5.5238546479635675e-05 2.504746584415919e-39
5.6526520375476976e-05 2.5210551569490466e-39
5.784452541554797e-05 2.5381967220982083e-39
5.9193261823375433e-05 2.5562167734825058e-39
6.057344614930286e-05 2.57516355620763e-39
6.198581165117595e-05 2.5950882559644585e-39
6.34311086839044e-05 2.6160452028653066e-39
6.491010509810695e-05 2.6380920912819452e-39
6.642358664805138e-05 2.661290217063845e-39
6.797235740910648e-05 2.6857047336401633e-39
6.955724020492732e-05 2.7114049286451314e-39
7.117907704460117e-05 2.738464522855338e-39
7.283872956998614e-05 2.766961993389433e-39
7.453707951348025e-05 2.79698092329741e-39
7.627502916646401e-05 2.8286103798591357e-39
7.805350185866558e-05 2.8619453241211188e-39
7.987344244870308e-05 2.8970870544285072e-39
8.173581782606456e-05 2.934143686956807e-39
8.364161742479263e-05 2.9732306765168306e-39
8.559185374914618e-05 3.014471381198274e-39
8.758756291151902e-05 3.057997674733508e-39
8.96298051829007e-05 3.103950610805757e-39
9.17196655561724e-05 3.152481143896059e-39
9.385825432253677e-05 3.203750911663435e-39
9.604670766138824e-05 3.257933084283732e-39
9.828618824393714e-05 3.3152132866370004e-39
0.00010057788585090809 3.375790599732003e-39
0.00010292301800464121 3.4398786482916664e-39
0.00010532283061593165 3.507706781996024e-39
0.00010777859864595113 3.579521358491055e-39
0.00011029162678360347 3.655587136923715e-39
0.00011286325013867351 3.7361887914563476e-39
0.00011549483495113791 3.821632554948023e-39
0.00011818777931701482 3.9122480037666257e-39
0.0001209435139311377 4.008389995513241e-39
0.00012376350284724815 4.1104407722992395e-39
0.00012664924425581149 4.218812243115406e-39
0.00012960227127996844 4.333948459769793e-39
0.00013262415279004548 4.456328301845139e-39
0.00013571649423705693 4.5864683871348475e-39
0.0001388809385056415 4.724926225056431e-39
0.00014211916678688624 4.872303631609545e-39
0.00014543289947150178 5.0292504255394617e-39
0.0001488238970638237 5.196468426482915e-39
0.00015229396111712465 5.374715777008845e-39
0.00015584493519073535 5.5648116116197204e-39
0.00015947870582948208 5.767641096948736e-39
0.00016319720356596128 5.984160868573879e-39
0.00016700240394618395 6.215404891074464e-39
0.00017089632857913436 6.46249076918185e-39
0.000174881046210801 6.726626539131273e-39
0.00017895867382325032 7.009117970613584e-39
0.0001831313777593269 7.311376411066447e-39
0.00018740137487357792 7.63492720544702e-39
0.00019177093371001327 7.981418726107901e-39
0.000196242375707327 8.352632048970914e-39
0.00020081807643222024 8.750491313873552e-39
0.00020550046684148122 9.177074808763545e-39
0.0002102920345734925 9.634626819342895e-39
0.0002151953252698519 1.0125570287812823e-38
0.00022021294392780895 1.065252032652923e-38
0.00022534755628423554 1.1218298634614086e-38
0.0002306018902318662 1.1825948867829597e-38
0.00023597873726856003 1.2478753014232894e-38
0.0002414809539803547 1.318024883018776e-38
0.0002471114635590999 1.393424839308174e-38
0.00025287325735547713 1.474485782842262e-38
0.00025876939646823026 1.5616498269672777e-38
0.00026480301337045197 1.6553928109008637e-38
0.000270977313573789 1.756226659592495e-38
0.00027729557733145163 1.8647018837988886e-38
0.00028376116138093086 1.981410225382755e-38
0.0002903775007273506 2.1069874522352125e-38
0.00029714811046840066 2.2421163064040427e-38
0.00030407658766182135 2.387529607960029e-38
0.00031116661323643183 2.5440135158328627e-38
0.0003184219539477161 2.712410945280952e-38
0.00032584646437900766 2.893625139814169e-38
0.00033344408898933415 3.088623393255988e-38
0.0003412188642090111 3.2984409152062587e-38
0.0003491749205840977 3.524184830444214e-38
0.0003573164849708539 3.767038299791171e-38
0.0003656478827813646 4.028264746632366e-38
0.0003741735402815245 4.309212169676214e-38
0.0003828979869426037 4.6113175186057295e-38
0.000391825857847644 4.936111105049725e-38
0.000400961896153964 5.28522101677069e-38
0.0004103109556130814 5.66037749813418e-38
0.0004198780031493915 6.063417254797358e-38
0.00042966812149897106 6.496287635145132e-38
0.000439686511909911 6.961050635333118e-38
0.0004499384969056106 7.459886668901243e-38
0.00046042952311250296 7.995098035848992e-38
0.0004711651641537129 8.569112019878754e-38
0.00048215112361018567 9.184483536302086e-38
0.0004933932380508582 9.8438972469714e-38
0.0005048974801334842 1.0550169052673683e-37
0.0005166699617777604 1.1306246867853315e-37
0.0005287169374124361 1.211521057748944e-37
0.0005410448072981404 1.298027107163206e-37
0.0005536601209276797 1.3904768249709172e-37
0.0005665695805056229 1.489216788448513e-37
0.0005797800445090163 1.594605723471372e-37
0.0005932985313311235 1.7070139296338828e-37
0.000607132223010125 1.8268225584801791e-37
0.0006212884690447563 1.954422734586364e-37
0.0006357747902989163 2.09021450995837e-37
0.0006505988829973161 2.2346056431926684e-37
0.0006657686228142928 2.388010196109482e-37
0.0006812920690579615 2.550846942124471e-37
0.0006971774689519261 2.7235375824857634e-37
0.0007134332620168255 2.906504768672329e-37
0.0007300680845540431 3.100169931724168e-37
0.0007470907742339592 3.3049509220428045e-37
0.0007645103747911887 3.5212594662418457e-37
0.0007823361408292924 3.749498450910316e-37
0.00080057754273752 3.990059046635763e-37
0.0008192442717221943 4.243317689266331e-37
0.0008383462449554094 4.5096329391090095e-37
0.0008578936108437789 4.789342242491456e-37
0.0008778967544200344 5.082758623774715e-37
0.000898366302860337 5.390167339403803e-37
0.0009193131311302326 5.71182252882634e-37
0.0009407483677622533 6.047943899996926e-37
0.000962683400768232 6.398713489616775e-37
0.000985129883689471 6.764272540137245e-37
0.0010080997417879817 7.144718536791249e-37
0.0010316051783820807 7.540102448426954e-37
0.0010556586813297128 7.950426215635837e-37
0.0010802730296629402 8.375640528541388e-37
0.001105461300377127 8.815642934614255e-37
0.0011312368753784248 9.270276313995738e-37
0.0011576134485932472 9.73932775606088e-37
0.0011846050332435167 1.0222527866375055e-36
0.0012122259692915415 1.0719550527861813e-36
0.0012404909310584848 1.1230013133995991e-36
0.0012694149350204683 1.1753477305279079e-36
0.0012990133477864558 1.228945009327852e-36
0.0013293018942621524 1.2837385669269427e-36
0.001360296666004259 1.3396687487168945e-36
0.001392014129769518 1.3966710903169685e-36
0.0014244711362630968 1.4546766227428807e-36
0.0014576849290909482 1.5136122176520825e-36
0.0014916731539209149 1.5734009689269768e-36
0.0015264538678574353 1.6339626063181143e-36
0.0015620455490348386 1.6952139364117866e-36
0.0015984671064343198 1.7570693058202965e-36
0.0016357378899298156 1.819441081225869e-36
0.0016738777005681136 1.8822401407446485e-36
0.0017129068010886602 1.9453763710172303e-36
0.0017528459266886532 2.0087591644749923e-36
0.00179371629603914 2.0722979113729976e-36
0.0018355396225579732 2.135902481413936e-36
0.0018783381259456144 2.1994836901044694e-36
0.0019221345439899109 2.262953745375001e-36
0.001966952144646121 2.3262266704444246e-36
0.0020128147383986056 2.3892186994099217e-36
0.002059746690910748 2.4518486425751255e-36
0.0021077729359698315 2.51403821908483e-36
0.0021569189887337423 2.5757123549976524e-36
0.002207210959286545 2.63679944548788e-36
0.0022586755665101248 2.6972315804126006e-36
0.0023113401522792685 2.756944733000546e-36
0.0023652326959877285 2.815878911906121e-36
0.0024203818294129824 2.8739782773192146e-36
0.0024768168519275916 2.9311912222228826e-36
0.002534567746065232 2.9874704202434166e-36
0.0025936651934496745 3.042772841838152e-36
0.0026541405910951734 3.0970597408148636e-36
0.0027160260680869266 3.1502966133730426e-36
0.0027793545026504624 3.2024531320035016e-36
0.002844159539619031 3.253503056680734e-36
0.0029104756083082714 3.303424125835726e-36
0.0029783379408076585 3.3521979296093214e-36
0.0030477825906984404 3.399809767861781e-36
0.0031188464522080173 3.4462484953575926e-36
0.0031915672798109355 3.491506356460418e-36
0.0032659837082868936 3.535578811565656e-36
0.003342135273246469 3.578464357372555e-36
0.0034200624321353945 3.6201643429574614e-36
0.0034998065857286074 3.66068278345965e-36
0.0035814101001254554 3.700026173034033e-36
0.003664916329257761 3.738203298564812e-36
0.0037503696379226933 3.7752250554732206e-36
0.0038378154253526898 3.8111042667938974e-36
0.003927300149334948 3.845855506539857e-36
0.004018871350893299 3.879494928227446e-36
0.00411257767954558 3.9120400992915e-36
0.004208468919149921 3.943509841988017e-36
0.004306596014353682 3.973924081258151e-36
0.004407011097659079 4.003303699913269e-36
0.004509767517119906 4.03167040139695e-36
0.004614919864684026 4.0590465802857316e-36
0.004722524005196735 4.085455200606413e-36
0.004832637106080367 4.1109196819733326e-36
0.004945317667705937 4.135463793483862e-36
0.005060625554472947 4.1591115552541694e-36
0.005178622026613854 4.181887147429326e-36
0.005299369772740128 4.2038148264616386e-36
0.005422932943147155 4.22491884841804e-36
0.0055493771838957115 4.245223399050931e-36
0.00567876967168809 4.2647525303463346e-36
0.005811179149557424 4.283530103247868e-36
0.0059466759633891655 4.301579736244914e-36
0.006085332099294114 4.3189247595067985e-36
0.006227221221852859 4.335588174242463e-36
0.006372418713251954 4.3515926169656474e-36
0.006521001713332612 4.366960328348941e-36
0.006673049160573193 4.3817131263557635e-36
0.006828641834027273 4.395872383346818e-36
0.006987862396239558 4.409459006866726e-36
0.00715079543716245 4.42249342382692e-36
0.007317527519096606 4.434995567812103e-36
0.007488147222679345 4.446984869249764e-36
0.007662745193945353 4.4584802481946355e-36
0.007841414192484688 4.4695001094928674e-36
0.008024249140723652 4.4800623401037035e-36
0.008211347174354735 4.4901843083693273e-36
0.008402807693942412 4.499882865036471e-36
0.008598732417732204 4.5091743458459355e-36
0.008799225435691074 4.5180745755186424e-36
0.009004393264807849 4.52659887297857e-36
0.009214344905683071 4.534762057664678e-36
0.009429191900438323 4.5425784567950025e-36
0.009649048391975805 4.5500619134563833e-36
0.009874031184619632 4.5572257954039565e-36
0.010104259806171096 4.564083004463503e-36
0.01033985657141083 4.5706459864393395e-36
0.010580946647081629 4.57692674143838e-36
0.010827658118386449 4.582936834529709e-36
0.011080122057036918 4.588687406665883e-36
0.011338472590888495 4.5941891857998284e-36
0.01160284697519928 4.5994524981365986e-36
0.01187338566555036 4.6044872794671956e-36
0.012150232392466372 4.609303086535425e-36
0.012433534237775993 4.6139091083950554e-36
0.01272344171275288 4.618314177719103e-36
0.013020108838078586 4.622526782027338e-36
0.013323693225669961 4.626555074803066e-36
0.013634356162414448 4.630406886471492e-36
0.013952262695857842 4.634089735219504e-36
0.014277581721889965 4.637610837635809e-36
0.014610486074474885 4.640977119155506e-36
0.014951152617473332 4.644195224295186e-36
0.015299762338606094 4.6472715266668564e-36
0.015656500445608335 4.65021213876138e-36
0.016021556464625875 4.6530229214937526e-36
0.016395124340905766 4.6557094935045675e-36
0.016777402541834602 4.658277240213324e-36
0.017168594162379338 4.660731322620766e-36
0.01756890703298664 4.663076685858337e-36
0.017978553829998065 4.665318067485889e-36
0.01839775218863974 4.667460005534027e-36
0.01882672481864659 4.6695068462977427e-36
0.01926569962258253 4.671462751879492e-36
0.019714909816919448 4.673331707485915e-36
0.020174594055939365 4.675117528481303e-36
0.02064499655852557 4.676823867201603e-36
0.021126367237910063 4.678454219533063e-36
0.021618961834446313 4.68001193126021e-36
0.02212304205147776 4.68150020418786e-36
0.022638875694374342 4.6829221020423865e-36
0.0231667368128109 4.684280556157426e-36
0.02370690584636297 4.6855783709495006e-36
0.024259669773497434 4.686818229189074e-36
0.024825322264037063 4.688002697072697e-36
0.025404163835180054 4.6891342291018897e-36
0.025996502011157406 4.690215172774442e-36
0.026602651486612925 4.6912477730938636e-36
0.027222934293792744 4.692234176902599e-36
0.027857679973633073 4.693176437044661e-36
0.02850722575083718 4.694076516363275e-36
0.02917191671303455 4.694936291538938e-36
0.029852105994117403 4.6957575567734546e-36
0.030548154961852016 4.6965420273250996e-36
0.031260433409864494 4.6972913429002875e-36
0.031989319754103004 4.6980070709067504e-36
0.0327352012338808 4.698690709573242e-36
0.03349847411760691 4.6993436909407005e-36
0.034279543913313774 4.699967383729578e-36
0.03507882558409363 4.700563096087952e-36
0.03589674376855814 4.701132078224979e-36
0.03673373300643846 4.7016755249345415e-36
0.037590237969445384 4.7021945780102173e-36
0.038466713697512506 4.702690328563507e-36
0.03936362584054766 4.703163819238936e-36
0.04028145090582124 4.703616046337575e-36
0.04122067651112274 4.7040479618497904e-36
0.04218180164382002 4.704460475401118e-36
0.043165336925959 4.704854456114965e-36
0.044171804885544536 4.7052307343953904e-36
0.04520174023414663 4.7055901036332165e-36
0.046255690150979495 4.705933321838632e-36
0.047334214573604344 4.706261113203321e-36
0.048437886495410414 4.706574169594993e-36
0.04956729227003216 4.7068731519871014e-36
0.05072303192286451 4.707158691826517e-36
0.051905719469841495 4.70743139234168e-36
0.05311598324364777 4.707691829793755e-36
0.05435446622753626 4.7079405546731815e-36
0.05562182639692926 4.7081780928439374e-36
0.056918737068984544 4.708404946637729e-36
0.058245887260312136 4.708621595900192e-36
0.05960398205303182 4.7088284989912126e-36
0.06099374296936585 4.7090260937413184e-36
0.06241590835496589 4.709214798365934e-36
0.06387123377117784 4.709395012339438e-36
0.06536049239645289 4.709567117230677e-36
0.06688447543711816 4.7097314775015896e-36
0.06844399254772507 4.709888441270578e-36
0.0700398722611988 4.710038341042131e-36
0.0716729624290174 4.710181494404133e-36
0.07334413067165428 4.710318204694369e-36
0.07505426483952363 4.71044876163738e-36
0.07680427348467332 4.710573441953187e-36
0.07859508634347626 4.710692509938906e-36
0.08042765483057629 4.7108062180245936e-36
0.08230295254435131 4.710914807304355e-36
0.08422197578416211 4.711018508043852e-36
0.08618574407966152 4.711117540165208e-36
0.08819530073244539 4.7112121137103345e-36
0.09025171337033296 4.71130242928365e-36
0.09235607451457113 4.711388678474994e-36
0.09450950216026408 4.711471044263772e-36
0.09671314037033632 4.7115497014049724e-36
0.09896815988334524 4.71162481679806e-36
0.10127575873546546 4.7116965498393165e-36
0.10363716289697593 4.711765052758473e-36
0.10605362692358762 4.711830470940315e-36
0.10852643462295801 4.7118929432318696e-36
0.11105689973674641 4.711952602235904e-36
0.11364636663857243 4.7120095745912545e-36
0.11629621104824843 4.712063981240634e-36
0.1190078407626656 4.712115937686451e-36
0.12178269640372161 4.7121655542351726e-36
0.12462225218368743 4.7122129362307225e-36
0.1275280166884199 4.712258184277446e-36
0.13050153367883624 4.71230139445309e-36
0.1335443829110759 4.7123426585122345e-36
0.13665818097578622 4.71238206408054e-36
0.13984458215697693 4.712419694840411e-36
0.14310527931090045 4.712455630708223e-36
0.14644200476542463 4.712489948003621e-36
0.14985653124037576 4.712522719611281e-36
0.15335067278934078 4.7125540151353187e-36
0.1569262857634292 4.7125839010468764e-36
0.1605852697975066 4.7126124408255555e-36
0.16432956881942368 4.712639695091649e-36
0.16816117208277714 4.712665721738263e-36
0.172082115223751 4.7126905760516505e-36
0.1760944813425998 4.712714310829106e-36
0.1802004021103484 4.7127369764908737e-36
0.18440205890129596 4.71275862118719e-36
0.18870168395192646 4.712779290900347e-36
0.1931015615468407 4.7127990295422805e-36
0.1976040292323402 4.71281787904771e-36
0.20221147905830805 4.71283587946316e-36
0.20692635884904578 4.712853069031895e-36
0.21175117350374192 4.712869484275116e-36
0.2166884863272632 4.7128851600694286e-36
0.22174092039197504 4.71290012972092e-36
0.22691115993131514 4.712914425035781e-36
0.23220195176586036 4.7129280763879045e-36
0.2376161067626448 4.712941112783289e-36
0.24315650132850383 4.7129535619216664e-36
0.24882607893823822 4.7129654502552724e-36
0.25462785169840935 4.712976803045078e-36
0.2605649019475973 4.712987644414306e-36
0.26664038389397104 4.712997997399781e-36
0.27285752529104135 4.7130078840007684e-36
0.2792196291524867 4.713017325225704e-36
0.2857300755069626 4.71302634113682e-36
0.2923923231938275 4.713034950892733e-36
0.2992099117007387 4.713043172789161e-36
0.3061864630440946 4.713051024297774e-36
0.31332568369332287 4.7130585221032695e-36
0.32063136654003577 4.7130656821388176e-36
0.3281073929131 4.713072519619971e-36
0.3357577346406907 4.713079049076913e-36
0.343586456160426 4.713085284385308e-36
0.3515977166787018 4.713091238795845e-36
0.359795772380376 4.713096924962344e-36
0.368184978689974 4.713102354968646e-36
0.3767697925856183 4.713107540354261e-36
0.38555477496691104 4.713112492138952e-36
0.394544593078027 4.713117220846003e-36
0.4037440229873054 4.7131217365247664e-36
0.4131579521246571 4.713126048771883e-36
0.42279138187813525 4.713130166751707e-36
0.43264943025104924 4.713134099215744e-36
0.4427373345810337 4.713137854521281e-36
0.4530604543225162 4.7131414406491814e-36
0.4636242738940635 4.713144865220748e-36
0.47443440559211736 4.713148135513986e-36
0.48549659257266914 4.713151258479054e-36
0.4968167119024568 4.713154240753016e-36
0.5084007776813051 4.713157088673909e-36
0.5202549442372687 4.713159808294342e-36
0.5323855093962742 4.713162405394224e-36
0.5447989178279997 4.713164885493036e-36
0.557501764469769 4.7131672538617225e-36
0.5705007980302781 4.7131695155336536e-36
0.5838029245750183 4.7131716753155764e-36
0.5974152111952977 4.713173737797627e-36
0.6113448897628128 4.7131757073632096e-36
0.6255993607717623 4.71317758819819e-36
0.6401861972705483 4.713179384299905e-36
0.6551131488851486 4.713181099485655e-36
0.6703881459363026 4.71318273740069e-36
0.686019303652694 4.713184301526142e-36
0.7020149264823721 4.71318579518618e-36
0.7183835125046995 4.713187221555424e-36
0.7351337579451718 4.7131885836652806e-36
0.7522745617955077 4.7131898844106735e-36
0.7698150305414633 4.713191126556121e-36
0.7877644830008832 4.713192312741662e-36
0.8061324552745581 4.7131934454881834e-36
0.8249287058125218 4.7131945272032806e-36
0.8441632205984669 4.713195560185903e-36
0.8638462184550629 4.7131965466315256e-36
0.8839881564729563 4.7131974886366504e-36
0.9045997355663667 4.713198388203332e-36
0.9256919061582187 4.713199247243468e-36
0.9472758739978306 4.71320006758284e-36
0.9693631061142522 4.713200850964997e-36
0.9919653369084147 4.713201599054786e-36
1.0150945743873274 4.713202313442298e-36
1.0387631065436362 4.713202995645719e-36
1.0629835078839296 4.713203647115042e-36
1.0877686461092637 4.713204269234882e-36
1.1131316889514546 4.713204863327453e-36
1.1390861111687691 4.713205430655394e-36
1.16564570170473 4.713205972424559e-36
1.1928245710138414 4.713206489786163e-36
1.2206371585581264 4.713206983840132e-36
1.2490982404784545 4.7132074556362876e-36
1.2782229374447416 4.7132079061774266e-36
1.3080267226891875 4.7132083364210184e-36
1.3385254302268237 4.7132087472817105e-36
1.369735263267732 4.713209139632509e-36
1.4016728028254128 4.713209514307309e-36
1.4343550165258654 4.7132098721026485e-36
1.4677992676220706 4.713210213778773e-36
1.5020233242186567 4.713210540061928e-36
1.5370453687116559 4.713210851645581e-36
1.5728840074483612 4.713211149192028e-36
1.6095582806124205 4.713211433333574e-36
1.6470876723394143 4.713211704674155e-36
1.6854921210682972 4.713211963790548e-36
1.7247920301341966 4.713212211233299e-36
1.7650082786082029 4.713212447528418e-36
1.8061622323899016 4.713212673178227e-36
1.848275755558551 4.7132128886619795e-36
1.8913712219889245 4.713213094438055e-36
1.935471527238 4.713213290943672e-36
1.9806001007088037 4.713213478596396e-36
2.0267809180978715 4.7132136577951017e-36
2.0740385141329463 4.713213828920623e-36
2.1223979956076717 4.713213992336736e-36
2.171885054720213 4.713214148390826e-36
2.222525982722885 4.71321429741432e-36
2.274347683890048 4.713214439724057e-36
2.327377689811681 4.713214575622595e-36
2.3816441740202396 4.7132147053987994e-36
2.437175966958554 4.7132148293283046e-36
2.4940025712967335 4.713214947674811e-36
2.552154177606206 4.713215060689352e-36
2.611661680399223 4.7132151686125596e-36
2.6725566945423505 4.7132152716737253e-36
2.7348715720526675 4.7132153700918184e-36
2.7986394192855935 4.7132154640760553e-36
2.863894114523477 4.713215553826088e-36
2.9306703259742912 4.713215639532854e-36
2.999003530189995 4.7132157213782836e-36
3.068930030914351 4.7132157995365736e-36
3.1404869783702067 4.713215874173532e-36
3.21371238899649 4.713215945448276e-36
3.2886451656454048 4.713216013511803e-36
3.3653251182505572 4.71321607850905e-36
3.443792984976987 4.7132161405780424e-36
3.5240904538643507 4.713216199850822e-36
3.6062601849747473 4.713216256453195e-36
3.6903458330569543 4.7132163105055216e-36
3.77639207073912 4.7132163621226913e-36
3.8644446122622242 4.713216411414576e-36
3.9545502377669295 4.713216458485784e-36
4.046756818146711 4.7132165034362805e-36
4.141113340480481 4.7132165463616896e-36
4.237669934058216 4.7132165873531744e-36
4.336477897013409 4.713216626497972e-36
4.437589723576497 4.713216663879303e-36
4.541059131963759 4.7132166995765896e-36
4.646941092916466 4.713216733665598e-36
4.755291858905486 4.713216766218946e-36
4.866168994016832 4.713216797305492e-36
4.979631404534034 4.713216826991788e-36
5.0957393702336 4.713216855340506e-36
5.214554576410165 4.7132168824121986e-36
5.336140146648369 4.713216908264338e-36
5.4605606763588606 4.713216932951593e-36
5.587882267096237 4.713216956526703e-36
5.718172561677172 4.713216979039687e-36
5.851500780117376 4.713217000538294e-36
5.987937756406471 4.7132170210688205e-36
6.127555976140354 4.713217040674332e-36
6.270429615030991 4.713217059396386e-36
6.416634578314149 4.7132170772747805e-36
6.566248541075969 4.713217094347972e-36
6.719350989519823 4.7132171106519475e-36
6.87602326319537 4.713217126221371e-36
7.036348598212252 4.7132171410897354e-36
7.200412171461376 4.7132171552878364e-36
7.368301145867304 4.713217168846352e-36
7.540104716695753 4.713217181794081e-36
7.715914158940838 4.713217194158706e-36
7.8958228758172275 4.713217205966114e-36
8.07992644838296 4.713217217241367e-36
8.2683226863193 4.71321722800902e-36
8.461111679894604 4.713217238291277e-36
8.658395853139817 4.7132172481104504e-36
8.860280018263818 4.713217257487143e-36
9.066871431337571 4.7132172664414074e-36
9.278279849276613 4.713217274992739e-36
9.494617588152204 4.713217283158361e-36
9.715999582862075 4.713217290955863e-36
9.942543448192506 4.71321729840299e-36
10.17436954130415 4.7132173055135304e-36
10.411601025674827 4.713217312304606e-36
10.654363936533231 4.7132173187891674e-36
10.902787247818345 4.713217324981796e-36
11.157002940700098 4.713217330895049e-36
11.417146073697703 4.713217336542261e-36
11.683354854432924 4.713217341935239e-36
11.955770713056356 4.7132173470848634e-36
12.234538377385784 4.713217352002812e-36
12.519805949796487 4.7132173566994856e-36
12.811724985904382 4.713217361184159e-36
13.110450575083778 4.713217365466456e-36
13.416141422862523 4.7132173695560625e-36
13.72895993523834 4.713217373461785e-36
14.04907230496112 4.71321737719119e-36
14.37664859982702 4.7132173807526775e-36
14.711862853031292 4.713217384153798e-36
15.054893155627816 4.713217387401718e-36
15.405921751144481 4.713217390503359e-36
15.765135132404664 4.7132173934652585e-36
16.132724140606275 4.713217396293061e-36
16.50888406671095 4.7132173989945024e-36
16.89381475519735 4.713217401573597e-36
17.287720710233557 4.713217404036532e-36
17.690811204325115 4.7132174063892466e-36
18.103300389496336 4.713217408634646e-36
18.52540741106398 4.7132174107796655e-36
18.957356524063755 4.713217412827821e-36
19.399377212391464 4.7132174147839715e-36
19.85170431072216 4.713217416651633e-36
20.314578129271972 4.713217418435785e-36
20.788244581469023 4.713217420139489e-36
21.272955314601134 4.713217421765286e-36
21.76896784350983 4.7132174233193047e-36
22.27654568740161 4.713217424802644e-36
22.79595850984919 4.7132174262190786e-36
23.327482262057103 4.713217427571866e-36
23.871399329467756 4.713217428864381e-36
24.427998681785848 4.713217430097398e-36
24.997576026500827 4.713217431274484e-36
25.580433965988984 4.713217432399116e-36
26.176882158278623 4.7132174334745844e-36
26.787237481563718 4.713217434500637e-36
27.411824202553472 4.713217435480244e-36
28.050974148747212 4.7132174364143476e-36
28.705026884726152 4.7132174373088806e-36
29.374329892555654 4.713217438160787e-36
30.05923875639388 4.713217438976977e-36
30.760117351404876 4.71321743975548e-36
31.477338037076432 4.713217440497534e-36
32.21128185504559 4.7132174412084015e-36
32.962338731536356 4.71321744188513e-36
33.730907684518286 4.7132174425318397e-36
34.51739703569462 4.713217443149994e-36
35.322224627433556 4.7132174437397115e-36
36.14581804475762 4.713217444303948e-36
36.98861484250899 4.7132174448395976e-36
37.851062777811606 4.7132174453549594e-36
38.733620047953465 4.7132174458462476e-36
39.63675553381552 4.7132174463137015e-36
40.5609490489765 4.7132174467609766e-36
41.506691594626034 4.71321744718949e-36
42.47448562042145 4.713217447597396e-36
43.46484529142686 4.7132174479874836e-36
44.4782967612764 4.713217448357639e-36
45.515378451706574 4.71321744871433e-36
46.576641338606535 4.713217449052934e-36
47.66264924473788 4.7132174493767206e-36
48.773979139279795 4.713217449686111e-36
49.911221444358546 4.713217449981726e-36
51.07498034872413 4.713217450262958e-36
52.265874128740876 4.713217450534721e-36
53.48453547686238 4.7132174507917664e-36
54.731611837765406 4.713217451036644e-36
56.00776575232122 4.713217451272097e-36
57.31367520958723 4.713217451496458e-36
58.650034007005786 4.713217451710235e-36
60.017552119001664 4.7132174519128115e-36
61.416956074173925 4.713217452109329e-36
62.84898934128261 4.7132174522948324e-36
64.31441272423535 4.71321745247432e-36
65.81400476628369 4.713217452642824e-36
67.34856216364385 4.7132174528071105e-36
68.91890018876182 4.7132174529632214e-36
70.52585312344742 4.713217453106569e-36
72.17027470210763 4.7132174532509224e-36
73.8530385653146 4.7132174533853044e-36
75.57503872394936 4.713217453512815e-36
77.33719003416762 4.7132174536370654e-36
79.14042868344033 4.713217453757988e-36
80.98571268792693 4.7132174538656924e-36
82.87402240144569 4.7132174539735946e-36
84.80636103631147 4.7132174540754844e-36
86.78375519631766 4.713217454175658e-36
88.80725542214539 4.7132174542682094e-36
90.8779367494899 4.7132174543552046e-36
92.99689928020044 4.71321745444226e-36
95.16526876673713 4.71321745452125e-36
97.38419721025556 4.7132174546046544e-36
99.6548634726365 4.713217454675364e-36
101.97847390278609 4.713217454747566e-36
104.35626297753925 4.713217454814198e-36
106.78949395750668 4.713217454877035e-36
109.27945955821409 4.713217454939944e-36
111.82748263689002 4.713217454998323e-36
114.43491689526716 4.713217455055997e-36
117.10314759877073 4.71321745511056e-36
119.8335923124757 4.7132174551567574e-36
122.62770165422418 4.7132174552118644e-36
125.4869600653028 4.713217455258402e-36
128.41288659908975 4.7132174552992184e-36
131.40703572809028 4.713217455341572e-36
134.4709981697896 4.7132174553827724e-36
137.6064017317617 4.713217455422575e-36
140.8149121764835 4.7132174554580534e-36
144.09823410631301 4.713217455495043e-36
147.45811186910282 4.713217455525427e-36
150.89633048492877 4.7132174555640506e-36
154.41471659442715 4.7132174555864684e-36
158.01513942924367 4.7132174556258556e-36
161.6995118051102 4.713217455650338e-36
165.46979113807643 4.713217455674784e-36
169.32798048443664 4.713217455702977e-36
173.27612960490418 4.7132174557262e-36
177.3163360535986 4.713217455749234e-36
181.45074629242436 4.713217455774164e-36
185.68155683143308 4.7132174557917054e-36
190.01101539577502 4.713217455813239e-36
194.44142211985996 4.713217455834596e-36
198.9751307693619 4.7132174558456444e-36
203.61454999171644 4.713217455870418e-36
208.36214459577587 4.713217455881175e-36
213.2204368613011 4.713217455901138e-36
218.19200787898666 4.71321745591701e-36
223.27949892173046 4.713217455934176e-36
228.48561284787684 4.7132174559509554e-36
233.81311553717836 4.713217455962192e-36
239.2648373602396 4.71321745596879e-36
244.8436746822229 4.713217455983847e-36
250.55259140161598 4.713217455995285e-36
256.3946205248776 4.7132174560104725e-36
262.37286577779935 4.7132174560086276e-36
268.49050325443824 4.713217456029794e-36
274.7507831044972 4.713217456045774e-36
281.15703126004934 4.713217456048509e-36
287.7126512025234 4.71321745605862e-36
294.4211257708895 4.713217456062257e-36
301.2860190120053 4.713217456079094e-36
308.3109780741064 4.713217456078727e-36
315.4997351444457 4.713217456088491e-36
322.8561094321127 4.713217456094695e-36
330.38400919708465 4.7132174561104827e-36
338.08743382658884 4.7132174561044375e-36
345.970475959878 4.7132174561149916e-36
354.0373236625486 4.7132174561170664e-36
362.2922626515567 4.7132174561245027e-36
370.7396785721134 4.7132174561258805e-36
379.3840593276699 4.713217456121523e-36
388.22999746422977 4.7132174561306366e-36
397.28219261025527 4.713217456142408e-36
406.54545397346374 4.7132174561497924e-36
416.02470289584096 4.7132174561527304e-36
425.7249754682287 4.7132174561549053e-36
435.6514252058753 4.7132174561511033e-36
445.8093257863709 4.713217456179477e-36
456.2040738514225 4.713217456176275e-36
466.841191873956 4.713217456164948e-36
477.72633109207 4.713217456169222e-36
488.86527451139875 4.713217456177334e-36
500.26393997748045 4.7132174561942444e-36
511.92838331976236 4.7132174562124426e-36
523.8648015689132 4.713217456188183e-36
536.079536249153 4.71321745619344e-36
548.5790767473477 4.7132174562003764e-36
561.3700637606607 4.7132174561936865e-36
574.4592928245908 4.7132174561859375e-36
587.8537179232724 4.7132174562089914e-36
601.560455183956 4.713217456211877e-36
615.5867866576306 4.7132174561987046e-36
629.940164187797 4.713217456216672e-36
644.6282133694491 4.713217456224759e-36
659.6587376003637 4.7132174562239095e-36
675.039722226853 4.713217456218902e-36
690.7793387861822 4.7132174561978426e-36
706.885949347905 4.71321745619569e-36
723.368110956425 4.7132174562068e-36
740.2345801771418 4.713217456189967e-36
757.4943177485981 4.7132174562039606e-36
775.1564933430986 4.7132174562149176e-36
793.2304904383309 4.713217456182033e-36
811.7259113025749 4.7132174562056525e-36
830.6525820961508 4.713217456231278e-36
850.0205580918159 4.713217456235697e-36
869.8401290168822 4.713217456236187e-36
890.1218245198946 4.713217456240138e-36
910.8764197647733 4.713217456219263e-36
932.1149411553916 4.71321745622846e-36
953.848672193633 4.713217456232571e-36
976.0891594740359 4.7132174562149216e-36
998.8482188182152 4.713217456208702e-36
1022.1379415523157 4.713217456265503e-36
1045.9707009308356 4.7132174562425814e-36
1070.3591587102305 4.713217456228061e-36
1095.3162718757928 4.713217456229195e-36
1120.8552995253765 4.7132174562256594e-36
1146.98980991363 4.713217456240102e-36
1173.7336876604738 4.7132174562074405e-36
1201.1011411276565 4.713217456218044e-36
1229.1067099673062 4.713217456199085e-36
1257.7652728464884 4.7132174562404445e-36
1287.0920553518754 4.7132174562274034e-36
1317.1026380787234 4.713217456234785e-36
1347.812964908458 4.713217456210413e-36
1379.239351479266 4.713217456204256e-36
1411.3984938541882 4.7132174561948645e-36
1444.3074773913293 4.71321745623378e-36
1477.9837858208825 4.713217456223847e-36
1512.445310533807 4.7132174562864174e-36
1547.71036008708 4.713217456237886e-36
1583.797669930582 4.713217456282401e-36
1620.7264123607779 4.71321745625904e-36
1658.5162067064848 4.713217456268808e-36
1697.1871297521373 4.7132174562418303e-36
1736.7597264040865 4.713217456231971e-36
1777.255020605602 4.71321745624998e-36
1818.6945265063737 4.713217456237496e-36
1861.1002598924472 4.713217456246521e-36
1904.4947498826687 4.7132174562156666e-36
1948.9010508978479 4.7132174562344034e-36
1994.3427549090043 4.713217456222565e-36
2040.8440039711966 4.713217456287348e-36
2088.4295030496014 4.713217456193539e-36
2137.124533144652 4.713217456224347e-36
2186.9549647232075 4.713217456230966e-36
2237.947271462894 4.7132174562168634e-36
2290.1285443169163 4.713217456181299e-36
2343.5265059068115 4.713217456148913e-36
2398.169525250793 4.7132174562793486e-36
2454.086632835509 4.7132174562113394e-36
2511.3075360392254 4.71321745623806e-36
2569.8626349146184 4.713217456218644e-36
2629.783038339575 4.713217456283223e-36
2691.100580544569 4.7132174562276674e-36
2753.8478380254037 4.713217456317822e-36
2818.0581468502987 4.71321745623504e-36
2883.7656203705187 4.7132174562511396e-36
2951.0051673439552 4.713217456247151e-36
3019.812510481288 4.713217456254654e-36
3090.2242054245785 4.7132174562983446e-36
3162.2776601683795 4.7132174562640337e-36
