# %ECSV 1.0
# ---
# datatype:
# - {name: mx, unit: MeV, datatype: float64}
# - {name: sigma_6, unit: cm2, datatype: float64}
# schema: astropy-2.0
mx sigma_6
3.162277660168379e-07 5.77943640592095e-37
3.2360111549336787e-07 5.943852897813588e-37
3.311463862505236e-07 6.11423583045909e-37
3.388675869043115e-07 6.290877818682297e-37
3.4676881953794695e-07 6.474089227701215e-37
3.548542818811901e-07 6.664199506649117e-37
3.6312826954049566e-07 6.861558499173199e-37
3.715951782811629e-07 7.066537780292382e-37
3.8025950636269697e-07 7.279532181955967e-37
3.89125856928623e-07 7.500961432898385e-37
3.9819894045202297e-07 7.73127169794e-37
4.0748357723809307e-07 7.970937571234167e-37
4.169846999850535e-07 8.220463896583375e-37
4.2670735640476865e-07 8.480387900664816e-37
4.3665671190447213e-07 8.751281521400129e-37
4.4683805233101997e-07 9.03375353648394e-37
4.572567867791303e-07 9.328452481046204e-37
4.6791845046510194e-07 9.636068983234349e-37
4.788287076675383e-07 9.957339055250124e-37
4.899933547366384e-07 1.0293047002523397e-36
5.014183231736547e-07 1.0644028915193466e-36
5.131096827821533e-07 1.1011176101303077e-36
5.250736448927506e-07 1.139543907173394e-36
5.373165656630395e-07 1.179783154635319e-36
5.4984494945446e-07 1.2219435094683641e-36
5.626654522879044e-07 1.2661403525144464e-36
5.757848853798981e-07 1.3124968145664435e-36
5.892102187612295e-07 1.3611443146690532e-36
6.029485849799565e-07 1.4122231311836173e-36
6.17007282890752e-07 1.4658830329260213e-36
6.313937815326057e-07 1.5222839379624577e-36
6.461157240969403e-07 1.5815966220405998e-36
6.611809319882495e-07 1.644003487154183e-36
6.765974089794179e-07 1.7096993762864856e-36
6.923733454639272e-07 1.7788924415059883e-36
7.085171228072106e-07 1.8518050900605857e-36
7.250373177994646e-07 1.928674975934447e-36
7.419427072122865e-07 2.0097560915741615e-36
7.592422724615558e-07 2.0953199052557203e-36
7.769452043790388e-07 2.1856566022184367e-36
7.950609080952509e-07 2.2810764046288477e-36
8.135990080361694e-07 2.381910994189683e-36
8.325693530364543e-07 2.488515023035716e-36
8.519820215718901e-07 2.6012677468908396e-36
8.718473271138315e-07 2.7205747655572392e-36
8.921758236084957e-07 2.8468698934643333e-36
9.12978311084014e-07 2.980617159555894e-36
9.342658413882192e-07 3.122312954103333e-36
9.560497240602198e-07 3.272488326238116e-36
9.78341532338879e-07 3.431711446248085e-36
1.0011531093113902e-06 3.600590244291328e-36
1.0244965742052174e-06 3.77977523745997e-36
1.048384328826741e-06 3.9699625582904255e-36
1.0728290641500308e-06 4.171897199741324e-36
1.0978437670592484e-06 4.386376491972895e-36
1.1234417272482566e-06 4.614253827261299e-36
1.149636544281106e-06 4.856442650962913e-36
1.1764421348171486e-06 5.113920737415657e-36
1.2038727400046132e-06 5.387734771347243e-36
1.2319429330465773e-06 5.679005256493811e-36
1.2606676269433496e-06 5.9889317749352006e-36
1.2900620824153782e-06 6.318798622237645e-36
1.3201419160108953e-06 6.669980845302518e-36
1.3509231084026028e-06 7.043950711776597e-36
1.38242201287781e-06 7.442284641900603e-36
1.4146553640265304e-06 7.866670635912468e-36
1.447640286632156e-06 8.318916232477119e-36
1.4813943047694329e-06 8.800957036153618e-36
1.5159353511145682e-06 9.314865854626775e-36
1.5512817764724183e-06 9.862862489348153e-36
1.587452359525819e-06 1.0447324226348938e-35
1.6244663168122348e-06 1.1070797077335601e-35
1.6623433129330315e-06 1.1736007824765482e-35
1.7011034710007933e-06 1.2445876928440823e-35
1.740767383330235e-06 1.3203532355278343e-35
1.7813561223783898e-06 1.4012324398326547e-35
1.8228912519398869e-06 1.4875841555828822e-35
1.8653948386032614e-06 1.5797927546200657e-35
1.908889463474389e-06 1.6782699540220457e-35
1.9533982341732686e-06 1.7834567697534236e-35
1.9989447971105317e-06 1.895825610092191e-35
2.045553350050195e-06 2.0158825188090536e-35
2.0932486549653353e-06 2.1441695788605424e-35
2.1420560511935146e-06 2.281267488049738e-35
2.192001468898943e-06 2.427798318970119e-35
2.2431114428485372e-06 2.5844284764338143e-35
2.2954131265091837e-06 2.7518718665082875e-35
2.3489343064737076e-06 2.930893292310609e-35
2.403703417223201e-06 3.12231209278944e-35
2.4597495562335635e-06 3.3270060418853557e-35
2.5171024994342686e-06 3.545915526708115e-35
2.575792717027583e-06 3.780048024698242e-35
2.635851389676631e-06 4.0304829011756976e-35
2.6973104250709106e-06 4.298376550205314e-35
2.760202474878063e-06 4.584967903352461e-35
2.8245609520908932e-06 4.891584332660541e-35
2.8904200487788716e-06 5.219647976065998e-35
2.9578147542535346e-06 5.570682515487119e-35
3.026780873657441e-06 5.946320439985898e-35
3.097355046986562e-06 6.348310828721217e-35
3.1695747685562034e-06 6.778527690897537e-35
3.2434784069208122e-06 7.238978902573603e-35
3.319105225258239e-06 7.73181578305126e-35
3.3964954022292982e-06 8.259343356620142e-35
3.4756900533236943e-06 8.824031348709754e-35
3.5567312527036693e-06 9.428525969012957e-35
3.6396620555569646e-06 1.0075662537903297e-34
3.7245265209709786e-06 1.0768479016501262e-34
3.811369735340273e-06 1.151023050504302e-34
3.900237836319859e-06 1.2304404778972223e-34
3.991178037336996e-06 1.3154738936852797e-34
4.0842386526745176e-06 1.406523723930427e-34
4.179469123139017e-06 1.5040190225822305e-34
4.2769200423275275e-06 1.6084195198507747e-34
4.376643183506652e-06 1.7202178172234453e-34
4.478691527118417e-06 1.8399417395903818e-34
4.583119288927478e-06 1.968156855682815e-34
4.689981948824612e-06 2.105469178897497e-34
4.799336280301815e-06 2.2525280614075943e-34
4.911240380614659e-06 2.4100292953926793e-34
5.0257537016479225e-06 2.5787184362083703e-34
5.142937081500915e-06 2.759394363376655e-34
5.262852776809252e-06 2.9529130964137217e-34
5.385564495820272e-06 3.1601918837299796e-34
5.511137432239651e-06 3.3822135841400926e-34
5.639638299867211e-06 3.6200313619196427e-34
5.771135368040315e-06 3.874773717841227e-34
5.905698497903673e-06 4.147649880226551e-34
6.043399179524854e-06 4.4399555817754445e-34
6.184310569875183e-06 4.753079249763744e-34
6.32850753169624e-06 5.088508639182704e-34
6.47606667327258e-06 5.447837940522035e-34
6.627066389131828e-06 5.832775396115821e-34
6.781586901693754e-06 6.245151461464545e-34
6.939710303890459e-06 6.686927550492215e-34
7.101520602780329e-06 7.160205406511815e-34
7.267103764178904e-06 7.667237143649312e-34
7.436547758330399e-06 8.210436006676746e-34
7.609942606644117e-06 8.79238790059457e-34
7.787380429520604e-06 9.415863745271004e-34
7.968955495292936e-06 1.0083832713365926e-33
8.15476427030917e-06 1.0799476415737109e-33
8.344905470182516e-06 1.1566204101994394e-33
8.539480112236516e-06 1.2387668946630204e-33
8.738591569173047e-06 1.3267785502406065e-33
8.942345623991688e-06 1.4210748400263273e-33
9.150850526189614e-06 1.5221052387585418e-33
9.364217049271877e-06 1.630351379933169e-33
9.58255854960264e-06 1.7463293564729647e-33
9.805991026628606e-06 1.8705921859231825e-33
1.0034633184506672e-05 2.0037324519305972e-33
1.0268606495168497e-05 2.1463851346011906e-33
1.0508035262855554e-05 2.2992306432318285e-33
1.07530466901589e-05 2.462998065871815e-33
1.1003770945598772e-05 2.6384686512039514e-33
1.1260341232779899e-05 2.826479539337322e-33
1.1522893861159297e-05 3.027927759288174e-33
1.1791568318464117e-05 3.243774512192214e-33
1.206650734479802e-05 3.475049760648939e-33
1.2347857008475478e-05 3.7228571460524766e-33
1.263576678362426e-05 3.988379257320496e-33
1.293038962959737e-05 4.272883276100009e-33
1.3231882072236462e-05 4.577727025315021e-33
1.3540404287030327e-05 4.9043654498336995e-33
1.3856120184212054e-05 5.2543575600806205e-33
1.4179197495840522e-05 5.629373871592856e-33
1.4509807864912299e-05 6.031204376026479e-33
1.484812693655133e-05 6.461767081077986e-33
1.5194334451324849e-05 6.923117160644163e-33
1.5548614340735104e-05 7.417456757772823e-33
1.5911154824937624e-05 7.947145487770182e-33
1.6282148512737936e-05 8.514711690747092e-33
1.6661792503919872e-05 9.12286448728652e-33
1.7050288493959805e-05 9.774506694315891e-33
1.7447842881182494e-05 1.047274866243832e-32
1.785466687641539e-05 1.1220923100294918e-32
1.8270976615199758e-05 1.2022600956171459e-32
1.869699327261814e-05 1.2881608432137816e-32
1.91329431807992e-05 1.380204521096532e-32
1.957905794916243e-05 1.4788303982501684e-32
2.003557458746648e-05 1.5845091361357396e-32
2.0502735631726606e-05 1.6977450295027768e-32
2.0980789273068064e-05 1.8190784067907926e-32
2.1469989489583918e-05 1.9490882016157505e-32
2.1970596181267336e-05 2.088394706998143e-32
2.2482875308090033e-05 2.2376625260811704e-32
2.3007099031300245e-05 2.3976037324827527e-32
2.354354585801526e-05 2.568981255603912e-32
2.4092500789185385e-05 2.752612506668034e-32
2.4654255471007912e-05 2.9493732625513066e-32
2.5229108349871537e-05 3.1602018256408656e-32
2.5817364830913554e-05 3.386103479236254e-32
2.641933744027406e-05 3.62815525937652e-32
2.7035345991133382e-05 3.887511065437587e-32
2.7665717753620915e-05 4.165407133404629e-32
2.8310787628685666e-05 4.46316789739798e-32
2.8970898326020842e-05 4.7822122668091747e-32
2.964640054613707e-05 5.124060348314682e-32
3.033765316668089e-05 5.490340644031227e-32
3.104502343309761e-05 5.88279775954522e-32
3.176888715373972e-05 6.303300656848728e-32
3.25096288995246e-05 6.753851491731973e-32
3.326764220824756e-05 7.236595075293935e-32
3.4043329793658724e-05 7.753829004064096e-32
3.483710375941493e-05 8.308014505277146e-32
3.5649385818020195e-05 8.901788047289848e-32
3.648060751487119e-05 9.537973768524809e-32
3.73312104575266e-05 1.0219596782346369e-31
3.820164655032238e-05 1.0949897417825575e-31
3.90923782344573e-05 1.1732346463234362e-31
4.0003878733676586e-05 1.2570661480126465e-31
4.093663230568398e-05 1.346882426332173e-31
4.1891134499415887e-05 1.443109952577045e-31
4.2867892418314344e-05 1.5462054893034594e-31
4.386742498973848e-05 1.6566582297644084e-31
4.489026324065786e-05 1.7749920870121597e-31
4.5936950579773975e-05 1.901768142896372e-31
4.700804308621986e-05 2.0375872679934316e-31
4.8104109804991236e-05 2.183092924133897e-31
4.922573304926602e-05 2.3389741620187754e-31
5.0373508709772956e-05 2.505968827223559e-31
5.154804657137365e-05 2.6848669887635977e-31
5.27499706370262e-05 2.876514605292727e-31
5.397991945930254e-05 3.0818174452127853e-31
5.5238546479635675e-05 3.3017452772308834e-31
5.6526520375476976e-05 3.5373363505510283e-31
5.784452541554797e-05 3.7897021831693036e-31
5.9193261823375433e-05 4.060032679350994e-31
6.057344614930286e-05 4.34960159837687e-31
6.198581165117595e-05 4.6597723970773595e-31
6.34311086839044e-05 4.9920044721972e-31
6.491010509810695e-05 5.34785982762509e-31
6.642358664805138e-05 5.729010195155448e-31
6.797235740910648e-05 6.137244638141093e-31
6.955724020492732e-05 6.574477669479591e-31
7.117907704460117e-05 7.042757917206781e-31
7.283872956998614e-05 7.544277372951828e-31
7.453707951348025e-05 8.08138126054157e-31
7.627502916646401e-05 8.65657856441769e-31
7.805350185866558e-05 9.27255325904006e-31
7.987344244870308e-05 9.932176284297916e-31
8.173581782606456e-05 1.063851831250668e-30
8.364161742479263e-05 1.1394863356864954e-30
8.559185374914618e-05 1.2204723272245558e-30
8.758756291151902e-05 1.307185320402051e-30
8.96298051829007e-05 1.4000268040552966e-30
9.17196655561724e-05 1.499425993186961e-30
9.385825432253677e-05 1.6058416934699805e-30
9.604670766138824e-05 1.7197642852659957e-30
9.828618824393714e-05 1.841717834206236e-30
0.00010057788585090809 1.972262334732382e-30
0.00010292301800464121 2.111996095727891e-30
0.00010532283061593165 2.2615582745410186e-30
0.00010777859864595113 2.421631568573609e-30
0.00011029162678360347 2.5929450726642995e-30
0.00011286325013867351 2.776277310987879e-30
0.00011549483495113791 2.9724594531044016e-30
0.00011818777931701482 3.182378722763722e-30
0.0001209435139311377 3.4069820099887626e-30
0.00012376350284724815 3.647279695891529e-30
0.00012664924425581149 3.904349700556807e-30
0.00012960227127996844 4.179341764327108e-30
0.00013262415279004548 4.473481973046023e-30
0.00013571649423705693 4.788077537476023e-30
0.0001388809385056415 5.124521838699641e-30
0.00014211916678688624 5.484299748055749e-30
0.00014543289947150178 5.868993234455349e-30
0.0001488238970638237 6.2802872675046996e-30
0.00015229396111712465 6.71997602761913e-30
0.00015584493519073535 7.189969431957127e-30
0.00015947870582948208 7.692299985766753e-30
0.00016319720356596128 8.229129966994035e-30
0.00016700240394618395 8.802758951822136e-30
0.00017089632857913436 9.41563168735258e-30
0.000174881046210801 1.0070346316668741e-29
0.00017895867382325032 1.0769662959159987e-29
0.0001831313777593269 1.1516512648751167e-29
0.00018740137487357792 1.231400662858152e-29
0.00019177093371001327 1.3165445999807935e-29
0.000196242375707327 1.4074331718589759e-29
0.00020081807643222024 1.504437493231512e-29
0.00020550046684148122 1.6079507642439743e-29
0.0002102920345734925 1.718389367715947e-29
0.0002151953252698519 1.8361939951858637e-29
0.00022021294392780895 1.961830799516591e-29
0.00022534755628423554 2.0957925694455948e-29
0.0002306018902318662 2.2385999244934056e-29
0.00023597873726856003 2.3908025231193377e-29
0.0002414809539803547 2.5529802811108607e-29
0.0002471114635590999 2.7257445903864177e-29
0.00025287325735547713 2.9097395379005806e-29
0.00025876939646823026 3.105643104434095e-29
0.00026480301337045197 3.31416834977339e-29
0.000270977313573789 3.536064558575963e-29
0.00027729557733145163 3.772118346434898e-29
0.00028376116138093086 4.02315470319609e-29
0.0002903775007273506 4.2900379656801444e-29
0.00029714811046840066 4.573672706468583e-29
0.00030407658766182135 4.875004507493561e-29
0.00031116661323643183 5.195020610998278e-29
0.0003184219539477161 5.534750423190476e-29
0.00032584646437900766 5.895265845526248e-29
0.00033344408898933415 6.277681409405028e-29
0.0003412188642090111 6.68315418327928e-29
0.0003491749205840977 7.112883438071681e-29
0.0003573164849708539 7.568110014815411e-29
0.0003656478827813646 8.050115387559006e-29
0.0003741735402815245 8.560220367398482e-29
0.0003828979869426037 9.099783431961219e-29
0.000391825857847644 9.670198615214412e-29
0.000400961896153964 1.0272892953761545e-28
0.0004103109556130814 1.0909323420183542e-28
0.0004198780031493915 1.1580973322399377e-28
0.00042966812149897106 1.2289348132245845e-28
0.000439686511909911 1.303597067903974e-28
0.0004499384969056106 1.3822375715505672e-28
0.00046042952311250296 1.465010377281527e-28
0.0004711651641537129 1.5520694314857398e-28
0.00048215112361018567 1.643567813102271e-28
0.0004933932380508582 1.7396568972940362e-28
0.0005048974801334842 1.8404854384685702e-28
0.0005166699617777604 1.9461985753055214e-28
0.0005287169374124361 2.05693675455351e-28
0.0005410448072981404 2.1728345755996707e-28
0.0005536601209276797 2.294019558093638e-28
0.0005665695805056229 2.42061083377284e-28
0.0005797800445090163 2.552717768708171e-28
0.0005932985313311235 2.6904385233255684e-28
0.000607132223010125 2.8338585464233306e-28
0.0006212884690447563 2.983049032688845e-28
0.0006357747902989163 3.1380653334396485e-28
0.0006505988829973161 3.298945345347596e-28
0.0006657686228142928 3.465707886321624e-28
0.0006812920690579615 3.638351076476216e-28
0.0006971774689519261 3.816850741953595e-28
0.0007134332620168255 4.001158857097493e-28
0.0007300680845540431 4.191202052123621e-28
0.0007470907742339592 4.386880201792566e-28
0.0007645103747911887 4.588065123130022e-28
0.0007823361408292924 4.794599402681477e-28
0.00080057754273752 5.006295377948904e-28
0.0008192442717221943 5.22293430131463e-28
0.0008383462449554094 5.44426570389288e-28
0.0008578936108437789 5.670006986494826e-28
0.0008778967544200344 5.899843259818654e-28
0.000898366302860337 6.133427449197387e-28
0.0009193131311302326 6.3703806845068115e-28
0.0009407483677622533 6.610292993606598e-28
0.000962683400768232 6.852724296202772e-28
0.000985129883689471 7.097205724110349e-28
0.0010080997417879817 7.343241251520202e-28
0.0010316051783820807 7.5903096483339034e-28
0.0010556586813297128 7.8378667388924205e-28
0.0010802730296629402 8.085347960919208e-28
0.001105461300377127 8.332171201918566e-28
0.0011312368753784248 8.577739890677356e-28
0.0011576134485932472 8.821446324982704e-28
0.0011846050332435167 9.062675191135879e-28
0.0012122259692915415 9.300807246042384e-28
0.0012404909310584848 9.535223124497502e-28
0.0012694149350204683 9.765307220203945e-28
0.0012990133477864558 9.990451609220988e-28
0.0013293018942621524 1.02100599512986e-27
0.001360296666004259 1.0423551344289844e-27
0.001392014129769518 1.0630364062310205e-27
0.0014244711362630968 1.082995915969178e-27
0.0014576849290909482 1.1021823866965558e-27
0.0014916731539209149 1.1205474767243804e-27
0.0015264538678574353 1.1380460697632231e-27
0.0015620455490348386 1.15463653566978e-27
0.0015984671064343198 1.1702809577753837e-27
0.0016357378899298156 1.1849453266460035e-27
0.0016738777005681136 1.198599696630137e-27
0.0017129068010886602 1.2112183049046831e-27
0.0017528459266886532 1.222779653639652e-27
0.00179371629603914 1.2332665534048273e-27
0.0018355396225579732 1.242666130737809e-27
0.0018783381259456144 1.2509697988880425e-27
0.0019221345439899109 1.25817319498409e-27
0.001966952144646121 1.2642760851241715e-27
0.0020128147383986056 1.2692822392051075e-27
0.002059746690910748 1.273199279656303e-27
0.0021077729359698315 1.2760385052619053e-27
0.0021569189887337423 1.2778146945742233e-27
0.002207210959286545 1.2785458909841444e-27
0.0022586755665101248 1.2782531740528464e-27
0.0023113401522792685 1.2769604183736285e-27
0.0023652326959877285 1.2746940453086094e-27
0.0024203818294129824 1.2714827687639302e-27
0.0024768168519275916 1.267357338462443e-27
0.002534567746065232 1.2623502853302287e-27
0.0025936651934496745 1.2564956662634184e-27
0.0026541405910951734 1.2498288175873657e-27
0.0027160260680869266 1.2423861132293748e-27
0.0027793545026504624 1.2342047322380897e-27
0.002844159539619031 1.2253224364909578e-27
0.0029104756083082714 1.2157773600039962e-27
0.0029783379408076585 1.2056078103138982e-27
0.0030477825906984404 1.194852083107961e-27
0.0031188464522080173 1.1835482908659382e-27
0.0031915672798109355 1.171734204641245e-27
0.0032659837082868936 1.1594471107429598e-27
0.003342135273246469 1.1467236808588228e-27
0.0034200624321353945 1.1335998567370122e-27
0.0034998065857286074 1.120110747536663e-27
0.0035814101001254554 1.1062905413504941e-27
0.003664916329257761 1.092172428202459e-27
0.0037503696379226933 1.077788536087519e-27
0.0038378154253526898 1.0631698777082165e-27
0.003927300149334948 1.0483463081771407e-27
0.004018871350893299 1.033346492743771e-27
0.00411257767954558 1.0181978835424329e-27
0.004208468919149921 1.002926704966516e-27
0.004306596014353682 9.875579467542594e-28
0.004407011097659079 9.721153640745837e-28
0.004509767517119906 9.56621484057056e-28
0.004614919864684026 9.410976176997667e-28
0.004722524005196735 9.255638769654167e-28
0.004832637106080367 9.100391961294789e-28
0.004945317667705937 8.94541356969068e-28
0.005060625554472947 8.790870170904848e-28
0.005178622026613854 8.636917409652908e-28
0.005299369772740128 8.483700332096371e-28
0.005422932943147155 8.33135373650395e-28
0.0055493771838957115 8.180002538324446e-28
0.00567876967168809 8.029762143155159e-28
0.005811179149557424 7.880738830990845e-28
0.0059466759633891655 7.733030139590671e-28
0.006085332099294114 7.586725252896946e-28
0.006227221221852859 7.441905386609345e-28
0.006372418713251954 7.298644171236461e-28
0.006521001713332612 7.157008030882366e-28
0.006673049160573193 7.0170565540662525e-28
0.006828641834027273 6.878842860511324e-28
0.006987862396239558 6.742413954446529e-28
0.00715079543716245 6.607811072859985e-28
0.007317527519096606 6.475070018929526e-28
0.007488147222679345 6.34422149001718e-28
0.007662745193945353 6.215291388417872e-28
0.007841414192484688 6.088301124803553e-28
0.008024249140723652 5.963267907838302e-28
0.008211347174354735 5.840205021980555e-28
0.008402807693942412 5.719122094256591e-28
0.008598732417732204 5.600025347299942e-28
0.008799225435691074 5.4829178421557865e-28
0.009004393264807849 5.3677997087220745e-28
0.009214344905683071 5.254668364798579e-28
0.009429191900438323 5.143518723888708e-28
0.009649048391975805 5.03434339212554e-28
0.009874031184619632 4.927132854659247e-28
0.010104259806171096 4.821875651903612e-28
0.01033985657141083 4.718558545395124e-28
0.010580946647081629 4.617166673916539e-28
0.010827658118386449 4.517683702416727e-28
0.011080122057036918 4.420091958909243e-28
0.011338472590888495 4.324372565351969e-28
0.01160284697519928 4.230505559539042e-28
0.01187338566555036 4.138470009509909e-28
0.012150232392466372 4.0482441202947405e-28
0.012433534237775993 3.9598053341454476e-28
0.01272344171275288 3.873130423618434e-28
0.013020108838078586 3.7881955787463088e-28
0.013323693225669961 3.7049764879252554e-28
0.013634356162414448 3.6234484134752955e-28
0.013952262695857842 3.5435862614952254e-28
0.014277581721889965 3.465364647027338e-28
0.014610486074474885 3.3887579539875906e-28
0.014951152617473332 3.3137403911814047e-28
0.015299762338606094 3.240286043534554e-28
0.015656500445608335 3.168368919760423e-28
0.016021556464625875 3.097962995932663e-28
0.016395124340905766 3.029042255963193e-28
0.016777402541834602 2.961580728290547e-28
0.017168594162379338 2.89555251994482e-28
0.01756890703298664 2.83093184713266e-28
0.017978553829998065 2.7676930641139523e-28
0.01839775218863974 2.7058106881050233e-28
0.01882672481864659 2.6452594233281192e-28
0.01926569962258253 2.5860141816485294e-28
0.019714909816919448 2.5280501018608996e-28
0.020174594055939365 2.47134256674164e-28
0.02064499655852557 2.415867218398729e-28
0.021126367237910063 2.3615999719524315e-28
0.021618961834446313 2.3085170276958683e-28
0.02212304205147776 2.2565948816846555e-28
0.022638875694374342 2.205810335160675e-28
0.0231667368128109 2.1561405026211224e-28
0.02370690584636297 2.107562818807452e-28
0.024259669773497434 2.0600550445136424e-28
0.024825322264037063 2.0135952716728796e-28
0.025404163835180054 1.9681619271785672e-28
0.025996502011157406 1.923733776136339e-28
0.026602651486612925 1.8802899242553269e-28
0.027222934293792744 1.8378098195319534e-28
0.027857679973633073 1.796273253265174e-28
0.02850722575083718 1.75566036053073e-28
0.02917191671303455 1.7159516200621213e-28
0.029852105994117403 1.6771278535834165e-28
0.030548154961852016 1.6391702247978946e-28
0.031260433409864494 1.6020602378632538e-28
0.031989319754103004 1.5657797355552578e-28
0.0327352012338808 1.5303108970159288e-28
0.03349847411760691 1.4956362352559554e-28
0.034279543913313774 1.4617385943519022e-28
0.03507882558409363 1.4286011463790546e-28
0.03589674376855814 1.3962073881227395e-28
0.03673373300643846 1.3645411375497578e-28
0.037590237969445384 1.3335865302851246e-28
0.038466713697512506 1.303328015647211e-28
0.03936362584054766 1.2737503527273082e-28
0.04028145090582124 1.2448386063036249e-28
0.04122067651112274 1.216578142682719e-28
0.04218180164382002 1.188954625406456e-28
0.043165336925959 1.1619540108849306e-28
0.044171804885544536 1.1355625439934657e-28
0.04520174023414663 1.109766753615105e-28
0.046255690150979495 1.0845534481345643e-28
0.047334214573604344 1.0599097109073874e-28
0.048437886495410414 1.0358228957081297e-28
0.04956729227003216 1.0122806221763189e-28
0.05072303192286451 9.89270771247192e-29
0.051905719469841495 9.667814805927904e-29
0.05311598324364777 9.448011400753514e-29
0.05435446622753626 9.233183872151249e-29
0.05562182639692926 9.023221026803151e-29
0.056918737068984544 8.818014058004657e-29
0.058245887260312136 8.617456501273848e-29
0.05960398205303182 8.421444190045634e-29
0.06099374296936585 8.229875211965765e-29
0.06241590835496589 8.042649865532074e-29
0.06387123377117784 7.85967061722418e-29
0.06536049239645289 7.680842059085097e-29
0.06688447543711816 7.50607086663058e-29
0.06844399254772507 7.335265757785808e-29
0.0700398722611988 7.16833745168511e-29
0.0716729624290174 7.005198628518374e-29
0.07334413067165428 6.84576388975415e-29
0.07505426483952363 6.689949718979656e-29
0.07680427348467332 6.537674443174116e-29
0.07859508634347626 6.388858195026244e-29
0.08042765483057629 6.243422874980048e-29
0.08230295254435131 6.10129211518182e-29
0.08422197578416211 5.96239124242651e-29
0.08618574407966152 5.826647243380358e-29
0.08819530073244539 5.693988728955602e-29
0.09025171337033296 5.564345900306987e-29
0.09235607451457113 5.437650514928593e-29
0.09450950216026408 5.31383585343742e-29
0.09671314037033632 5.192836687168728e-29
0.09896815988334524 5.074589245983434e-29
0.10127575873546546 4.959031187130432e-29
0.10363716289697593 4.846101564247273e-29
0.10605362692358762 4.735740797319444e-29
0.10852643462295801 4.627890642975274e-29
0.11105689973674641 4.5224941654267863e-29
0.11364636663857243 4.419495708075167e-29
0.11629621104824843 4.318840865495912e-29
0.1190078407626656 4.2204764561172224e-29
0.12178269640372161 4.12435049539483e-29
0.12462225218368743 4.030412169524014e-29
0.1275280166884199 3.938611809698851e-29
0.13050153367883624 3.848900866885391e-29
0.1335443829110759 3.761231887089265e-29
0.13665818097578622 3.6755584872111266e-29
0.13984458215697693 3.5918353312851496e-29
0.14310527931090045 3.5100181073174004e-29
0.14644200476542463 3.430063504536929e-29
0.14985653124037576 3.351929191177108e-29
0.15335067278934078 3.275573792659704e-29
0.1569262857634292 3.2009568703407325e-29
0.1605852697975066 3.1280389005582095e-29
0.16432956881942368 3.056781254323131e-29
0.16816117208277714 2.98714617722355e-29
0.172082115223751 2.9190967699642203e-29
0.1760944813425998 2.852596969168185e-29
0.1802004021103484 2.787611528685286e-29
0.18440205890129596 2.724106001273258e-29
0.18870168395192646 2.662046720658364e-29
0.1931015615468407 2.601400784036167e-29
0.1976040292323402 2.5421360348838923e-29
0.20221147905830805 2.4842210462238926e-29
0.20692635884904578 2.4276251041801532e-29
0.21175117350374192 2.3723181919566142e-29
0.2166884863272632 2.3182709741230744e-29
0.22174092039197504 2.2654547812682926e-29
0.22691115993131514 2.2138415949918716e-29
0.23220195176586036 2.1634040332130967e-29
0.2376161067626448 2.114115335817616e-29
0.24315650132850383 2.065949350616468e-29
0.24882607893823822 2.0188805196155677e-29
0.25462785169840935 1.9728838655920536e-29
0.2605649019475973 1.927934978967464e-29
0.26664038389397104 1.8840100049694803e-29
0.27285752529104135 1.8410856310913953e-29
0.2792196291524867 1.7991390748124154e-29
0.2857300755069626 1.7581480716106737e-29
0.2923923231938275 1.718090863229086e-29
0.2992099117007387 1.6789461862161174e-29
0.3061864630440946 1.6406932607089993e-29
0.31332568369332287 1.6033117794861231e-29
0.32063136654003577 1.5667818972410903e-29
0.3281073929131 1.531084220126326e-29
0.3357577346406907 1.4961997955011048e-29
0.343586456160426 1.462110101935215e-29
0.3515977166787018 1.4287970394206268e-29
0.359795772380376 1.396242919811007e-29
0.368184978689974 1.3644304574762077e-29
0.3767697925856183 1.3333427601616627e-29
0.38555477496691104 1.3029633200629956e-29
0.394544593078027 1.2732760050904556e-29
0.4037440229873054 1.24426505034227e-29
0.4131579521246571 1.2159150497591483e-29
0.42279138187813525 1.188210947976742e-29
0.43264943025104924 1.161138032354871e-29
0.4427373345810337 1.1346819251911374e-29
0.4530604543225162 1.1088285761092078e-29
0.4636242738940635 1.0835642546184308e-29
0.47443440559211736 1.0588755428429252e-29
0.48549659257266914 1.0347493284146199e-29
0.4968167119024568 1.0111727975270703e-29
0.5084007776813051 9.881334281467844e-30
0.5202549442372687 9.656189833781342e-30
0.5323855093962742 9.436175049782534e-30
0.5447989178279997 9.22117307020125e-30
0.557501764469769 9.011069696971062e-30
0.5705007980302781 8.805753332704353e-30
0.5838029245750183 8.605114921515936e-30
0.5974152111952977 8.409047891211396e-30
0.6113448897628128 8.217448096762481e-30
0.6255993607717623 8.030213765094011e-30
0.6401861972705483 7.847245441089182e-30
0.6551131488851486 7.668445934858964e-30
0.6703881459363026 7.493720270171639e-30
0.686019303652694 7.322975634081584e-30
0.7020149264823721 7.156121327686016e-30
0.7183835125046995 6.99306871800466e-30
0.7351337579451718 6.833731190957163e-30
0.7522745617955077 6.678024105397581e-30
0.7698150305414633 6.525864748208776e-30
0.7877644830008832 6.377172290399815e-30
0.8061324552745581 6.231867744219032e-30
0.8249287058125218 6.0898739212251305e-30
0.8441632205984669 5.9511153913260784e-30
0.8638462184550629 5.815518442737837e-30
0.8839881564729563 5.683011042861102e-30
0.9045997355663667 5.553522800044175e-30
0.9256919061582187 5.426984926215969e-30
0.9472758739978306 5.303330200369472e-30
0.9693631061142522 5.182492932875608e-30
0.9919653369084147 5.064408930608527e-30
1.0150945743873274 4.949015462864679e-30
1.0387631065436362 4.836251228057138e-30
1.0629835078839296 4.7260563211673555e-30
1.0877686461092637 4.618372201938841e-30
1.1131316889514546 4.513141663792134e-30
1.1390861111687691 4.410308803450467e-30
1.16564570170473 4.3098189912531186e-30
1.1928245710138414 4.211618842148119e-30
1.2206371585581264 4.115656187341198e-30
1.2490982404784545 4.021880046594521e-30
1.2782229374447416 3.930240601151145e-30
1.3080267226891875 3.840689167280608e-30
1.3385254302268237 3.753178170422645e-30
1.369735263267732 3.667661119922368e-30
1.4016728028254128 3.5840925843393534e-30
1.4343550165258654 3.502428167318814e-30
1.4677992676220706 3.422624484013269e-30
1.5020233242186567 3.34463913803918e-30
1.5370453687116559 3.2684306989606546e-30
1.5728840074483612 3.193958680283289e-30
1.6095582806124205 3.1211835179516834e-30
1.6470876723394143 3.050066549334221e-30
1.6854921210682972 2.980569992688483e-30
1.7247920301341966 2.9126569270926665e-30
1.7650082786082029 2.846291272835182e-30
1.8061622323899016 2.7814377722502196e-30
1.848275755558551 2.7180619709899957e-30
1.8913712219889245 2.6561301997235737e-30
1.935471527238 2.595609556252403e-30
1.9806001007088037 2.536467888033253e-30
2.0267809180978715 2.4786737750991797e-30
2.0740385141329463 2.422196513369562e-30
2.1223979956076717 2.3670060983401914e-30
2.171885054720213 2.3130732091450277e-30
2.222525982722885 2.260369192980716e-30
2.274347683890048 2.2088660498862934e-30
2.327377689811681 2.1585364178691206e-30
2.3816441740202396 2.1093535583701263e-30
2.437175966958554 2.0612913420596094e-30
2.4940025712967335 2.014324234957205e-30
2.552154177606206 1.968427284867405e-30
2.611661680399223 1.923576108124652e-30
2.6725566945423505 1.879746876639944e-30
2.7348715720526675 1.8369163052427933e-30
2.7986394192855935 1.79506163931146e-30
2.863894114523477 1.7541606426848988e-30
2.9306703259742912 1.714191585850292e-30
2.999003530189995 1.6751332343994007e-30
3.068930030914351 1.6369648377482337e-30
3.1404869783702067 1.599666118113346e-30
3.21371238899649 1.5632172597396182e-30
3.2886451656454048 1.5275988983731458e-30
3.3653251182505572 1.492792110974219e-30
3.443792984976987 1.4587784056644568e-30
3.5240904538643507 1.4255397119031149e-30
3.6062601849747473 1.3930583708871236e-30
3.6903458330569543 1.3613171261698609e-30
3.77639207073912 1.3302991144936684e-30
3.8644446122622242 1.2999878568312197e-30
3.9545502377669295 1.2703672496309845e-30
4.046756818146711 1.2414215562621631e-30
4.141113340480481 1.2131353986545239e-30
4.237669934058216 1.1854937491287248e-30
4.336477897013409 1.1584819224127598e-30
4.437589723576497 1.1320855678402808e-30
4.541059131963759 1.1062906617267248e-30
4.646941092916466 1.0810834999190616e-30
4.755291858905486 1.0564506905153765e-30
4.866168994016832 1.0323791467502303e-30
4.979631404534034 1.0088560800422248e-30
5.0957393702336 9.858689931998687e-31
5.214554576410165 9.634056737823248e-31
5.336140146648369 9.414541876113737e-31
5.4605606763588606 9.200028724312235e-31
5.587882267096237 8.990403317127805e-31
5.718172561677172 8.785554285990593e-31
5.851500780117376 8.58537279988581e-31
5.987937756406471 8.38975250753535e-31
6.127555976140354 8.198589480897174e-31
6.270429615030991 8.011782159951623e-31
6.416634578314149 7.829231298746135e-31
6.566248541075969 7.650839912668956e-31
6.719350989519823 7.476513226924532e-31
6.87602326319537 7.306158626182513e-31
7.036348598212252 7.139685605374333e-31
7.200412171461376 6.977005721610575e-31
7.368301145867304 6.818032547194104e-31
7.540104716695753 6.6626816237036375e-31
7.715914158940838 6.510870417123581e-31
7.8958228758172275 6.3625182739962235e-31
8.07992644838296 6.217546378572932e-31
8.2683226863193 6.075877710941706e-31
8.461111679894604 5.937437006108797e-31
8.658395853139817 5.802150714012597e-31
8.860280018263818 5.669946960448601e-31
9.066871431337571 5.540755508884803e-31
9.278279849276613 5.414507723146933e-31
9.494617588152204 5.291136530954114e-31
9.715999582862075 5.170576388285177e-31
9.942543448192506 5.052763244557043e-31
10.17436954130415 4.937634508596372e-31
10.411601025674827 4.825129015386679e-31
10.654363936533231 4.715186993573003e-31
10.902787247818345 4.607750033707066e-31
11.157002940700098 4.502761057215931e-31
11.417146073697703 4.400164286077697e-31
11.683354854432924 4.299905213188186e-31
11.955770713056356 4.2019305734027485e-31
12.234538377385784 4.106188315237992e-31
12.519805949796487 4.0126275732181555e-31
12.811724985904382 3.921198640851691e-31
13.110450575083778 3.831852944223522e-31
13.416141422862523 3.7445430161889975e-31
13.72895993523834 3.6592224711558822e-31
14.04907230496112 3.5758459804408804e-31
14.37664859982702 3.494369248187741e-31
14.711862853031292 3.4147489878339963e-31
15.054893155627816 3.3369428991139684e-31
15.405921751144481 3.2609096455857383e-31
15.765135132404664 3.1866088326701535e-31
16.132724140606275 3.1140009861902694e-31
16.50888406671095 3.0430475313997118e-31
16.89381475519735 2.973710772488935e-31
17.287720710233557 2.9059538725584024e-31
17.690811204325115 2.8397408340480833e-31
18.103300389496336 2.7750364796128914e-31
18.52540741106398 2.711806433433852e-31
18.957356524063755 2.6500171029551115e-31
19.399377212391464 2.5896356610370852e-31
19.85170431072216 2.5306300285162157e-31
20.314578129271972 2.472968857162147e-31
20.788244581469023 2.416621513023202e-31
21.272955314601134 2.361558060151346e-31
21.76896784350983 2.3077492446979727e-31
22.27654568740161 2.2551664793720834e-31
22.79595850984919 2.203781828252579e-31
23.327482262057103 2.1535679919466135e-31
23.871399329467756 2.1044982930861173e-31
24.427998681785848 2.056546662154779e-31
24.997576026500827 2.0096876236379836e-31
25.580433965988984 1.963896282488297e-31
26.176882158278623 1.9191483108993647e-31
26.787237481563718 1.8754199353811582e-31
27.411824202553472 1.8326879241297132e-31
28.050974148747212 1.790929574684662e-31
28.705026884726152 1.7501227018679798e-31
29.374329892555654 1.710245625997563e-31
30.05923875639388 1.671277161369349e-31
30.760117351404876 1.6331966050018908e-31
31.477338037076432 1.5959837256373747e-31
32.21128185504559 1.5596187529932557e-31
32.962338731536356 1.5240823672588223e-31
33.730907684518286 1.4893556888310335e-31
34.51739703569462 1.455420268284275e-31
35.322224627433556 1.4222580765686373e-31
36.14581804475762 1.3898514954315315e-31
36.98861484250899 1.3581833080575446e-31
37.851062777811606 1.3272366899215868e-31
38.733620047953465 1.2969951998504274e-31
39.63675553381552 1.2674427712879186e-31
40.5609490489765 1.2385637037592311e-31
41.506691594626034 1.2103426545295789e-31
42.47448562042145 1.182764630453008e-31
43.46484529142686 1.1558149800069164e-31
44.4782967612764 1.1294793855080596e-31
45.515378451706574 1.1037438555059163e-31
46.576641338606535 1.0785947173493902e-31
47.66264924473788 1.0540186099228588e-31
48.773979139279795 1.0300024765477517e-31
49.911221444358546 1.0065335580458576e-31
51.07498034872413 9.835993859606918e-32
52.265874128740876 9.611877759333151e-32
53.48453547686238 9.392868212290801e-32
54.731611837765406 9.17884886411891e-32
56.00776575232122 8.969706011625687e-32
57.31367520958723 8.765328542380968e-32
58.650034007005786 8.565607875684857e-32
60.017552119001664 8.370437904881504e-32
61.416956074173925 8.17971494098728e-32
62.84898934128261 7.993337657603363e-32
64.31441272423535 7.811207037083587e-32
65.81400476628369 7.633226317928755e-32
67.34856216364385 7.459300943379698e-32
68.91890018876182 7.289338511181583e-32
70.52585312344742 7.123248724492901e-32
72.17027470210763 6.960943343912976e-32
73.8530385653146 6.80233614060257e-32
75.57503872394936 6.647342850472615e-32
77.33719003416762 6.495881129416814e-32
79.14042868344033 6.347870509564244e-32
80.98571268792693 6.203232356528752e-32
82.87402240144569 6.061889827632471e-32
84.80636103631147 5.9237678310812e-32
86.78375519631766 5.788792986069991e-32
88.80725542214539 5.656893583797752e-32
90.8779367494899 5.527999549370111e-32
92.99689928020044 5.40204240457038e-32
95.16526876673713 5.278955231478768e-32
97.38419721025556 5.158672636920533e-32
99.6548634726365 5.041130717724222e-32
101.97847390278609 4.9262670267714804e-32
104.35626297753925 4.8140205398204664e-32
106.78949395750668 4.70433162308514e-32
109.27945955821409 4.5971420015533513e-32
111.82748263689002 4.4923947280267274e-32
114.43491689526716 4.3900341528660827e-32
117.10314759877073 4.290005894426069e-32
119.8335923124757 4.192256810163628e-32
122.62770165422418 4.0967349684046276e-32
125.4869600653028 4.003389620753861e-32
128.41288659908975 3.912171175133654e-32
131.40703572809028 3.823031169436868e-32
134.4709981697896 3.7359222457801405e-32
137.6064017317617 3.6507981253438195e-32
140.8149121764835 3.56761358378518e-32
144.09823410631301 3.4863244272118465e-32
147.45811186910282 3.4068874687026643e-32
150.89633048492877 3.329260505363552e-32
154.41471659442715 3.253402295906163e-32
158.01513942924367 3.179272538737395e-32
161.6995118051102 3.106831850548146e-32
165.46979113807643 3.036041745389944e-32
169.32798048443664 2.966864614228316e-32
173.27612960490418 2.8992637049620314e-32
177.3163360535986 2.833203102897613e-32
181.45074629242436 2.7686477116687557e-32
185.68155683143308 2.7055632345905e-32
190.01101539577502 2.6439161564382404e-32
194.44142211985996 2.583673725641905e-32
198.9751307693619 2.524803936885884e-32
203.61454999171644 2.4672755141053747e-32
208.36214459577587 2.4110578938701833e-32
213.2204368613011 2.356121209147136e-32
218.19200787898666 2.3024362734324554e-32
223.27949892173046 2.249974565245697e-32
228.48561284787684 2.198708212976989e-32
233.81311553717836 2.148609980079537e-32
239.2648373602396 2.0996532505995105e-32
244.8436746822229 2.0518120150356568e-32
250.55259140161598 2.005060856521091e-32
256.3946205248776 1.9593749373199378e-32
262.37286577779935 1.9147299856316575e-32
268.49050325443824 1.8711022826960422e-32
274.7507831044972 1.8284686501920225e-32
281.15703126004934 1.7868064379235974e-32
287.7126512025234 1.7460935117863413e-32
294.4211257708895 1.7063082420081077e-32
301.2860190120053 1.66742949165766e-32
308.3109780741064 1.6294366054151453e-32
315.4997351444457 1.5923093985984347e-32
322.8561094321127 1.5560281464394896e-32
330.38400919708465 1.5205735736050973e-32
338.08743382658884 1.48592684395635e-32
345.970475959878 1.452069550541465e-32
354.0373236625486 1.418983705816642e-32
362.2922626515567 1.3866517320897146e-32
370.7396785721134 1.3550564521815562e-32
379.3840593276699 1.3241810803002722e-32
388.22999746422977 1.294009213123324e-32
397.28219261025527 1.2645248210828484e-32
406.54545397346374 1.2357122398495366e-32
416.02470289584096 1.207556162010576e-32
425.7249754682287 1.1800416289371934e-32
435.6514252058753 1.1531540228375004e-32
445.8093257863709 1.126879058990429e-32
456.2040738514225 1.1012027781566078e-32
466.841191873956 1.076111539162167e-32
477.72633109207 1.0515920116515134e-32
488.86527451139875 1.0276311690052491e-32
500.26393997748045 1.0042162814194421e-32
511.92838331976236 9.813349091426033e-33
523.8648015689132 9.589748958667502e-33
536.079536249153 9.371243622690604e-33
548.5790767473477 9.157716997006833e-33
561.3700637606607 8.949055640193477e-33
574.4592928245908 8.745148695625033e-33
587.8537179232724 8.545887832577803e-33
601.560455183956 8.351167188676441e-33
615.5867866576306 8.160883313651905e-33
629.940164187797 7.974935114380897e-33
644.6282133694491 7.793223801177536e-33
659.6587376003637 7.61565283530891e-33
675.039722226853 7.442127877706346e-33
690.7793387861822 7.272556738845469e-33
706.885949347905 7.106849329768146e-33
723.368110956425 6.944917614220439e-33
740.2345801771418 6.786675561881154e-33
757.4943177485981 6.63203910265601e-33
775.1564933430986 6.480926082013328e-33
793.2304904383309 6.333256217337301e-33
811.7259113025749 6.188951055275872e-33
830.6525820961508 6.047933930060368e-33
850.0205580918159 5.910129922774899e-33
869.8401290168822 5.775465821553765e-33
890.1218245198946 5.6438700826858245e-33
910.8764197647733 5.515272792605062e-33
932.1149411553916 5.389605630747248e-33
953.848672193633 5.2668018332529175e-33
976.0891594740359 5.146796157497376e-33
998.8482188182152 5.029524847428902e-33
1022.1379415523157 4.914925599696727e-33
1045.9707009308356 4.802937530550814e-33
1070.3591587102305 4.693501143495816e-33
1095.3162718757928 4.586558297682068e-33
1120.8552995253765 4.482052177016772e-33
1146.98980991363 4.379927259979038e-33
1173.7336876604738 4.280129290122631e-33
1201.1011411276565 4.182605247250907e-33
1229.1067099673062 4.0873033192484556e-33
1257.7652728464884 3.994172874554619e-33
1287.0920553518754 3.9031644352641964e-33
1317.1026380787234 3.81422965084104e-33
1347.812964908458 3.727321272430632e-33
1379.239351479266 3.642393127757912e-33
1411.3984938541882 3.559400096597106e-33
1444.3074773913293 3.4782980868004536e-33
1477.9837858208825 3.399044010873136e-33
1512.445310533807 3.3215957630819734e-33
1547.71036008708 3.245912197085665e-33
1583.797669930582 3.1719531040747705e-33
1620.7264123607779 3.099679191409755e-33
1658.5162067064848 3.029052061745783e-33
1697.1871297521373 2.960034192633152e-33
1736.7597264040865 2.892588916582554e-33
1777.255020605602 2.826680401584529e-33
1818.6945265063737 2.7622736320728183e-33
1861.1002598924472 2.6993343903214433e-33
1904.4947498826687 2.6378292382656856e-33
1948.9010508978479 2.5777254997372593e-33
1994.3427549090043 2.518991243104282e-33
2040.8440039711966 2.461595264306773e-33
2088.4295030496014 2.405507070278717e-33
2137.124533144652 2.3506968627478507e-33
2186.9549647232075 2.2971355224045648e-33
2237.947271462894 2.244794593431552e-33
2290.1285443169163 2.1936462683859242e-33
2343.5265059068115 2.1436633734258048e-33
2398.169525250793 2.0948193538735357e-33
2454.086632835509 2.0470882601078418e-33
2511.3075360392254 2.000444733777426e-33
2569.8626349146184 1.9548639943287144e-33
2629.783038339575 1.9103218258405532e-33
2691.100580544569 1.8667945641588944e-33
2753.8478380254037 1.8242590843246027e-33
2818.0581468502987 1.7826927882877522e-33
2883.7656203705187 1.7420735929018277e-33
2951.0051673439552 1.7023799181914988e-33
3019.812510481288 1.6635906758877157e-33
3090.2242054245785 1.625685258224028e-33
3162.2776601683795 1.5886435269881875e-33
