# %ECSV 1.0
# ---
# datatype:
# - {name: mx, unit: MeV, datatype: float64}
# - {name: sigma_6, unit: cm2, datatype: float64}
# schema: astropy-2.0
mx sigma_6
3.162277660168379e-07 4.705782879914309e-31
3.2360111549336787e-07 5.153862284070216e-31
3.311463862505236e-07 5.64493968437865e-31
3.388675869043115e-07 6.183154737524826e-31
3.4676881953794695e-07 6.773046288589075e-31
3.548542818811901e-07 7.4195908952719025e-31
3.6312826954049566e-07 8.128245071400119e-31
3.715951782811629e-07 8.90499160884505e-31
3.8025950636269697e-07 9.756390371650568e-31
3.89125856928623e-07 1.0689633994280251e-30
3.9819894045202297e-07 1.1712608957473427e-30
4.0748357723809307e-07 1.2833962561052765e-30
4.169846999850535e-07 1.406317636310743e-30
4.2670735640476865e-07 1.5410646709969792e-30
4.3665671190447213e-07 1.6887773041731077e-30
4.4683805233101997e-07 1.8507054724180137e-30
4.572567867791303e-07 2.0282197230475968e-30
4.6791845046510194e-07 2.222822857552331e-30
4.788287076675383e-07 2.436162699309752e-30
4.899933547366384e-07 2.6700460941390905e-30
5.014183231736547e-07 2.9264542627607607e-30
5.131096827821533e-07 3.207559635708215e-30
5.250736448927506e-07 3.515744313854464e-30
5.373165656630395e-07 3.8536203115425326e-30
5.4984494945446e-07 4.224051754463148e-30
5.626654522879044e-07 4.630179221057995e-30
5.757848853798981e-07 5.07544643445001e-30
5.892102187612295e-07 5.563629531896033e-30
6.029485849799565e-07 6.098869160679593e-30
6.17007282890752e-07 6.685705673402797e-30
6.313937815326057e-07 7.329117721990434e-30
6.461157240969403e-07 8.034564578644712e-30
6.611809319882495e-07 8.808032543647325e-30
6.765974089794179e-07 9.65608583473566e-30
6.923733454639272e-07 1.0746547872076004e-29
7.085171228072106e-07 1.1781532467537677e-29
7.250373177994646e-07 1.291634039048108e-29
7.419427072122865e-07 1.4160606145817456e-29
7.592422724615558e-07 1.5524894431293524e-29
7.769452043790388e-07 1.702078996055355e-29
7.950609080952509e-07 1.866099596058475e-29
8.135990080361694e-07 2.045944218121649e-29
8.325693530364543e-07 2.2431403335378583e-29
8.519820215718901e-07 2.4593628977395543e-29
8.718473271138315e-07 2.6964485924022143e-29
8.921758236084957e-07 2.956411442950787e-29
9.12978311084014e-07 3.2414599443012094e-29
9.342658413882192e-07 3.5540158404930624e-29
9.560497240602198e-07 3.896734717947352e-29
9.78341532338879e-07 4.272528587494019e-29
1.0011531093113902e-06 4.684590647242626e-29
1.0244965742052174e-06 5.136422436911729e-29
1.048384328826741e-06 5.631863614575785e-29
1.0728290641500308e-06 6.175124609095666e-29
1.0978437670592484e-06 6.770822425957108e-29
1.1234417272482566e-06 7.424019911052412e-29
1.149636544281106e-06 8.14026880637957e-29
1.1764421348171486e-06 8.925656963856901e-29
1.2038727400046132e-06 9.786860118834547e-29
1.2319429330465773e-06 1.0731198663659438e-28
1.2606676269433496e-06 1.17666999041995e-28
1.2900620824153782e-06 1.2902166328826498e-28
1.3201419160108953e-06 1.4147250470558407e-28
1.3509231084026028e-06 1.551253699905967e-28
1.38242201287781e-06 1.7009632740793633e-28
1.4146553640265304e-06 1.8651265392957018e-28
1.447640286632156e-06 2.0451391770839936e-28
1.4813943047694329e-06 2.242531650932203e-28
1.5159353511145682e-06 2.458982222809609e-28
1.5512817764724183e-06 2.6963312267806906e-28
1.587452359525819e-06 2.9565967211159166e-28
1.6244663168122348e-06 3.2419916520190315e-28
1.6623433129330315e-06 3.5549426749795985e-28
1.7011034710007933e-06 3.898110793815399e-28
1.740767383330235e-06 4.274413992969836e-28
1.7813561223783898e-06 4.6870520555547635e-28
1.8228912519398869e-06 5.1395337782332965e-28
1.8653948386032614e-06 5.635706814431624e-28
1.908889463474389e-06 6.179790399691977e-28
1.9533982341732686e-06 6.776411237538912e-28
1.9989447971105317e-06 7.430642851070838e-28
2.045553350050195e-06 8.148048735001218e-28
2.0932486549653353e-06 8.934729675160359e-28
2.1420560511935146e-06 9.79737563794678e-28
2.192001468898943e-06 1.0743322671098221e-27
2.2431114428485372e-06 1.1780615299704711e-27
2.2954131265091837e-06 1.2918074948204766e-27
2.3489343064737076e-06 1.4165374970345545e-27
2.403703417223201e-06 1.5533122925222767e-27
2.4597495562335635e-06 1.7032950799228818e-27
2.5171024994342686e-06 1.867761394129864e-27
2.575792717027583e-06 2.048109955289595e-27
2.635851389676631e-06 2.2458745655542415e-27
2.6973104250709106e-06 2.4627371547695617e-27
2.760202474878063e-06 2.7005420860624027e-27
2.8245609520908932e-06 2.9613118429936687e-27
2.8904200487788716e-06 3.2472642317099394e-27
2.9578147542535346e-06 3.560831244397597e-27
3.026780873657441e-06 3.90467974447191e-27
3.097355046986562e-06 4.2817341494446035e-27
3.1695747685562034e-06 4.695201304386593e-27
3.2434784069208122e-06 5.1485977575324074e-27
3.319105225258239e-06 5.645779670023966e-27
3.3964954022292982e-06 6.190975614145723e-27
3.4756900533236943e-06 6.788822539054608e-27
3.5567312527036693e-06 7.44440520983069e-27
3.6396620555569646e-06 8.163299455308764e-27
3.7245265209709786e-06 8.95161959254102e-27
3.811369735340273e-06 9.816070431127308e-27
3.900237836319859e-06 1.0764004299809238e-26
3.991178037336996e-06 1.1803483580268832e-26
4.0842386526745176e-06 1.2943349279962257e-26
4.179469123139017e-06 1.4193296227157955e-26
4.2769200423275275e-06 1.556395552773061e-26
4.376643183506652e-06 1.706698498494433e-26
4.478691527118417e-06 1.8715168251077118e-26
4.583119288927478e-06 2.052252355434858e-26
4.689981948824612e-06 2.2504422925515556e-26
4.799336280301815e-06 2.467772293825952e-26
4.911240380614659e-06 2.706090807509476e-26
5.0257537016479225e-06 2.967424793798504e-26
5.142937081500915e-06 3.2539969640571985e-26
5.262852776809252e-06 3.5682446848178676e-26
5.385564495820272e-06 3.9128407072560033e-26
5.511137432239651e-06 4.290715898500866e-26
5.639638299867211e-06 4.7050841680046255e-26
5.771135368040315e-06 5.159469800945599e-26
5.905698497903673e-06 5.657737431116309e-26
6.043399179524854e-06 6.204124908113097e-26
6.184310569875183e-06 6.80327933832658e-26
6.32850753169624e-06 7.460296606171642e-26
6.47606667327258e-06 8.180764711587136e-26
6.627066389131828e-06 8.970811292310929e-26
6.781586901693754e-06 9.837155734889126e-26
6.939710303890459e-06 1.0787166317617818e-25
7.101520602780329e-06 1.1828922871114343e-25
7.267103764178904e-06 1.2971285489310807e-25
7.436547758330399e-06 1.4223969874973955e-25
7.609942606644117e-06 1.5597629960368596e-25
7.787380429520604e-06 1.7103948505358236e-25
7.968955495292936e-06 1.8755736443053206e-25
8.15476427030917e-06 2.056704181777542e-25
8.344905470182516e-06 2.2553269240843377e-25
8.539480112236516e-06 2.473131088039414e-25
8.738591569173047e-06 2.7119690097469004e-25
8.942345623991688e-06 2.973871895045252e-25
9.150850526189614e-06 3.2610670905645784e-25
9.364217049271877e-06 3.575997022218264e-25
9.58255854960264e-06 3.9213399620610773e-25
9.805991026628606e-06 4.300032800049262e-25
1.0034633184506672e-05 4.715296014118634e-25
1.0268606495168497e-05 5.17066105085793e-25
1.0508035262855554e-05 5.670000349371175e-25
1.07530466901589e-05 6.217560263477205e-25
1.1003770945598772e-05 6.817997161897527e-25
1.1260341232779899e-05 7.4764170132188965e-25
1.1522893861159297e-05 8.198418791812596e-25
1.1791568318464117e-05 8.990142073531379e-25
1.206650734479802e-05 9.858319225436142e-25
1.2347857008475478e-05 1.0810332632758597e-24
1.263576678362426e-05 1.1854277449265304e-24
1.293038962959737e-05 1.299903040385144e-24
1.3231882072236462e-05 1.4254325247640914e-24
1.3540404287030327e-05 1.5630835482336337e-24
1.3856120184212054e-05 1.714026507197513e-24
1.4179197495840522e-05 1.879544790868541e-24
1.4509807864912299e-05 2.061045687609865e-24
1.484812693655133e-05 2.2600723436762205e-24
1.5194334451324849e-05 2.478316875849563e-24
1.5548614340735104e-05 2.7176347491967285e-24
1.5911154824937624e-05 2.9800605420015487e-24
1.6282148512737936e-05 3.2678252316423342e-24
1.6661792503919872e-05 3.583375147946916e-24
1.7050288493959805e-05 3.929392755002301e-24
1.7447842881182494e-05 4.308819437435208e-24
1.785466687641539e-05 4.724880484613839e-24
1.8270976615199758e-05 5.181112484412384e-24
1.869699327261814e-05 5.681393358972119e-24
1.91329431807992e-05 6.229975296861326e-24
1.957905794916243e-05 6.831520860895388e-24
2.003557458746648e-05 7.491142577457101e-24
2.0502735631726606e-05 8.214446342768296e-24
2.0980789273068064e-05 9.007579013780579e-24
2.1469989489583918e-05 9.877280586663791e-24
2.1970596181267336e-05 1.0830941404819177e-23
2.2482875308090033e-05 1.187666488041013e-23
2.3007099031300245e-05 1.302333626060039e-23
2.354354585801526e-05 1.4280698019960631e-23
2.4092500789185385e-05 1.565943251706727e-23
2.4654255471007912e-05 1.7171252614138057e-23
2.5229108349871537e-05 1.8829001025916555e-23
2.5817364830913554e-05 2.0646759237258096e-23
2.641933744027406e-05 2.2639966910379146e-23
2.7035345991133382e-05 2.482555278946842e-23
2.7665717753620915e-05 2.7222078208233544e-23
2.8310787628685666e-05 2.9849894412849645e-23
2.8970898326020842e-05 3.2731315025820953e-23
2.964640054613707e-05 3.589080510702475e-23
3.033765316668089e-05 3.9355188405242296e-23
3.104502343309761e-05 4.3153874547415945e-23
3.176888715373972e-05 4.731910807832081e-23
3.25096288995246e-05 5.1886241448960533e-23
3.326764220824756e-05 5.689403425152645e-23
3.4043329793658724e-05 6.238498121471638e-23
3.483710375941493e-05 6.840567172172226e-23
3.5649385818020195e-05 7.500718387042736e-23
3.648060751487119e-05 8.224551638025431e-23
3.73312104575266e-05 9.01820619806784e-23
3.820164655032238e-05 9.888412623904856e-23
3.90923782344573e-05 1.0842549619196537e-22
4.0003878733676586e-05 1.1888706352558182e-22
4.093663230568398e-05 1.3035750753654507e-22
4.1891134499415887e-05 1.4293404357719974e-22
4.2867892418314344e-05 1.5672324323975933e-22
4.386742498973848e-05 1.718419331312796e-22
4.489026324065786e-05 1.8841817973750525e-22
4.5936950579773975e-05 2.0659236857365784e-22
4.700804308621986e-05 2.2651838663197016e-22
4.8104109804991236e-05 2.483649179260989e-22
4.922573304926602e-05 2.7231686293862315e-22
5.0373508709772956e-05 2.985768937182425e-22
5.154804657137365e-05 3.273671575348585e-22
5.27499706370262e-05 3.5893114320136253e-22
5.397991945930254e-05 3.9353572548699146e-22
5.5238546479635675e-05 4.3147340451668455e-22
5.6526520375476976e-05 4.7306475860001755e-22
5.784452541554797e-05 5.186611307323801e-22
5.9193261823375433e-05 5.686475707950381e-22
6.057344614930286e-05 6.234460576648506e-22
6.198581165117595e-05 6.835190275929445e-22
6.34311086839044e-05 7.49373237718638e-22
6.491010509810695e-05 8.215639962981411e-22
6.642358664805138e-05 9.00699794053314e-22
6.797235740910648e-05 9.874473743455077e-22
6.955724020492732e-05 1.082537283273981e-21
7.117907704460117e-05 1.18676994471816e-21
7.283872956998614e-05 1.3010223091751834e-21
7.453707951348025e-05 1.4262551302094972e-21
7.627502916646401e-05 1.5635209267870644e-21
7.805350185866558e-05 1.7139726953084445e-21
7.987344244870308e-05 1.8788734410833165e-21
8.173581782606456e-05 2.0596066048099296e-21
8.364161742479263e-05 2.2576874673087977e-21
8.559185374914618e-05 2.4747756223420462e-21
8.758756291151902e-05 2.712688615847846e-21
8.96298051829007e-05 2.9734168590905008e-21
9.17196655561724e-05 3.2591399320462675e-21
9.385825432253677e-05 3.5722444038287876e-21
9.604670766138824e-05 3.915343309270055e-21
9.828618824393714e-05 4.291297430901054e-21
0.00010057788585090809 4.70323855078174e-21
0.00010292301800464121 5.154594849351916e-21
0.00010532283061593165 5.649118644987991e-21
0.00010777859864595113 6.1909166834250066e-21
0.00011029162678360347 6.78448320579717e-21
0.00011286325013867351 7.434736040628536e-21
0.00011549483495113791 8.147055989701019e-21
0.00011818777931701482 8.927329796145561e-21
0.0001209435139311377 9.781997011751157e-21
0.00012376350284724815 1.071810110049543e-20
0.00012664924425581149 1.1743345148918321e-20
0.00012960227127996844 1.2866152580821884e-20
0.00013262415279004548 1.409573330478732e-20
0.00013571649423705693 1.544215575917208e-20
0.0001388809385056415 1.691642535434759e-20
0.00014211916678688624 1.853056984981676e-20
0.00014543289947150178 2.0297732247349343e-20
0.0001488238970638237 2.2232271821732738e-20
0.00015229396111712465 2.4349873955693533e-20
0.00015584493519073535 2.666766950258546e-20
0.00015947870582948208 2.920436443830503e-20
0.00016319720356596128 3.198038062954332e-20
0.00016700240394618395 3.501800859129207e-20
0.00017089632857913436 3.8341573174000286e-20
0.000174881046210801 4.1977613176316794e-20
0.00017895867382325032 4.59550759411278e-20
0.0001831313777593269 5.03055280570738e-20
0.00018740137487357792 5.506338336241662e-20
0.00019177093371001327 6.026614948987489e-20
0.000196242375707327 6.59546943025829e-20
0.00020081807643222024 7.217353357711776e-20
0.00020550046684148122 7.897114141800014e-20
0.0002102920345734925 8.640028490470907e-20
0.0002151953252698519 9.451838454410328e-20
0.00022021294392780895 1.0338790220462353e-19
0.00022534755628423554 1.130767581502378e-19
0.0002306018902318662 1.236587789742612e-19
0.00023597873726856003 1.3521417813665474e-19
0.0002414809539803547 1.4783007093819108e-19
0.0002471114635590999 1.6160102568574108e-19
0.00025287325735547713 1.7662965286010284e-19
0.00025876939646823026 1.930272340270151e-19
0.00026480301337045197 2.1091439218060604e-19
0.000270977313573789 2.304218052052016e-19
0.00027729557733145163 2.5169096388290175e-19
0.00028376116138093086 2.7487497586374577e-19
0.0002903775007273506 3.0013941679671176e-19
0.00029714811046840066 3.276632295078048e-19
0.00030407658766182135 3.576396719140882e-19
0.00031116661323643183 3.9027731409110847e-19
0.0003184219539477161 4.2580108414202804e-19
0.00032584646437900766 4.644533626661896e-19
0.00033344408898933415 5.064951244023531e-19
0.0003412188642090111 5.522071253827422e-19
0.0003491749205840977 6.018911333590345e-19
0.0003573164849708539 6.558711977558168e-19
0.0003656478827813646 7.14494955312572e-19
0.0003741735402815245 7.781349659548461e-19
0.0003828979869426037 8.47190072781472e-19
0.000391825857847644 9.220867780935465e-19
0.000400961896153964 1.0032806269076391e-18
0.0004103109556130814 1.0912575873058147e-18
0.0004198780031493915 1.186535415461258e-18
0.00042966812149897106 1.2896649920243486e-18
0.000439686511909911 1.4012316138418285e-18
0.0004499384969056106 1.5218562240089818e-18
0.00046042952311250296 1.6521965608692377e-18
0.0004711651641537129 1.792948204901048e-18
0.00048215112361018567 1.9448454995544896e-18
0.0004933932380508582 2.1086623227759184e-18
0.0005048974801334842 2.2852126795252936e-18
0.0005166699617777604 2.4753510887042996e-18
0.0005287169374124361 2.679972733026433e-18
0.0005410448072981404 2.9000133406066893e-18
0.0005536601209276797 3.1364487644188237e-18
0.0005665695805056229 3.390294226480038e-18
0.0005797800445090163 3.662603193711576e-18
0.0005932985313311235 3.954465848524876e-18
0.000607132223010125 4.267007123620953e-18
0.0006212884690447563 4.60138426864009e-18
0.0006357747902989163 4.958783916785664e-18
0.0006505988829973161 5.340418625059174e-18
0.0006657686228142928 5.747522868597585e-18
0.0006812920690579615 6.181348461101483e-18
0.0006971774689519261 6.643159399929718e-18
0.0007134332620168255 7.134226114751186e-18
0.0007300680845540431 7.655819134187997e-18
0.0007470907742339592 8.209202167385984e-18
0.0007645103747911887 8.795624627946983e-18
0.0007823361408292924 9.416313618975712e-18
0.00080057754273752 1.0072465418185228e-17
0.0008192442717221943 1.0765236522399846e-17
0.0008383462449554094 1.1495734295865292e-17
0.0008578936108437789 1.2265007306719018e-17
0.0008778967544200344 1.3074035425442645e-17
0.000898366302860337 1.392371978305948e-17
0.0009193131311302326 1.481487269175344e-17
0.0009407483677622533 1.5748207637577874e-17
0.000962683400768232 1.672432946905112e-17
0.000985129883689471 1.7743724898672142e-17
0.0010080997417879817 1.8806753459755036e-17
0.0010316051783820807 1.991363904315456e-17
0.0010556586813297128 2.1064462144550697e-17
0.0010802730296629402 2.2259152936379985e-17
0.001105461300377127 2.3497485331647222e-17
0.0011312368753784248 2.4779072097686318e-17
0.0011576134485932472 2.610336115821761e-17
0.0011846050332435167 2.746963316693634e-17
0.0012122259692915415 2.887700042831234e-17
0.0012404909310584848 3.0324407203927314e-17
0.0012694149350204683 3.1810631467998275e-17
0.0012990133477864558 3.33342881231774e-17
0.0013293018942621524 3.489383364400867e-17
0.001360296666004259 3.64875721676595e-17
0.001392014129769518 3.811366292405629e-17
0.0014244711362630968 3.9770129014428645e-17
0.0014576849290909482 4.1454867350734044e-17
0.0014916731539209149 4.316565973198467e-17
0.0015264538678574353 4.490018491577483e-17
0.0015620455490348386 4.665603144389647e-17
0.0015984671064343198 4.8430711281858604e-17
0.0016357378899298156 5.022167388855047e-17
0.0016738777005681136 5.202632069898152e-17
0.0017129068010886602 5.384201978148275e-17
0.0017528459266886532 5.56661205579499e-17
0.00179371629603914 5.749596839240767e-17
0.0018355396225579732 5.932891889668211e-17
0.0018783381259456144 6.116235174880447e-17
0.0019221345439899109 6.299368407367247e-17
0.001966952144646121 6.482038303315419e-17
0.0020128147383986056 6.663997766748073e-17
0.002059746690910748 6.845006988007279e-17
0.0021077729359698315 7.024834442939124e-17
0.0021569189887337423 7.203257792865166e-17
0.002207210959286545 7.380064673752973e-17
0.0022586755665101248 7.555053392568528e-17
0.0023113401522792685 7.728033497580408e-17
0.0023652326959877285 7.898826248437965e-17
0.0024203818294129824 8.0672649793516e-17
0.0024768168519275916 8.233195366155355e-17
0.002534567746065232 8.396475573418406e-17
0.0025936651934496745 8.556976329099963e-17
0.0026541405910951734 8.714580906889508e-17
0.0027160260680869266 8.86918501140809e-17
0.0027793545026504624 9.020696607370146e-17
0.002844159539619031 9.16903567390364e-17
0.0029104756083082714 9.314133880848558e-17
0.0029783379408076585 9.455934252738912e-17
0.0030477825906984404 9.594390739545076e-17
0.0031188464522080173 9.729467786863399e-17
0.0031915672798109355 9.861139842230318e-17
0.0032659837082868936 9.989390873735383e-17
0.003342135273246469 1.0114213819514498e-16
0.0034200624321353945 1.0235610074797729e-16
0.0034998065857286074 1.0353588938336495e-16
0.0035814101001254554 1.0468167069346014e-16
0.003664916329257761 1.0579367941719561e-16
0.0037503696379226933 1.0687221297184982e-16
0.0038378154253526898 1.0791762634205897e-16
0.003927300149334948 1.0893032655819416e-16
0.004018871350893299 1.0991076809379987e-16
0.00411257767954558 1.1085944760719203e-16
0.004208468919149921 1.1177689942586778e-16
0.004306596014353682 1.126636911942721e-16
0.004407011097659079 1.1352041921649124e-16
0.004509767517119906 1.1434770492182417e-16
0.004614919864684026 1.1514619057426971e-16
0.004722524005196735 1.1591653598951633e-16
0.004832637106080367 1.1665941505569293e-16
0.004945317667705937 1.1737551247967208e-16
0.005060625554472947 1.1806552116477448e-16
0.005178622026613854 1.1873013912194743e-16
0.005299369772740128 1.1937006738321685e-16
0.005422932943147155 1.1998600737705557e-16
0.0055493771838957115 1.2057865924719048e-16
0.00567876967168809 1.2114871957396328e-16
0.005811179149557424 1.2169687974990484e-16
0.0059466759633891655 1.2222382460887664e-16
0.006085332099294114 1.2273023112147785e-16
0.006227221221852859 1.2321676676971754e-16
0.006372418713251954 1.2368408889555346e-16
0.006521001713332612 1.2413284354057593e-16
0.006673049160573193 1.2456366484302e-16
0.006828641834027273 1.2497717392696012e-16
0.006987862396239558 1.2537397887111426e-16
0.00715079543716245 1.25754673797696e-16
0.007317527519096606 1.261198387535943e-16
0.007488147222679345 1.2647003914948126e-16
0.007662745193945353 1.2680582585918906e-16
0.007841414192484688 1.2712773471053138e-16
0.008024249140723652 1.2743628676895442e-16
0.008211347174354735 1.277319878288051e-16
0.008402807693942412 1.2801532881247183e-16
0.008598732417732204 1.2828678581904957e-16
0.008799225435691074 1.2854682019417537e-16
0.009004393264807849 1.2879587823283686e-16
0.009214344905683071 1.2903439215909622e-16
0.009429191900438323 1.292627797423515e-16
0.009649048391975805 1.294814445438898e-16
0.009874031184619632 1.2969077642449946e-16
0.010104259806171096 1.2989115193142793e-16
0.01033985657141083 1.3008293402010164e-16
0.010580946647081629 1.3026647262592477e-16
0.010827658118386449 1.3044210552963243e-16
0.011080122057036918 1.3061015767616865e-16
0.011338472590888495 1.30770942091788e-16
0.01160284697519928 1.3092476042606261e-16
0.01187338566555036 1.310719022704886e-16
0.012150232392466372 1.312126467929843e-16
0.012433534237775993 1.313472625925119e-16
0.01272344171275288 1.3147600696740305e-16
0.013020108838078586 1.3159912797262222e-16
0.013323693225669961 1.3171686372786061e-16
0.013634356162414448 1.3182944306816732e-16
0.013952262695857842 1.319370851816075e-16
0.014277581721889965 1.320400009786922e-16
0.014610486074474885 1.3213839278902669e-16
0.014951152617473332 1.3223245442640822e-16
0.015299762338606094 1.3232237230255757e-16
0.015656500445608335 1.324083249565601e-16
0.016021556464625875 1.3249048342957525e-16
0.016395124340905766 1.3256901207111968e-16
0.016777402541834602 1.326440679396724e-16
0.017168594162379338 1.3271580187053974e-16
0.01756890703298664 1.3278435853947217e-16
0.017978553829998065 1.3284987629567337e-16
0.01839775218863974 1.3291248767552862e-16
0.01882672481864659 1.3297231952695287e-16
0.01926569962258253 1.3302949374591723e-16
0.019714909816919448 1.3308412641991192e-16
0.020174594055939365 1.331363291704879e-16
0.02064499655852557 1.3318620903345428e-16
0.021126367237910063 1.332338677586149e-16
0.021618961834446313 1.3327940321334555e-16
0.02212304205147776 1.3332290906346964e-16
0.022638875694374342 1.3336447505635908e-16
0.0231667368128109 1.3340418647217056e-16
0.02370690584636297 1.3344212553543154e-16
0.024259669773497434 1.3347837000053347e-16
0.024825322264037063 1.3351299560426437e-16
0.025404163835180054 1.3354607402475161e-16
0.025996502011157406 1.3357767344685502e-16
0.026602651486612925 1.3360785986935027e-16
0.027222934293792744 1.3363669605420772e-16
0.027857679973633073 1.3366424155480637e-16
0.02850722575083718 1.3369055418400953e-16
0.02917191671303455 1.3371568876189338e-16
0.029852105994117403 1.3373969756436978e-16
0.030548154961852016 1.337626307199376e-16
0.031260433409864494 1.337845359632782e-16
0.031989319754103004 1.3380545962120426e-16
0.0327352012338808 1.3382544507395468e-16
0.03349847411760691 1.3384453453793507e-16
0.034279543913313774 1.3386276743659253e-16
0.03507882558409363 1.338801828090563e-16
0.03589674376855814 1.3389681651896765e-16
0.03673373300643846 1.339127043700379e-16
0.037590237969445384 1.3392787840893416e-16
0.038466713697512506 1.3394237118259561e-16
0.03936362584054766 1.3395621332528193e-16
0.04028145090582124 1.3396943439574326e-16
0.04122067651112274 1.339820615939165e-16
0.04218180164382002 1.339941210850645e-16
0.043165336925959 1.340056391339443e-16
0.044171804885544536 1.3401663917098415e-16
0.04520174023414663 1.340271453897052e-16
0.046255690150979495 1.3403717949259877e-16
0.047334214573604344 1.3404676194474864e-16
0.048437886495410414 1.340559141832004e-16
0.04956729227003216 1.3406465450659497e-16
0.05072303192286451 1.3407300269636846e-16
0.051905719469841495 1.3408097514750552e-16
0.05311598324364777 1.3408858865675278e-16
0.05435446622753626 1.3409586057594084e-16
0.05562182639692926 1.3410280485961243e-16
0.056918737068984544 1.3410943669753415e-16
0.058245887260312136 1.3411577057584804e-16
0.05960398205303182 1.3412181945182794e-16
0.06099374296936585 1.341275965292238e-16
0.06241590835496589 1.3413311298581563e-16
0.06387123377117784 1.3413838160826573e-16
0.06536049239645289 1.341434131617993e-16
0.06688447543711816 1.341482184232287e-16
0.06844399254772507 1.3415280641202277e-16
0.0700398722611988 1.3415718978469531e-16
0.0716729624290174 1.3416137494035146e-16
0.07334413067165428 1.3416537196477414e-16
0.07505426483952363 1.3416918784122757e-16
0.07680427348467332 1.3417283339379294e-16
0.07859508634347626 1.3417631401763631e-16
0.08042765483057629 1.3417963842675526e-16
0.08230295254435131 1.341828128742545e-16
0.08422197578416211 1.3418584470796833e-16
0.08618574407966152 1.341887396523688e-16
0.08819530073244539 1.3419150423773144e-16
0.09025171337033296 1.3419414553493497e-16
0.09235607451457113 1.3419666743410593e-16
0.09450950216026408 1.3419907463052643e-16
0.09671314037033632 1.342013738675767e-16
0.09896815988334524 1.3420357078948193e-16
0.10127575873546546 1.3420566721036975e-16
0.10363716289697593 1.3420767010924525e-16
0.10605362692358762 1.3420958370515852e-16
0.10852643462295801 1.342114104009738e-16
0.11105689973674641 1.3421315327384695e-16
0.11364636663857243 1.3421481892016685e-16
0.11629621104824843 1.3421640945724375e-16
0.1190078407626656 1.342179290075615e-16
0.12178269640372161 1.342193768362335e-16
0.12462225218368743 1.3422076483644332e-16
0.1275280166884199 1.3422208802463008e-16
0.13050153367883624 1.3422335041968142e-16
0.1335443829110759 1.3422455708276593e-16
0.13665818097578622 1.3422570874775544e-16
0.13984458215697693 1.3422681024460824e-16
0.14310527931090045 1.3422785806670291e-16
0.14644200476542463 1.342288634943875e-16
0.14985653124037576 1.3422982096090626e-16
0.15335067278934078 1.3423073552427953e-16
0.1569262857634292 1.34231609435239e-16
0.1605852697975066 1.3423244388564758e-16
0.16432956881942368 1.3423324114409084e-16
0.16816117208277714 1.3423400107969317e-16
0.172082115223751 1.3423472805402347e-16
0.1760944813425998 1.342354240839167e-16
0.1802004021103484 1.3423608386972794e-16
0.18440205890129596 1.3423671690842718e-16
0.18870168395192646 1.3423732204043099e-16
0.1931015615468407 1.3423789855427325e-16
0.1976040292323402 1.342384505935958e-16
0.20221147905830805 1.3423897720517236e-16
0.20692635884904578 1.342394777042782e-16
0.21175117350374192 1.3423995798321334e-16
0.2166884863272632 1.3424041520608936e-16
0.22174092039197504 1.3424085404773048e-16
0.22691115993131514 1.3424127206591058e-16
0.23220195176586036 1.3424167144781354e-16
0.2376161067626448 1.34242052612086e-16
0.24315650132850383 1.342424156485167e-16
0.24882607893823822 1.3424276520854794e-16
0.25462785169840935 1.342430965194194e-16
0.2605649019475973 1.342434106011233e-16
0.26664038389397104 1.3424371527463498e-16
0.27285752529104135 1.3424400268240918e-16
0.2792196291524867 1.342442796451585e-16
0.2857300755069626 1.3424454290593708e-16
0.2923923231938275 1.3424479495915422e-16
0.2992099117007387 1.3424503538017943e-16
0.3061864630440946 1.3424526370091658e-16
0.31332568369332287 1.3424548692255622e-16
0.32063136654003577 1.3424569589313858e-16
0.3281073929131 1.3424589377366914e-16
0.3357577346406907 1.3424608510386582e-16
0.343586456160426 1.3424626462106467e-16
0.3515977166787018 1.342464415247759e-16
0.359795772380376 1.3424661005663736e-16
0.368184978689974 1.3424676595859086e-16
0.3767697925856183 1.3424691650008404e-16
0.38555477496691104 1.342470648157788e-16
0.394544593078027 1.3424720210436274e-16
0.4037440229873054 1.3424733353771373e-16
0.4131579521246571 1.3424745737717764e-16
0.42279138187813525 1.3424758243863237e-16
0.43264943025104924 1.3424769411839243e-16
0.4427373345810337 1.3424780852259513e-16
0.4530604543225162 1.3424790943773926e-16
0.4636242738940635 1.342480103273474e-16
0.47443440559211736 1.3424810549500318e-16
0.48549659257266914 1.3424819509781142e-16
0.4968167119024568 1.3424828489839595e-16
0.5084007776813051 1.3424836957456917e-16
0.5202549442372687 1.3424844692819673e-16
0.5323855093962742 1.342485208774296e-16
0.5447989178279997 1.3424859863619589e-16
0.557501764469769 1.3424866038109494e-16
0.5705007980302781 1.3424873156633815e-16
0.5838029245750183 1.3424879421492724e-16
0.5974152111952977 1.3424885547006653e-16
0.6113448897628128 1.3424890924221167e-16
0.6255993607717623 1.342489687099097e-16
0.6401861972705483 1.342490197505095e-16
0.6551131488851486 1.3424906544828848e-16
0.6703881459363026 1.342491137046899e-16
0.686019303652694 1.3424915459383538e-16
0.7020149264823721 1.3424921006515306e-16
0.7183835125046995 1.3424924574112932e-16
0.7351337579451718 1.3424928795659426e-16
0.7522745617955077 1.3424933142410652e-16
0.7698150305414633 1.342493619872695e-16
0.7877644830008832 1.3424938910989945e-16
0.8061324552745581 1.3424943224418766e-16
0.8249287058125218 1.3424946342605588e-16
0.8441632205984669 1.342494821628571e-16
0.8638462184550629 1.3424951833234398e-16
0.8839881564729563 1.342495415655657e-16
0.9045997355663667 1.3424957603551384e-16
0.9256919061582187 1.3424959992011954e-16
0.9472758739978306 1.3424962080207234e-16
0.9693631061142522 1.3424963805084816e-16
0.9919653369084147 1.3424966350809605e-16
1.0150945743873274 1.3424968187316281e-16
1.0387631065436362 1.3424971346478494e-16
1.0629835078839296 1.3424972649869822e-16
1.0877686461092637 1.342497444360249e-16
1.1131316889514546 1.3424975361003925e-16
1.1390861111687691 1.342497695364028e-16
1.16564570170473 1.3424980072170877e-16
1.1928245710138414 1.342498142719719e-16
1.2206371585581264 1.3424981890385275e-16
1.2490982404784545 1.342498479986664e-16
1.2782229374447416 1.3424985500876317e-16
1.3080267226891875 1.3424985476396388e-16
1.3385254302268237 1.3424986983225618e-16
1.369735263267732 1.3424989862077253e-16
1.4016728028254128 1.3424991298475937e-16
1.4343550165258654 1.3424990100002115e-16
1.4677992676220706 1.3424992661863707e-16
1.5020233242186567 1.342499335666449e-16
1.5370453687116559 1.3424993944964976e-16
1.5728840074483612 1.342499507298331e-16
1.6095582806124205 1.342499710824658e-16
1.6470876723394143 1.3424995931472368e-16
1.6854921210682972 1.3424997103234324e-16
1.7247920301341966 1.342499923835228e-16
1.7650082786082029 1.3424997003785188e-16
1.8061622323899016 1.3424998631075608e-16
1.848275755558551 1.3425001706790236e-16
1.8913712219889245 1.3425000009448104e-16
1.935471527238 1.3425000703042124e-16
1.9806001007088037 1.3425001502838596e-16
2.0267809180978715 1.3425003030661624e-16
2.0740385141329463 1.3425004301270728e-16
2.1223979956076717 1.3425002258227191e-16
2.171885054720213 1.342500390360704e-16
2.222525982722885 1.3425002114686054e-16
2.274347683890048 1.3425006036588123e-16
2.327377689811681 1.3425006508334468e-16
2.3816441740202396 1.342500363152828e-16
2.437175966958554 1.3425004104907033e-16
2.4940025712967335 1.3425004341228887e-16
2.552154177606206 1.3425005310298763e-16
2.611661680399223 1.3425006090208387e-16
2.6725566945423505 1.342500682271899e-16
2.7348715720526675 1.342500499595727e-16
2.7986394192855935 1.3425007533295006e-16
2.863894114523477 1.3425006773738328e-16
2.9306703259742912 1.3425007116088855e-16
2.999003530189995 1.3425007225017248e-16
3.068930030914351 1.3425010501580753e-16
3.1404869783702067 1.3425007084369285e-16
3.21371238899649 1.3425007037269465e-16
3.2886451656454048 1.3425008852160337e-16
3.3653251182505572 1.342500767265941e-16
3.443792984976987 1.3425005887089032e-16
3.5240904538643507 1.3425010611041162e-16
3.6062601849747473 1.3425010160046471e-16
3.6903458330569543 1.3425007571273072e-16
3.77639207073912 1.3425011485738237e-16
3.8644446122622242 1.3425008976933741e-16
3.9545502377669295 1.3425011051576433e-16
4.046756818146711 1.3425011497581364e-16
4.141113340480481 1.3425014926989115e-16
4.237669934058216 1.3425007284799583e-16
4.336477897013409 1.342500955045183e-16
4.437589723576497 1.3425011567774782e-16
4.541059131963759 1.3425012102639638e-16
4.646941092916466 1.342501293422101e-16
4.755291858905486 1.3425009774701944e-16
4.866168994016832 1.3425005665493273e-16
4.979631404534034 1.3425013139687748e-16
5.0957393702336 1.3425009768310536e-16
5.214554576410165 1.342501205932928e-16
5.336140146648369 1.3425008463606013e-16
5.4605606763588606 1.3425008819037822e-16
5.587882267096237 1.3425018510844592e-16
5.718172561677172 1.342500794736825e-16
5.851500780117376 1.3425012603937538e-16
5.987937756406471 1.342501068289937e-16
6.127555976140354 1.342500548929925e-16
6.270429615030991 1.3425015968089677e-16
6.416634578314149 1.3425016771010206e-16
6.566248541075969 1.342500965421082e-16
6.719350989519823 1.342501652302084e-16
6.87602326319537 1.3425013347990913e-16
7.036348598212252 1.3425011695209404e-16
7.200412171461376 1.3425010030773495e-16
7.368301145867304 1.342501535090348e-16
7.540104716695753 1.3425020467612645e-16
7.715914158940838 1.3425011666564323e-16
7.8958228758172275 1.3425013126428747e-16
8.07992644838296 1.342501448215288e-16
8.2683226863193 1.3425009451571792e-16
8.461111679894604 1.3425015447637628e-16
8.658395853139817 1.3425004029764087e-16
8.860280018263818 1.3425013806363817e-16
9.066871431337571 1.3425014565526096e-16
9.278279849276613 1.3425014130832577e-16
9.494617588152204 1.3425016089244064e-16
9.715999582862075 1.3425013062451055e-16
9.942543448192506 1.3425017574034382e-16
10.17436954130415 1.342500870186803e-16
10.411601025674827 1.3425018059959817e-16
10.654363936533231 1.3425011265636171e-16
10.902787247818345 1.3425001219713136e-16
11.157002940700098 1.3425008886627223e-16
11.417146073697703 1.342502115962742e-16
11.683354854432924 1.3425018289494684e-16
11.955770713056356 1.3425018358193077e-16
12.234538377385784 1.3425010189704977e-16
12.519805949796487 1.3425017111324532e-16
12.811724985904382 1.3425022317182597e-16
13.110450575083778 1.3425020535815446e-16
13.416141422862523 1.342500753017354e-16
13.72895993523834 1.342501161115503e-16
14.04907230496112 1.3425012688759797e-16
14.37664859982702 1.3425013312910505e-16
14.711862853031292 1.3425001618905005e-16
15.054893155627816 1.3425027909752701e-16
15.405921751144481 1.3425013386669707e-16
15.765135132404664 1.3425020181425478e-16
16.132724140606275 1.3425029578079873e-16
16.50888406671095 1.3425011695479655e-16
16.89381475519735 1.3425017326375595e-16
17.287720710233557 1.3425004788084077e-16
17.690811204325115 1.3425003396872777e-16
18.103300389496336 1.3425021098544324e-16
18.52540741106398 1.3425015115070394e-16
18.957356524063755 1.3424992408258147e-16
19.399377212391464 1.3425047867504843e-16
19.85170431072216 1.3425004943180923e-16
20.314578129271972 1.3425011167823382e-16
20.788244581469023 1.3425016819097585e-16
21.272955314601134 1.3424998250420474e-16
21.76896784350983 1.3425018184041205e-16
22.27654568740161 1.3425013175515242e-16
22.79595850984919 1.342499986540374e-16
23.327482262057103 1.3425014710380505e-16
23.871399329467756 1.342501675810271e-16
24.427998681785848 1.342499707241262e-16
24.997576026500827 1.342502754519108e-16
25.580433965988984 1.3425025173857343e-16
26.176882158278623 1.3425000288078707e-16
26.787237481563718 1.3425009181426076e-16
27.411824202553472 1.3425019762733396e-16
28.050974148747212 1.342502296357129e-16
28.705026884726152 1.342501803264649e-16
29.374329892555654 1.342500670389172e-16
30.05923875639388 1.3425020398672542e-16
30.760117351404876 1.3424985886564419e-16
31.477338037076432 1.3425007725374368e-16
32.21128185504559 1.3425031358476278e-16
32.962338731536356 1.342503940767303e-16
33.730907684518286 1.342502950744822e-16
34.51739703569462 1.3425026404081943e-16
35.322224627433556 1.342500086618532e-16
36.14581804475762 1.3425026737639473e-16
36.98861484250899 1.3424978255950543e-16
37.851062777811606 1.342504303450502e-16
38.733620047953465 1.3425002987700168e-16
39.63675553381552 1.342500838001563e-16
40.5609490489765 1.342502421932382e-16
41.506691594626034 1.3425015846459427e-16
42.47448562042145 1.3425027062676174e-16
43.46484529142686 1.342498413758038e-16
44.4782967612764 1.342499150251412e-16
45.515378451706574 1.3425012301012907e-16
46.576641338606535 1.342499830186196e-16
47.66264924473788 1.3424993638032453e-16
48.773979139279795 1.3425045465370476e-16
49.911221444358546 1.342498392440233e-16
51.07498034872413 1.342502842148516e-16
52.265874128740876 1.3424992076997738e-16
53.48453547686238 1.3425029669833057e-16
54.731611837765406 1.342508081567091e-16
56.00776575232122 1.3424934516392535e-16
57.31367520958723 1.3424962393004383e-16
58.650034007005786 1.342500318575526e-16
60.017552119001664 1.342503705274253e-16
61.416956074173925 1.342506970197707e-16
62.84898934128261 1.3425000465006472e-16
64.31441272423535 1.3425017787075972e-16
65.81400476628369 1.342500514717553e-16
67.34856216364385 1.342497745089512e-16
68.91890018876182 1.3425017969839849e-16
70.52585312344742 1.3424967952403207e-16
72.17027470210763 1.3424994376840752e-16
73.8530385653146 1.3425118881043012e-16
75.57503872394936 1.3424958845750794e-16
77.33719003416762 1.3425036499344666e-16
79.14042868344033 1.3424993864300164e-16
80.98571268792693 1.342503882847987e-16
82.87402240144569 1.3424942573472463e-16
84.80636103631147 1.3425065860333783e-16
86.78375519631766 1.342501565140044e-16
88.80725542214539 1.3425009826365813e-16
90.8779367494899 1.3425039863555116e-16
92.99689928020044 1.342501451701262e-16
95.16526876673713 1.3425019197802516e-16
97.38419721025556 1.3424958970422717e-16
99.6548634726365 1.3425028030898556e-16
101.97847390278609 1.342497178885647e-16
104.35626297753925 1.3424978442564332e-16
106.78949395750668 1.342507752771834e-16
109.27945955821409 1.342497373135628e-16
111.82748263689002 1.3424912570278274e-16
114.43491689526716 1.342493239328598e-16
117.10314759877073 1.3424978911470898e-16
119.8335923124757 1.3425016021536786e-16
122.62770165422418 1.3425003688251943e-16
125.4869600653028 1.3425079561949927e-16
128.41288659908975 1.342506106761663e-16
131.40703572809028 1.3424892130134307e-16
134.4709981697896 1.3424996373979467e-16
137.6064017317617 1.3424889279249623e-16
140.8149121764835 1.3424993517256658e-16
144.09823410631301 1.3424977151443663e-16
147.45811186910282 1.3425029097054993e-16
150.89633048492877 1.3425213968487265e-16
154.41471659442715 1.3425032796901513e-16
158.01513942924367 1.3425192953825184e-16
161.6995118051102 1.342496554292792e-16
165.46979113807643 1.34250079585901e-16
169.32798048443664 1.3425039645518703e-16
173.27612960490418 1.3425014637666265e-16
177.3163360535986 1.3425111356360618e-16
181.45074629242436 1.3425078933122593e-16
185.68155683143308 1.3425157900691772e-16
190.01101539577502 1.3425167423204845e-16
194.44142211985996 1.3424915815506575e-16
198.9751307693619 1.3424920477362826e-16
203.61454999171644 1.3425008408252262e-16
208.36214459577587 1.3425009430656464e-16
213.2204368613011 1.342522632758571e-16
218.19200787898666 1.3424895243877922e-16
223.27949892173046 1.3425031818321037e-16
228.48561284787684 1.3425228608910947e-16
233.81311553717836 1.3425062736443e-16
239.2648373602396 1.3424838745216107e-16
244.8436746822229 1.3424970441298914e-16
250.55259140161598 1.3425004972076863e-16
256.3946205248776 1.3424777238743977e-16
262.37286577779935 1.3425203336243145e-16
268.49050325443824 1.3425114180902375e-16
274.7507831044972 1.34251531449022e-16
281.15703126004934 1.3425054315975602e-16
287.7126512025234 1.3424971981596066e-16
294.4211257708895 1.342517494008515e-16
301.2860190120053 1.3424774358227316e-16
308.3109780741064 1.3424792347129694e-16
315.4997351444457 1.3425310928474918e-16
322.8561094321127 1.3425179300194806e-16
330.38400919708465 1.3424778880643392e-16
338.08743382658884 1.3425270986798018e-16
345.970475959878 1.3425275449793072e-16
354.0373236625486 1.342508625438013e-16
362.2922626515567 1.3425132921566244e-16
370.7396785721134 1.3425294729809744e-16
379.3840593276699 1.3425050325082457e-16
388.22999746422977 1.342534254453362e-16
397.28219261025527 1.3425177558810334e-16
406.54545397346374 1.34251424713686e-16
416.02470289584096 1.3424957659503594e-16
425.7249754682287 1.342521159165496e-16
435.6514252058753 1.342497983535915e-16
445.8093257863709 1.3424874059880732e-16
456.2040738514225 1.3424540623056027e-16
466.841191873956 1.342530910917301e-16
477.72633109207 1.3424979500237026e-16
488.86527451139875 1.3424929279176604e-16
500.26393997748045 1.3424718566754472e-16
511.92838331976236 1.3425361822158756e-16
523.8648015689132 1.3424937567976199e-16
536.079536249153 1.342487988139196e-16
548.5790767473477 1.3425302133739074e-16
561.3700637606607 1.3425037144306285e-16
574.4592928245908 1.342497586038253e-16
587.8537179232724 1.3425260813156326e-16
601.560455183956 1.342514770319632e-16
615.5867866576306 1.3425442635828603e-16
629.940164187797 1.342553373998698e-16
644.6282133694491 1.3425154480695462e-16
659.6587376003637 1.342463333737039e-16
675.039722226853 1.3424715975790646e-16
690.7793387861822 1.34253374081068e-16
706.885949347905 1.3424785024537176e-16
723.368110956425 1.3425447188145712e-16
740.2345801771418 1.3424805329235836e-16
757.4943177485981 1.3424482297676104e-16
775.1564933430986 1.342468681082191e-16
793.2304904383309 1.3425482117924646e-16
811.7259113025749 1.3424708334261958e-16
830.6525820961508 1.3425478841751225e-16
850.0205580918159 1.3425181862531465e-16
869.8401290168822 1.3424500979184929e-16
890.1218245198946 1.3424632406820443e-16
910.8764197647733 1.342554172633492e-16
932.1149411553916 1.342458354116023e-16
953.848672193633 1.3424991422351672e-16
976.0891594740359 1.3424980715747452e-16
998.8482188182152 1.3425545891550397e-16
1022.1379415523157 1.3425705308802892e-16
1045.9707009308356 1.3424641423690987e-16
1070.3591587102305 1.342461703104897e-16
1095.3162718757928 1.3425862630303153e-16
1120.8552995253765 1.3424591010052867e-16
1146.98980991363 1.3425684966855175e-16
1173.7336876604738 1.3425835252186228e-16
1201.1011411276565 1.3424584510880378e-16
1229.1067099673062 1.3424695984023446e-16
1257.7652728464884 1.3423300466165755e-16
1287.0920553518754 1.3425956261242058e-16
1317.1026380787234 1.3425597481422776e-16
1347.812964908458 1.3426059543882673e-16
1379.239351479266 1.3424746355503234e-16
1411.3984938541882 1.3425444965212146e-16
1444.3074773913293 1.3424363494147912e-16
1477.9837858208825 1.342430334535072e-16
1512.445310533807 1.3424491430765738e-16
1547.71036008708 1.3425016172839723e-16
1583.797669930582 1.3426517601109667e-16
1620.7264123607779 1.342442015697472e-16
1658.5162067064848 1.3424550039057665e-16
1697.1871297521373 1.3424621461103335e-16
1736.7597264040865 1.3424631116953723e-16
1777.255020605602 1.3424850718099053e-16
1818.6945265063737 1.342576211226315e-16
1861.1002598924472 1.3425670439418395e-16
1904.4947498826687 1.3424575943058926e-16
1948.9010508978479 1.3425691233603028e-16
1994.3427549090043 1.3424852325532488e-16
2040.8440039711966 1.3424665778997698e-16
2088.4295030496014 1.3423802938067334e-16
2137.124533144652 1.3424258379658553e-16
2186.9549647232075 1.3423467121366683e-16
2237.947271462894 1.3425793700667073e-16
2290.1285443169163 1.3422006439821975e-16
2343.5265059068115 1.3425748567412722e-16
2398.169525250793 1.3425313002105994e-16
2454.086632835509 1.3425676504953803e-16
2511.3075360392254 1.3425025665083484e-16
2569.8626349146184 1.3425302770193484e-16
2629.783038339575 1.3424697277357688e-16
2691.100580544569 1.3424536685538833e-16
2753.8478380254037 1.342725659173408e-16
2818.0581468502987 1.3428354014478587e-16
2883.7656203705187 1.3423765101479364e-16
2951.0051673439552 1.3422843195365518e-16
3019.812510481288 1.3425166239128324e-16
3090.2242054245785 1.3426034800796215e-16
3162.2776601683795 1.342666192612091e-16
