0. -4.591861924085573e-6
0.5 0.004050099257212079
1. 0.017081727701093858
1.5 0.034569327204816716
2. 0.055399547949240485
2.5 0.07874023239043293
3. 0.13499339702347624
3.5 0.17351327370134892
4. 0.22536210704873244
4.4 0.2654530075246842
5. 0.3295503075939856
5.5 0.3867723108425297
6. 0.45465713469796687
6.5 0.5224422061622249
7. 0.5899950450063185
7.5 0.6562631206062185
8. 0.7092028793974448
8.5 0.7619004539324751
9. 0.8145706643428058
9.5 0.862007989556738
10. 0.9063739499139417
10.5 0.9427602067271071
10.9 0.9616832292721207
11.5 0.9820317158418705
12. 0.9927447965554204
12.5 0.9922768998399667
13. 0.9788166250953813
13.5 0.9493441154978587
14. 0.8985572761231727
14.5 0.8734733601480439
15. 0.8226615369978727
15.5 0.7673317765830605
16. 0.7104461793520849
16.5 0.645645844108649
17. 0.5872991392136314
17.5 0.5186394864080299
18. 0.44703339650978585
18.5 0.399890797477302
19. 0.34300208797883686
19.5 0.2685205245822572
20. 0.22600036305044735
20.5 0.17219700049141337
21. 0.12618608106471726
21.5 0.07610728531982139
22. 0.061012492715055544
22.5 0.028824435834184266
23. 0.015288262097246812
23.5 0.0038347642083808534
24. -4.591861881278685e-6