0. 1.
0.5 0.9904033436157675
1. 0.9752793441255232
1.5 0.9556824630806856
2. 0.92088169887833
2.5 0.8787832051239186
3. 0.8370662628553478
3.5 0.7848716151458226
4. 0.7363260789115774
4.5 0.6856691241726812
5. 0.6328512011170495
5.5 0.5650246004131845
6. 0.5121512445079435
6.5 0.45152993226642407
7. 0.3970405267060516
7.4 0.35391230921296674
8. 0.298012856949486
8.5 0.25445581561900427
9. 0.21564981713522244
9.5 0.1852086760089556
10. 0.15181715460933512
10.5 0.12453896269065513
11. 0.10890089944253954
11.5 0.10294743297376702
12. 0.08536574137063187
12.5 0.10548599543113717
13. 0.10935979009209802
13.5 0.12554493094724425
14. 0.1448228172452318
14.5 0.18149406818137356
15. 0.20325035539876493
15.5 0.2508002272507876
16. 0.2898347688608868
16.5 0.35000748812142507
17. 0.40197272193645395
17.5 0.4456978898857018
18. 0.5093814181794353
18.5 0.5648738166808597
19. 0.6277424705858555
19.5 0.6848196968770581
20. 0.7410026404889476
20.5 0.7954138980456569
21. 0.8474470102902536
21.5 0.8933379849765336
22. 0.9275309603899106
22.5 0.9558678099554828
23. 0.9833074316622092
23.5 1.000415017246246
24. 0.9999999999999468