0. -4.591861924085573e-6
0.5 0.07041014498507811
1. 0.1470907532574069
1.5 0.23475968650046852
2. 0.302982700832606
2.5 0.3703827526921161
3. 0.43790088418707096
3.5 0.5049824825615238
4. 0.5356324758600758
4.5 0.582774763098808
5. 0.6064130990658474
5.5 0.6161022753941874
6. 0.6273130644803773
6.5 0.6285840241416497
7. 0.6031575818336331
7.5 0.5670932988539306
8. 0.5394758106365234
8.5 0.48748599566693
9. 0.4298262766865223
9.5 0.3671195260656006
10. 0.3056787033245576
10.5 0.2286181219872846
11. 0.15093468233072763
11.5 0.08058595387323206
12. 9.125650364630233e-6
12.5 -0.08058595387452631
13. -0.15093468233145832
13.5 -0.2286181219868856
14. -0.30567870332511987
14.5 -0.367119526065784
15. -0.42982627668625284
15.5 -0.48748599566745754
16. -0.539475810636806
16.5 -0.5670932988521459
17. -0.6031575818340394
17.5 -0.6285840241412022
18. -0.6273130644809095
18.5 -0.6161022753944461
19. -0.6064130990653613
19.5 -0.582774763097843
20. -0.5356324758589689
20.5 -0.5049824825614407
21. -0.437900884185456
21.5 -0.3703827526910328
22. -0.30298270083213225
22.5 -0.23475968649961118
23. -0.1470907532568487
23.5 -0.07041014498573166
24. -4.591862173130118e-6