0. 1.5015465479198329
0.5 1.50158048618603
1. 1.5015140707096715
1.5 1.5009459184661775
2. 1.4994235740071722
2.5 1.4964543729943625
3. 1.4912586501402896
3.5 1.4832631195288244
4. 1.4715129339866484
4.5 1.4556910253854114
5. 1.4354429005135485
5.5 1.4103738011895959
6. 1.3806905457986869
6.5 1.346743422068474
7. 1.3091204949128332
7.5 1.2687867977233407
8. 1.2268028120710706
8.5 1.184627459827156
9. 1.1436740323081829
9.5 1.1055591893525212
10. 1.071825747836644
10.5 1.0438849288858363
11. 1.0229918603470431
11.5 1.0100431440616968
12. 1.0056650970435925
12.5 1.0100541146177877
13. 1.0229852222709797
13.5 1.0439156931782032
14. 1.0718100319874784
14.5 1.105546833325102
15. 1.1436756658013014
15.5 1.1846209364019133
16. 1.2268239204782674
16.5 1.2687417962110874
17. 1.309118235379973
17.5 1.346717487916464
18. 1.3807479719683895
18.5 1.4103366531592596
19. 1.435485107825798
19.5 1.4557111892167425
20. 1.4715245799336651
20.5 1.4832478985150224
21. 1.491040001562012
21.5 1.4964819312555275
22. 1.4994377438921005
22.5 1.5009976169906645
23. 1.5015130515717756
23.5 1.5017055324257336
24. 1.5015465479198356