0. 1.
0.5 1.0039698466993958
1. 1.015706662986609
1.5 1.034754196188911
2. 1.0601725188651527
2.5 1.0910765784466876
3. 1.1261577909764289
3.5 1.1641440587561465
4. 1.2036336526985947
4.5 1.2432947832640726
5. 1.2819137326040824
5.5 1.3184911496020297
6. 1.3521940006736963
6.5 1.382358636364439
7. 1.4086385347594588
7.5 1.4308477828781856
7.8 1.4422407796412855
8.5 1.463524286674234
9. 1.47456580617309
9.5 1.4827318582889144
10. 1.488424346541216
10.5 1.4922849085001433
11. 1.4946473624222925
11.5 1.4959990750697512
12. 1.496283961205696
12.5 1.4960193112214857
13. 1.4946998359372288
13.5 1.4923191066177701
14. 1.4884481209723772
14.5 1.4827486192155817
15. 1.474587739403271
15.5 1.4635153655782085
16. 1.4490831943370943
16.5 1.43094792786307
17. 1.4086260266547326
17.5 1.3823842091824956
18. 1.3521913543631998
18.5 1.3184840385185688
19. 1.2819177700951792
19.5 1.2432372675706245
20. 1.2035985927506265
20.5 1.1641275536584546
21. 1.126122941940929
21.5 1.0910700880328297
22. 1.0601769230622404
22.5 1.0347050770244117
23. 1.0157054728714172
23.5 1.0035228370516305
24. 1.0000000000000004