0. 1.5015465479198329
0.5 1.4978816535701018
1. 1.4870435748887265
1.5 1.469691862817444
2. 1.4469625122346397
2.5 1.4206523940979463
3. 1.3922102306094382
3.5 1.3636897313646803
4. 1.3369886524374976
4.5 1.3139102570055887
5. 1.2961907114554307
5.5 1.2850828634841611
6. 1.281250778254397
6.5 1.2850460517344258
7. 1.2962947565274066
7.5 1.3139058433534048
8. 1.3369202537431357
8.5 1.3636166774641607
9. 1.3921812555185655
9.5 1.4206638129495328
10. 1.4470438031075106
10.5 1.4696610624061202
11. 1.487026281254555
11.5 1.4979541193217554
12. 1.501622987082186
12.5 1.4979541193217556
13. 1.4870262812545556
13.5 1.4696610624061182
14. 1.4470438031075108
14.5 1.4206638129495306
15. 1.3921812555185638
15.5 1.3636166774641607
16. 1.3369202537431362
16.5 1.3139058433534052
17. 1.296294756527407
17.5 1.2850460517344242
18. 1.2812507782543974
18.5 1.2850828634841616
19. 1.2961907114554307
19.5 1.313910257005588
20. 1.3369886524374959
20.5 1.36368973136468
21. 1.3922102306094382
21.5 1.420652394097946
22. 1.4469625122346408
22.5 1.4696918628174462
23. 1.4870435748887252
23.5 1.4978816535701025
24. 1.5015465479198329