-3.5 0.
-3.4 0.
-3.3 -25.793284100759116
-3.1999999999999997 -27.035889618486646
-3.0999999999999996 -27.690411748770778
-3. -28.132571062299384
-3. -28.132571062299384
-2.9 -28.453658540829224
-2.8 -28.69901785156547
-2.6999999999999997 -28.8967571848798
-2.5999999999999996 -29.063761440550195
-2.5 -29.210524116286223
-2. -29.8077451886678
-1.5 -30.330866793796716
-1. -30.837439550161985
-0.5 -31.339444805826524
0. -31.840071620152866
0.5 -32.34026910655262
1. -32.84033148428574
1.5 -33.34035120256277
2. -33.84035743730001