-0.2779187416998666 -35.241426415549924
-0.27537226095617484 -35.32800676083545
-0.2718708499335984 -35.41108156120109
-0.2728257802124827 -35.49700048291682
-0.2702792994687911 -35.58450682120005
-0.2667778884462146 -35.66930132284714
-0.26773281872509885 -35.75350054328142
-0.2651863379814072 -35.83961789206809
-0.26237942170711026 -35.94825370693535
-0.2591384462151387 -36.07497444565174
-0.2568041722000878 -36.20399613666546
-0.25265649523119604 -36.32706902417877
-0.25073505976095595 -36.44549511046722
-0.2481885790172638 -36.557355064590126
-0.24564209827357208 -36.66699263551853
-0.24309561752987996 -36.77477822045153
-0.2405491367861883 -36.88182301098636
-0.2370689464364757 -36.988620870055136
-0.2345224656927836 -37.09109742846795
-0.23197598494909188 -37.192339329550485
-0.22908997343957435 -37.29666787395871
-0.2260341965471442 -37.40334226729446
-0.22207300427917875 -37.50470763411003
-0.21896063892577763 -37.605949535192565
-0.2171215139442224 -37.69993782445974
-0.2145750332005307 -37.786518169745264
-0.2120285524568386 -37.86985753953881
-0.20948207171314695 -37.9508819268381
-0.2036817544636262 -38.04919151676124
-0.20254998524420786 -38.144260131192404
-0.19955079681274812 -38.24229192321623
-0.19385593987685512 -38.355835500971324
-0.19191135458167266 -38.45897428467946
-0.1845069721115529 -38.5823735361584
-0.17977312970340795 -38.71930178276792
-0.17441008692502669 -38.840045657590025
-0.170966550464807 -38.934749486900884
-0.16406983178397463 -39.0421646746348
-0.1590617529880474 -39.16087697694072
-0.1539687915006636 -39.26310660388748
-0.14887583001327978 -39.36052106724617
-0.1425096281540501 -39.45460195581311
-0.13520971668879958 -39.555473459696564
-0.13054116865869814 -39.643597126644934
-0.12587262062859622 -39.72667927616135
-0.11717214475431614 -39.824320093363916
-0.10804725542275315 -39.93080928810012
-0.10040781319167727 -40.02093927321019
-0.09276837096060171 -40.106953733886
-0.08394057104913608 -40.1916923819872
-0.07681042496679914 -40.27429095738259
-0.06658532536520537 -40.36540866835688
-0.05516533864541806 -40.45726717372933
-0.04155581378190922 -40.55431123988893
-0.03122841965471368 -40.642743571169866
-0.021042496679946066 -40.7233049619703
-0.010856573705178469 -40.802014366775325
-0.0005291795779833597 -40.88067232752492
0.01310349511046828 -40.969156102861284
0.026067397078354027 -41.056940239043826
0.03879980079681332 -41.13805722564288
0.05268969576240545 -41.217995675699406
0.06565359773029164 -41.29914633477111
0.08111055776892465 -41.376023180007245
0.09834827357237819 -41.46121453579621
0.11519422310757044 -41.54433003915076
0.13335911907923934 -41.62772232282989
0.15339143426294877 -41.71133949052276
0.17358138873079149 -41.787204773977685
0.19770019920318793 -41.86218374984909
0.2234196547144762 -41.94515272244356
0.24888446215139526 -42.02293613425088
0.27562250996016013 -42.10526532986511
0.30363379814077085 -42.181028393313795
0.33164508632138157 -42.254097658950975
0.35965637450199267 -42.32110587951225
0.38766766268260344 -42.38407340335627
0.4156789508632146 -42.44333695520947
0.4436902390438253 -42.498896535071836
0.47170152722443603 -42.55243576657557
0.4997128154050472 -42.604291374447115
0.5277241035856584 -42.65378990923359
0.5557353917662686 -42.70025792148212
0.5837466799468798 -42.74706265845708
0.611757968127491 -42.791173597620535
0.6397692563081012 -42.834274362604674
0.6677805444887124 -42.87468132977731
0.6957918326693235 -42.91576174640282
0.7238031208499338 -42.955495264122575
0.751814409030545 -42.99354515821013
0.7798256972111561 -43.03058487811838
0.8078369853917673 -43.06728787330019
0.8358482735723776 -43.10331741902912
0.8638595617529887 -43.138000065852296
0.8918708499335999 -43.17234598794903
0.9198821381142102 -43.20568173586645
0.9478934262948213 -43.23935420851031
0.9759047144754325 -43.271343057521975
1.0039160026560427 -43.30333190653364
1.031927290836654 -43.334647306092435
1.059938579017265 -43.365289256198345
1.0879498671978762 -43.3945843073985
1.1159611553784865 -43.42387935859866
1.1439724435590977 -43.45620493233677
1.1719837317397088 -43.488193781348436
1.199995019920319 -43.51816228200147
1.2280063081009303 -43.54745733320163
1.2560175962815414 -43.57809928330754
1.2840288844621517 -43.60773105923414
1.3120401726427628 -43.63837300934005
1.340051460823374 -43.668341509993084
1.3680627490039843 -43.69864673537256
1.3960740371845954 -43.728951960752035
1.4240853253652066 -43.75858373667863
1.4520966135458178 -43.78922568678454
1.480107901726428 -43.82054108634333
1.5081191899070392 -43.852193210628556
1.5361304780876504 -43.88350861018735
1.5641417662682606 -43.91381383556683
-0.2799999999999994 -35.11636363636364
-0.2799999999999994 -35.014545454545456
1.6100000000000012 -43.96