-1.9423622177954842 -35.29130376565364
-1.9168974103585652 -35.36792734784767
-1.895252324037184 -35.443292889049864
-1.8722182482192438 -35.51892968072613
-1.8543671609856864 -35.59016566729714
-1.8303170650730405 -35.67700323285981
-1.8061254980079675 -35.75100036218761
-1.7793874501992026 -35.833496049472146
-1.760147373469086 -35.902533971856684
-1.7348240371845944 -35.9813874200169
-1.7137448354729223 -36.055219928367336
-1.6889873837981402 -36.1336206688398
-1.6649916998671974 -36.20977143853638
-1.6387853348510715 -36.296463151722115
-1.6125929614873833 -36.3869723530122
-1.58840139442231 -36.46471460957517
-1.5642098273572371 -36.53994639623325
-1.538745019920318 -36.61995219123506
-1.5132802124833993 -36.703291561028614
-1.4898525896414334 -36.784038150428586
-1.4647151868715609 -36.86844335706032
-1.4454346898121795 -36.92804706960655
-1.4287566401062408 -36.98938065918146
-1.4050547808764935 -37.0680357933346
-1.3860410579902607 -37.11167505063919
-1.362825641876936 -37.200055937864704
-1.350421194011831 -37.264286179432865
-1.3040443780433817 -37.41659425597274
-1.2790039840637446 -37.51779500181094
-1.2567222775564404 -37.60348022053201
-1.2324932622451366 -37.69658790861509
-1.2073674599846225 -37.76743900073738
-1.185420816733067 -37.85769616483561
-1.1705826693227084 -37.92506096824822
-1.147496442800227 -38.00280367706662
-1.124578116107 -38.07917605192505
-1.1016597894137732 -38.165778444662905
-1.0801238379814069 -38.23132816612338
-1.055991035856573 -38.325089943257275
-1.0285673970783527 -38.39164747072317
-1.0083914342629479 -38.46641072075335
-0.9865059459133159 -38.55596223005133
-0.967060092961487 -38.58710084912874
-0.9553462815405038 -38.66195194977665
-0.9372662682602915 -38.728993842810574
-0.912310756972111 -38.799369310636244
-0.8873552456839304 -38.87428831743732
-0.8652008632138108 -38.957562587117096
-0.838462815405046 -39.04383146203067
-0.8129980079681269 -39.126430037426054
-0.7868056346044385 -39.20207043686725
-0.7616439796370069 -39.27584826753592
-0.7366035856573698 -39.37237377761681
-0.7111387782204508 -39.45386116141495
-0.6871291026370705 -39.51746365188596
-0.6602091633466127 -39.61609513461306
-0.6347443559096941 -39.69684172401304
-0.6080063081009284 -39.77153849249467
-0.5838147410358561 -39.85685331401666
-0.558349933598937 -39.93685910901847
-0.532885126162018 -40.01760569841845
-0.507420318725099 -40.097241096221175
-0.48195551128818 -40.17613569962574
-0.45521746347941505 -40.257993480622964
-0.429752656042496 -40.34453173531768
-0.40301460823373114 -40.43652493058071
-0.3775498007968121 -40.52060509477243
-0.35533882986572163 -40.59917045622225
-0.33171314741035784 -40.682468670771456
-0.3121651628778994 -40.77262770664224
-0.29014559409421103 -40.85455085185106
-0.2693243691899064 -40.93535735844501
-0.24895252324037112 -41.014298261499455
-0.22858067729083584 -41.09300766630448
-0.20775945238653157 -41.1752712501154
-0.18529050464807373 -41.260123680362724
-0.16269048804780797 -41.34140528793915
-0.1420003320053116 -41.41839499146272
-0.1187182223486998 -41.49935323640503
-0.09635956175298734 -41.57660750935651
-0.07265770252323955 -41.65923457684414
-0.04650730411686511 -41.73365592176748
-0.021042496679946066 -41.81440251116745
0.005695551128818791 -41.89514910056743
0.03370683930942957 -41.97629975963913
0.06171812749004021 -42.05441989617289
0.08972941567065144 -42.12917278544225
0.11774070385126209 -42.202915500532306
0.14575199203187328 -42.2753113167166
0.173763280212484 -42.34467661036295
0.20050132802124887 -42.4003708801159
-1.3299999999999996 -37.32727272727273